0 0 0.9092785394753674
0 1 0.7999213029494285
0 2 0.8399028897056344
0 3 0.6319745501044818
0 4 0.7741358760429082
1 0 0.7642628896121155
1 1 0.9021473882519171
1 2 0.8432196339434276
1 3 0.7803234974211432
1 4 1.2433460076045628
2 0 0.7273013267678841
2 1 0.9286429512516469
2 2 0.8758484072821059
2 3 0.7372063246890497
2 4 0.937910314899299
3 0 0.6319494195630552
3 1 0.8471786514565085
3 2 0.7871747535616009
3 3 0.8421214084593454
3 4 8.515151515151516
4 0 0.7232251471947837
4 1 0.9983136593591906
4 2 0.7514600731401124
4 3 0.823351697174338
4 4 0.8578394690179109
