0 0 0.9888997297946309
0 1 0.9672959805115713
0 2 1.0653719218075655
0 3 0.9850619669195608
0 4 0.8263888888888888
1 0 1.0152353785703492
1 1 0.9980651917001685
1 2 1.0442135157813206
1 3 1.0055160648279784
1 4 1.5480153649167734
2 0 1.0169034449519176
2 1 1.0024121903865388
2 2 0.9839857942011144
2 3 0.9994756443524208
2 4 9.651998692952837
3 0 1.0460415711447348
3 1 0.9940438588575038
3 2 1.0216500099718573
3 3 0.9705763410851335
3 4 1.4884751773049645
4 0 0.9832062376831463
4 1 1.0652646845540246
4 2 1.045352545175387
4 3 1.1012316010814058
4 4 0.9598707857500342
