0 0 1.069143535169667
0 1 1.0993327233368297
0 2 1.046261454690336
0 3 1.057665470494418
0 4 1.165205664194201
1 0 1.0621614029455435
1 1 1.0812990217678682
1 2 1.0835781228143797
1 3 1.0856278552907765
1 4 1.0358090185676392
2 0 1.0718441347584902
2 1 1.057158850603309
2 2 1.0988627521398215
2 3 1.1043191637837597
2 4 1.3444135305315565
3 0 1.0594235751295338
3 1 1.090488608965212
3 2 1.099625960987853
3 3 1.0953955494976908
3 4 1.1069676153091266
4 0 1.1088836104513065
4 1 0.9683988764044944
4 2 1.078186680249586
4 3 1.011546642357946
4 4 1.062788617296487
