0 0 0.6367123107819634
0 1 0.8546988550790332
0 2 0.7186788154897494
0 3 0.6706758424498505
0 4 0.6104037831938887
1 0 0.6301287777281525
1 1 0.7950464497723441
1 2 0.8003462396377801
1 3 0.6959101452814064
1 4 0.6348823174411587
2 0 0.5187019326276358
2 1 0.8031406078049607
2 2 0.7499123243428404
2 3 0.7215985334555454
2 4 0.5364732569245463
3 0 0.5328720107930202
3 1 0.8096918915352642
3 2 0.7411069234343539
3 3 0.7233852123070509
3 4 0.7831943553559975
4 0 0.5948018870654974
4 1 0.7771952817824378
4 2 0.7516924465597177
4 3 0.6788514899264085
4 4 0.647342537305574
