0 0 0.9674071809104915
0 1 1.0700159589448321
0 2 0.9344021013065236
0 3 1.0605159830519755
0 4 1.104903536977492
1 0 0.9739723047922859
1 1 1.048102796562982
1 2 0.9178609625668449
1 3 0.9680659953670874
1 4 0.9522988505747126
2 0 0.8756900156253398
2 1 0.9456452129362792
2 2 1.0314031809360147
2 3 0.9688683333688556
2 4 0.923534924747781
3 0 0.92520935208872
3 1 0.966275659824047
3 2 0.9580728731922366
3 3 1.0349568441755297
3 4 0.90324449594438
4 0 0.8175816374822528
4 1 0.917434869739479
4 2 0.9262545841488209
4 3 0.9854951848769469
4 4 0.9754491571562112
