0 0 1.0465445953927939
0 1 1.1573800079749836
0 2 1.1308630207712778
0 3 1.2152698048220436
0 4 1.3473389355742298
1 0 0.10647997394985347
1 1 1.08137509874757
1 2 1.2295710223760663
1 3 1.0777626965275422
1 4 0.946236559139785
2 0 1.0842972408734413
2 1 1.0540556403333725
2 2 1.0744232305730697
2 3 1.0626462912642256
2 4 0.1208598995655363
3 0 1.0575178677965689
3 1 1.0288243304584657
3 2 1.113872982821447
3 3 1.0850701916649115
3 4 0.9526503871351996
4 0 1.0880174291938998
4 1 1.0884955752212389
4 2 1.064324181825029
4 3 0.9950900163666121
4 4 1.11858084087785
