0 0 0.9025112507429736
0 1 0.9111437410010407
0 2 0.8894147500704878
0 3 0.8691435622565843
0 4 0.7306901615271659
1 0 0.9020810715360166
1 1 0.9095003848341867
1 2 0.9118392822313244
1 3 0.8711391153941191
1 4 0.9586776859504132
2 0 0.8981270942200225
2 1 0.891553366877208
2 2 0.9555565635124824
2 3 0.9179524970979144
2 4 0.9084944405489331
3 0 0.9024888432233027
3 1 0.933662688610458
3 2 0.9681654105632411
3 3 0.948869256970483
3 4 0.9183293429103485
4 0 1.2257802529295743
4 1 0.9526536846124475
4 2 0.9760743364801454
4 3 0.9450561797752809
4 4 1.00
