0 0 0.9487015195567502
0 1 0.949423679972879
0 2 0.9092702169625246
0 3 0.9892515531012721
0 4 0.8775147928994083
1 0 0.8521792657695398
1 1 0.8521049504045345
1 2 0.7826800963433326
1 3 0.8688515796813817
1 4 0.6511226252158895
2 0 0.9013114863142024
2 1 0.8499233493682931
2 2 0.8928956355519293
2 3 0.9495284149384613
2 4 0.8162801816877839
3 0 0.9517156359153482
3 1 0.9126139476402173
3 2 0.9541840079983259
3 3 0.9158354872110377
3 4 1.00
4 0 0.8968896463570516
4 1 0.8588661037394452
4 2 0.8824917590650284
4 3 0.8561394380853278
4 4 0.9390708509102137
