0 22161
1 86731
2 58578
3 3357
4 7534
5 3156
6 7788
7 64711
8 33532
9 53844
10 25399
11 29838
12 33666
13 57048
14 17423
15 5458
16 45294
17 46868
18 33814
19 65597
20 64044
21 101039
22 36735
23 64138
24 48250
25 82120
26 29311
27 60681
28 61540
29 58067
30 42064
31 36753
32 25852
33 18667
34 21476
35 26706
36 45261
37 12508
38 34746
39 5788
40 27945
41 64814
42 8616
43 5574
44 42973
45 20945
46 28924
47 45895
48 45050
49 60072
50 15193
51 29393
52 35158
53 27376
54 63850
55 92181
56 50168
57 83518
58 86620
59 41272
60 43849
61 95859
62 78388
63 87735
64 52452
65 63451
66 54543
67 82676
68 73701
69 4806
70 45417
71 73791
72 106572
73 83894
74 72193
75 16545
76 24570
77 73025
78 63558
79 13602
80 43668
81 14881
82 27462
83 36542
84 41300
85 29269
86 39095
87 41553
88 3770
89 55334
90 82053
91 86123
92 45127
93 90227
94 102541
95 103704
96 74325
97 67826
98 100523
99 92658
100 69935
101 95689
102 69196
103 58537
104 38817
105 82970
106 105780
107 109296
108 86046
109 38987
110 85760
111 50936
112 61641
113 110668
114 44899
115 86382
116 95369
117 36462
118 30920
119 73638
120 94896
121 84783
122 101408
123 54706
124 53066
125 14309
126 58467
127 91846
128 25515
129 41934
130 40209
131 20111
132 30634
133 18983
134 7432
135 36791
136 45485
137 14501
138 45328
139 121524
140 42083
141 42268
142 72163
143 109195
144 46773
145 74038
146 96843
147 37990
148 37365
149 107229
150 19867
151 37575
152 41779
153 27952
154 20895
155 27060
156 31374
157 39513
158 51103
159 47849
160 42430
161 32820
162 32251
163 18803
164 25357
165 20712
166 27071
167 65764
168 35590
169 64126
170 58474
171 19464
172 66758
173 20434
174 12891
175 21882
176 4354
