1 2 9 0 0 
2 2 12 0 0 
3 1 25 0 0 
4 7 31 0 1 
5 13 46 2 3 
6 9 90 9 4 
7 35 122 23 6 
8 60 205 31 23 
9 104 356 62 60 
10 191 521 130 117 
11 359 920 233 237 
12 634 1465 433 454 
13 1215 2475 817 886 
14 2192 4015 1611 1623 
15 3804 6577 2976 2983 
16 6637 11078 5787 5671 
17 11673 18250 10474 10135 
18 19643 28786 19009 18180 
19 33262 44132 33928 31769 
20 53023 63375 57552 54327 
21 77948 82968 92900 85811 
22 102049 95062 135987 124211 
23 115005 93053 173932 154838 
24 107007 76680 183819 160617 
25 83172 54697 159674 135905 
26 56596 35943 115719 98309 
27 35877 22956 75863 63616 
28 22579 14513 47397 39965 
29 14359 9593 29515 24598 
30 9532 6373 18887 16032 
31 6135 4173 12451 10544 
32 4190 2953 8438 7229 
33 3024 2074 5791 4987 
34 2174 1535 3984 3455 
35 1517 1084 2858 2355 
36 1117 753 2030 1678 
37 781 576 1498 1298 
38 555 430 1035 859 
39 393 309 672 690 
40 302 227 517 477 
41 242 173 389 336 
42 141 150 300 244 
43 130 105 237 175 
44 72 74 171 140 
45 55 46 103 92 
46 43 25 95 83 
47 37 33 66 61 
48 30 17 50 55 
49 17 17 21 26 
50 19 18 14 19 
51 10 10 8 13 
52 12 11 14 10 
53 6 6 7 8 
54 4 5 9 6 
55 3 6 3 4 
56 5 5 1 5 
57 2 5 1 1 
58 3 5 2 5 
59 1 4 1 2 
60 3 5 3 0 
61 3 4 1 1 
62 2 4 0 0 
63 1 4 0 2 
64 1 4 0 0 
65 1 4 0 0 
66 1 4 1 0 
67 1 4 0 0 
68 1 4 0 0 
69 1 4 0 0 
70 1 4 0 1 
71 1 4 0 0 
72 1 4 0 0 
73 1 4 0 0 
