Number of steps in the simulations (100 per borough's network)

419
408
388
439
530
446
465
419
443
403
492
9 simulazione 88
432
458
434
404
437
450
13 simulazione 81
414
458
395
397
412
45 simulazione 75
434
538
401
7 simulazione 71
453 
375
16 simulazione 68
443
402
476
443
479
474
502
425
410
494
43 simulazione 57 
408
407
429
545
24 simulazione 52
392 
442
396
438
36 simulazione 47
442
450
389
455
474
399
42 simulazione 40
463
417
458
430
428
423
419
427
418
433
20 simulazione 29
400
71 simulazione 27
416
395
438
408
418
420
444
435
410
418
22 simulazione 16
10 simulazione 15
406
382
431
465
410
538
410
432
451
6 simulazione 5
382
551
27 simulazione 2
438 
405
