1 0 3 0 0 0 
2 0 3 0 2 0 
3 0 0 0 1 0 
4 0 1 0 0 0 
5 0 0 1 0 0 
6 0 2 1 3 0 
7 2 1 1 0 0 
8 1 2 2 0 0 
9 1 2 1 0 0 
10 1 2 0 0 0 
11 0 3 0 0 0 
12 0 4 0 0 0 
13 0 6 0 0 0 
14 1 2 0 0 0 
15 0 2 0 0 0 
16 0 5 0 0 0 
17 0 5 0 0 0 
18 0 1 0 1 0 
19 0 1 0 1 0 
20 1 3 0 1 0 
21 0 0 0 1 0 
22 0 3 0 0 0 
23 0 4 0 0 0 
24 0 3 1 0 0 
25 0 0 0 0 0 
26 0 3 0 0 0 
27 0 1 0 0 0 
28 0 3 0 0 0 
29 0 1 0 0 0 
30 0 4 0 0 0 
31 0 4 0 0 0 
32 0 2 0 0 0 
33 0 0 0 0 0 
34 0 2 0 0 0 
35 0 2 0 0 0 
36 1 2 1 0 0 
37 0 2 0 0 0 
38 0 1 0 0 0 
39 0 2 0 0 0 
40 0 2 0 1 0 
41 0 3 0 2 0 
42 0 1 0 1 0 
43 0 4 0 0 0 
44 0 3 1 0 0 
45 2 7 0 0 0 
46 1 3 1 0 0 
47 2 6 0 1 0 
48 0 4 1 3 0 
49 1 5 2 2 0 
50 2 8 6 5 0 
51 2 0 7 7 0 
52 1 5 2 2 0 
53 2 4 6 1 0 
54 1 5 7 1 0 
55 1 3 7 2 1 
56 3 2 10 2 0 
57 5 5 14 4 0 
58 2 4 3 3 0 
59 1 10 6 5 0 
60 1 13 6 0 0 
61 4 17 4 3 0 
62 6 13 6 4 0 
63 2 12 2 2 0 
64 1 16 3 2 0 
65 2 10 6 1 0 
66 2 13 3 2 0 
67 3 10 4 1 0 
68 3 11 5 2 0 
69 2 13 7 2 0 
70 1 17 3 4 0 
71 2 24 4 1 0 
72 1 17 10 7 0 
73 4 22 7 4 2 
74 5 23 2 5 2 
75 7 31 5 11 0 
76 9 26 9 7 1 
77 6 29 6 8 0 
78 6 21 5 12 0 
79 5 39 6 7 1 
80 2 26 7 19 2 
81 8 34 12 12 0 
82 5 35 12 11 1 
83 4 45 10 26 1 
84 5 39 6 16 2 
85 9 41 14 14 2 
86 9 45 12 9 3 
87 7 50 5 21 1 
88 7 50 17 26 2 
89 6 62 19 18 11 
90 7 59 23 12 3 
91 12 39 22 21 6 
92 9 58 15 27 5 
93 9 63 14 23 3 
94 10 59 26 23 5 
95 13 75 25 27 15 
96 11 78 28 25 7 
97 23 81 26 40 15 
98 12 65 28 30 9 
99 9 89 30 25 8 
100 8 99 32 48 9 
101 11 81 25 44 17 
102 11 90 40 47 10 
103 13 92 27 47 11 
104 17 102 28 50 12 
105 16 92 36 38 13 
106 13 121 42 78 7 
107 14 105 39 69 9 
108 26 121 49 73 8 
109 26 135 58 74 6 
110 27 157 52 74 10 
111 19 132 47 87 12 
112 26 133 58 86 12 
113 43 141 75 87 10 
114 44 172 66 85 8 
115 33 183 52 101 15 
116 37 205 64 101 7 
117 38 196 76 99 9 
118 37 194 62 94 14 
119 37 221 97 118 11 
120 35 247 79 119 10 
121 49 212 129 113 9 
122 58 218 111 109 14 
123 50 250 102 112 12 
124 51 253 105 129 14 
125 40 259 96 159 17 
126 49 280 112 168 11 
127 65 285 127 151 19 
128 52 344 136 167 15 
129 64 320 172 182 22 
130 61 380 151 204 23 
131 74 368 141 164 34 
132 81 403 153 217 24 
133 66 385 162 236 22 
134 100 405 152 248 34 
135 102 439 176 279 32 
136 93 481 171 280 34 
137 101 502 195 245 36 
138 91 512 221 310 43 
139 107 548 230 309 43 
140 111 565 237 334 62 
141 110 576 294 356 64 
142 128 636 307 372 48 
143 121 635 332 396 53 
144 108 733 341 376 60 
145 135 737 418 373 74 
146 166 807 415 448 66 
147 157 842 397 490 70 
148 180 876 472 513 63 
149 178 923 511 549 80 
150 193 1005 515 619 95 
151 188 1023 523 588 95 
152 217 1017 530 632 90 
153 223 1059 569 670 113 
154 244 1119 601 681 105 
155 268 1216 698 733 134 
156 273 1204 700 759 131 
157 295 1262 719 726 110 
158 294 1329 795 801 118 
159 291 1391 844 845 125 
160 327 1389 812 900 134 
161 343 1474 877 946 144 
162 326 1462 905 976 134 
163 348 1604 919 1041 147 
164 355 1676 977 1120 165 
165 380 1757 957 1084 177 
166 406 1812 1092 1146 159 
167 431 1829 1112 1178 176 
168 421 1928 1090 1310 174 
169 438 2072 1129 1315 189 
170 473 2092 1255 1361 205 
171 500 2180 1341 1451 227 
172 523 2258 1361 1483 231 
173 527 2362 1398 1524 240 
174 516 2471 1475 1622 245 
175 568 2459 1548 1644 256 
176 567 2492 1673 1765 280 
177 664 2605 1710 1817 245 
178 636 2771 1854 2001 253 
179 687 2781 1823 2061 270 
180 726 2926 1919 2141 317 
181 717 2973 2004 2267 259 
182 770 3123 2062 2422 313 
183 725 3162 2192 2369 334 
184 841 3308 2262 2539 315 
185 829 3280 2319 2655 357 
186 859 3360 2333 2746 341 
187 865 3355 2435 2750 422 
188 918 3596 2563 2885 390 
189 894 3629 2680 3049 429 
190 971 3648 2701 3091 468 
191 1007 3814 2810 3240 488 
192 1078 4011 2922 3333 484 
193 1105 3972 3036 3434 478 
194 1120 4071 3121 3646 525 
195 1242 4160 3281 3698 516 
196 1196 4146 3406 3753 601 
197 1250 4123 3525 3903 577 
198 1231 4200 3459 4035 628 
199 1341 4094 3618 4088 653 
200 1345 4190 3801 4307 683 
201 1357 4213 3993 4273 670 
202 1434 4189 4089 4330 725 
203 1466 4284 4144 4342 745 
204 1498 4282 4154 4502 812 
205 1495 4315 4482 4683 774 
206 1508 4299 4358 4681 778 
207 1525 4137 4694 4785 835 
208 1534 4208 4654 4823 844 
209 1566 4261 4650 4833 862 
210 1639 4176 4609 4994 867 
211 1605 4172 4599 5151 905 
212 1626 4208 4891 5153 871 
213 1577 4142 4862 5174 898 
214 1644 4004 4806 5148 917 
215 1660 4089 4929 5216 993 
216 1643 3968 4993 5355 922 
217 1651 3901 4840 5323 899 
218 1614 3860 4903 5327 871 
219 1595 3730 4935 5382 921 
220 1661 3831 5113 5300 936 
221 1674 3670 4983 5359 966 
222 1652 3679 5126 5305 949 
223 1705 3527 5025 5276 967 
224 1627 3491 4986 5310 994 
225 1661 3337 5112 5301 982 
226 1734 3325 5091 5133 1027 
227 1644 3200 4972 5097 1049 
228 1550 3122 5119 5026 1015 
229 1593 3080 4955 4975 968 
230 1621 3010 4980 4986 952 
231 1568 2802 4907 4779 1002 
232 1535 2962 4850 4865 913 
233 1542 2746 4728 4733 953 
234 1551 2642 4652 4493 910 
235 1534 2514 4689 4508 940 
236 1550 2492 4606 4455 950 
237 1507 2400 4575 4470 884 
238 1455 2373 4552 4404 910 
239 1495 2346 4399 4278 877 
240 1433 2312 4262 4116 892 
241 1461 2180 4392 4037 886 
242 1332 2129 4317 3916 857 
243 1343 2003 4242 3934 883 
244 1391 1969 4056 3815 839 
245 1347 1860 3960 3638 772 
246 1277 1830 3929 3447 811 
247 1249 1786 3913 3423 799 
248 1228 1802 3742 3343 813 
249 1164 1693 3601 3311 762 
250 1129 1685 3484 3239 723 
251 1123 1574 3391 3153 730 
252 1088 1533 3389 2998 746 
253 1073 1389 3360 2971 654 
254 1032 1411 3167 2789 676 
255 980 1359 3181 2784 626 
256 981 1340 3031 2750 649 
257 976 1239 3023 2607 631 
258 908 1198 2886 2620 577 
259 858 1110 2881 2433 589 
260 877 1152 2793 2333 567 
261 830 1051 2792 2345 587 
262 795 1039 2718 2255 546 
263 736 1031 2652 2257 555 
264 772 954 2538 2054 535 
265 701 933 2452 1977 500 
266 729 940 2294 1946 529 
267 661 843 2363 1832 500 
268 590 882 2224 1723 422 
269 623 814 2137 1808 450 
270 578 770 2034 1712 440 
271 619 760 1928 1704 427 
272 616 705 1957 1569 372 
273 578 717 1937 1523 361 
274 521 660 1887 1473 337 
275 517 629 1766 1451 340 
276 525 638 1722 1410 356 
277 531 587 1662 1395 303 
278 480 574 1583 1303 335 
279 512 475 1579 1278 322 
280 463 513 1498 1134 282 
281 444 489 1367 1111 254 
282 415 475 1346 1132 238 
283 396 486 1367 1085 253 
284 400 467 1263 1059 233 
285 406 419 1220 924 219 
286 364 431 1175 918 198 
287 370 426 1173 920 191 
288 336 407 1079 892 209 
289 310 410 1037 808 191 
290 355 358 990 791 181 
291 310 367 969 792 178 
292 274 362 924 781 209 
293 277 308 902 765 181 
294 289 316 874 706 163 
295 265 308 815 644 157 
296 248 289 791 645 168 
297 231 264 791 587 135 
298 190 297 747 595 149 
299 210 233 717 550 136 
300 182 265 673 514 120 
301 191 226 647 537 138 
302 184 211 606 500 121 
303 170 214 512 462 114 
304 148 205 576 396 100 
305 178 191 486 439 96 
306 157 186 470 394 92 
307 150 178 488 360 96 
308 155 137 444 386 97 
309 131 139 468 346 111 
310 126 151 470 334 91 
311 127 159 423 300 87 
312 110 126 386 311 86 
313 116 116 351 260 70 
314 137 120 328 286 79 
315 79 109 358 245 64 
316 99 131 366 261 56 
317 103 112 326 241 54 
318 104 103 289 220 60 
319 84 85 289 224 72 
320 69 91 250 218 64 
321 80 109 264 198 61 
322 91 79 235 170 45 
323 70 82 258 166 40 
324 74 83 242 172 54 
325 76 70 222 157 35 
326 67 73 195 167 29 
327 62 46 202 160 28 
328 60 54 179 156 22 
329 52 70 185 156 29 
330 63 71 176 131 25 
331 51 54 185 136 22 
332 63 40 170 145 24 
333 55 47 159 118 18 
334 45 49 128 131 22 
335 44 48 139 115 11 
336 40 39 144 104 16 
337 35 43 109 126 18 
338 39 47 120 106 18 
339 27 60 140 108 22 
340 24 48 107 94 18 
341 45 42 89 75 8 
342 29 36 106 90 13 
343 34 41 77 83 10 
344 31 29 86 93 13 
345 25 36 84 61 18 
346 26 30 85 72 9 
347 26 34 88 80 13 
348 31 24 75 58 19 
349 19 41 66 67 11 
350 22 31 69 53 21 
351 14 32 54 50 12 
352 20 34 64 48 13 
353 24 20 42 39 12 
354 13 30 42 33 13 
355 9 19 45 34 13 
356 14 20 46 42 18 
357 12 19 32 39 10 
358 14 17 32 30 10 
359 10 26 48 37 12 
360 10 23 26 38 7 
361 10 22 33 39 4 
362 7 23 38 39 5 
363 6 19 26 26 9 
364 5 17 40 25 6 
365 3 18 26 23 6 
366 7 17 24 25 5 
367 4 17 25 20 6 
368 8 15 30 30 7 
369 7 15 25 16 2 
370 6 19 25 16 2 
371 2 18 23 19 2 
372 4 13 26 15 0 
373 4 8 29 15 1 
374 2 15 25 17 3 
375 7 20 22 19 2 
376 4 9 26 13 3 
377 1 6 25 13 3 
378 3 11 23 16 0 
379 8 6 24 17 0 
380 4 3 19 11 0 
381 6 3 13 11 1 
382 4 7 9 10 0 
383 1 5 23 12 1 
384 2 3 12 7 0 
385 3 1 12 6 0 
386 9 3 14 8 0 
387 6 0 19 9 0 
388 4 7 11 4 0 
389 9 4 13 14 0 
390 5 1 7 7 0 
391 1 4 13 8 0 
392 5 2 10 8 0 
393 6 1 10 4 0 
394 5 3 14 9 0 
395 8 4 12 7 1 
396 5 9 11 4 1 
397 2 3 5 12 1 
398 7 6 10 3 0 
399 8 3 6 6 0 
400 6 3 12 6 3 
401 4 5 12 4 1 
402 8 4 10 5 3 
403 3 2 4 3 3 
404 1 4 5 6 1 
405 2 3 5 3 1 
406 4 1 5 2 0 
407 4 5 3 2 0 
408 5 6 2 3 0 
409 0 2 6 1 0 
410 2 10 0 1 1 
411 3 6 4 2 1 
412 6 7 9 1 1 
413 2 9 4 2 1 
414 1 5 10 5 0 
415 3 2 7 2 2 
416 2 5 7 6 2 
417 0 7 9 3 2 
418 1 5 10 2 0 
419 1 5 6 6 2 
420 0 5 7 4 2 
421 0 1 3 3 0 
422 2 5 3 2 2 
423 0 4 4 3 0 
424 0 0 4 3 0 
425 0 2 6 1 0 
426 2 1 2 1 0 
427 0 4 3 2 0 
428 0 1 5 2 0 
429 0 2 5 1 0 
430 0 0 2 2 0 
431 0 0 2 0 0 
432 0 0 4 0 0 
433 0 1 3 1 0 
434 1 2 4 0 0 
435 0 3 6 0 0 
436 0 2 6 0 0 
437 0 1 1 0 0 
438 0 2 1 0 0 
439 0 2 2 0 0 
440 0 1 0 0 0 
441 0 5 0 0 0 
442 2 1 0 0 0 
443 0 3 0 1 0 
444 0 0 1 0 0 
445 3 2 1 0 0 
446 0 3 0 2 0 
447 0 3 1 0 0 
448 0 5 4 0 0 
449 0 1 3 1 0 
450 0 0 1 0 0 
451 0 4 3 0 0 
452 0 0 3 0 0 
453 0 2 4 2 0 
454 0 0 2 2 0 
455 0 0 5 0 0 
456 0 1 6 0 0 
457 0 0 4 0 0 
458 0 0 2 0 0 
459 0 2 1 0 0 
460 0 3 0 0 0 
461 0 0 1 0 0 
462 1 0 0 0 0 
463 1 0 0 0 0 
464 0 0 0 0 0 
465 0 0 0 0 0 
