1 0 11 0 0 0 
2 0 11 0 0 0 
3 0 8 0 0 0 
4 0 8 0 0 0 
5 0 8 0 0 0 
6 0 9 0 0 0 
7 0 5 1 0 0 
8 0 8 2 1 0 
9 0 6 2 1 0 
10 0 6 3 1 0 
11 0 6 3 1 0 
12 0 5 2 1 0 
13 0 7 2 1 0 
14 0 13 1 0 0 
15 1 13 1 0 0 
16 1 14 1 0 0 
17 1 23 1 0 0 
18 0 25 3 0 0 
19 0 26 5 0 0 
20 0 27 4 0 0 
21 0 33 6 0 0 
22 1 28 6 3 0 
23 1 25 10 3 1 
24 0 32 12 4 1 
25 0 38 18 6 0 
26 0 45 23 4 0 
27 1 46 18 7 0 
28 1 48 22 7 0 
29 4 54 25 8 0 
30 3 55 25 8 0 
31 1 53 22 7 0 
32 1 55 19 7 1 
33 1 63 15 9 1 
34 5 70 21 9 1 
35 6 61 26 8 0 
36 5 59 31 16 0 
37 3 53 35 14 0 
38 6 65 30 19 0 
39 4 60 26 23 0 
40 8 53 30 26 0 
41 7 65 35 29 1 
42 8 68 30 29 0 
43 12 75 31 31 0 
44 12 90 38 38 0 
45 12 98 40 40 0 
46 16 121 44 39 0 
47 13 142 52 32 1 
48 15 169 51 31 2 
49 15 178 59 38 3 
50 21 190 59 46 5 
51 23 201 47 49 7 
52 21 196 56 47 4 
53 24 202 53 61 4 
54 30 214 59 62 4 
55 33 227 68 65 4 
56 36 245 58 72 7 
57 29 241 53 67 6 
58 34 269 58 70 4 
59 37 273 65 72 4 
60 44 264 65 74 3 
61 50 287 70 78 3 
62 52 310 81 98 5 
63 56 320 105 126 5 
64 57 322 102 116 5 
65 69 348 113 122 3 
66 64 351 130 125 2 
67 69 358 124 142 3 
68 74 390 149 143 3 
69 75 439 167 143 3 
70 99 463 178 153 4 
71 96 482 197 174 6 
72 97 488 209 195 9 
73 100 516 225 210 11 
74 112 539 263 222 14 
75 117 567 270 242 21 
76 116 618 300 260 23 
77 118 666 311 278 25 
78 116 688 338 277 23 
79 114 731 380 291 22 
80 109 759 404 287 28 
81 129 785 435 295 36 
82 144 811 454 306 31 
83 157 812 503 324 32 
84 165 850 520 377 40 
85 163 865 513 405 46 
86 157 943 549 441 55 
87 171 982 569 470 71 
88 203 1059 544 497 68 
89 241 1070 595 543 71 
90 230 1181 604 560 76 
91 244 1249 637 600 88 
92 233 1315 673 611 89 
93 257 1337 676 658 95 
94 278 1383 738 691 103 
95 283 1451 799 720 110 
96 297 1460 869 754 117 
97 302 1529 920 802 114 
98 327 1585 948 850 119 
99 363 1631 986 991 116 
100 384 1670 984 1021 114 
101 413 1771 991 1069 130 
102 420 1867 1020 1137 131 
103 456 1975 1060 1195 120 
104 488 2116 1087 1296 158 
105 502 2145 1167 1353 183 
106 505 2194 1223 1392 193 
107 506 2286 1281 1472 214 
108 519 2329 1311 1548 216 
109 504 2510 1382 1589 226 
110 537 2581 1455 1659 226 
111 573 2680 1531 1747 245 
112 559 2700 1650 1884 258 
113 589 2908 1726 1937 258 
114 629 2998 1804 2036 260 
115 701 3207 1904 2159 278 
116 727 3300 1990 2307 266 
117 782 3452 2007 2443 278 
118 789 3535 2127 2545 311 
119 819 3705 2219 2655 313 
120 821 3858 2363 2811 301 
121 877 3932 2457 2935 318 
122 938 4078 2583 3036 350 
123 981 4263 2704 3157 356 
124 995 4482 2867 3293 384 
125 1053 4609 2986 3475 388 
126 1094 4794 3055 3646 424 
127 1193 4885 3286 3771 454 
128 1216 5066 3462 3931 452 
129 1318 5307 3554 4055 457 
130 1331 5458 3747 4168 500 
131 1366 5746 3938 4234 501 
132 1444 5910 4095 4337 519 
133 1519 6223 4206 4559 564 
134 1578 6387 4462 4741 599 
135 1602 6698 4642 4992 645 
136 1664 6862 4838 5127 709 
137 1731 7072 4991 5306 731 
138 1784 7369 5131 5508 752 
139 1845 7560 5258 5894 814 
140 1856 7921 5464 6260 850 
141 1907 8094 5645 6460 891 
142 2002 8271 5760 6771 921 
143 2065 8526 6023 6973 966 
144 2204 8857 6250 7285 995 
145 2223 9085 6452 7611 1025 
146 2337 9343 6823 7861 1097 
147 2492 9433 7087 8132 1139 
148 2566 9804 7396 8350 1187 
149 2598 10010 7674 8670 1224 
150 2768 10296 7991 8921 1255 
151 2836 10523 8322 9128 1309 
152 2953 10863 8527 9458 1364 
153 3031 11027 8769 9880 1441 
154 3102 11255 9029 10077 1445 
155 3242 11275 9390 10173 1492 
156 3312 11357 9654 10341 1557 
157 3318 11496 9941 10482 1634 
158 3409 11712 10105 10744 1689 
159 3524 11847 10428 10968 1738 
160 3592 11949 10706 11217 1745 
161 3668 12167 10959 11463 1721 
162 3748 12147 11236 11780 1776 
163 3841 12247 11428 12048 1779 
164 3930 12089 11740 12333 1811 
165 4052 12274 12070 12576 1880 
166 4257 12276 12199 12728 1954 
167 4332 12281 12550 12955 2049 
168 4419 12482 12833 13007 2131 
169 4465 12639 13105 13366 2177 
170 4526 12652 13314 13401 2180 
171 4597 12620 13449 13588 2262 
172 4621 12484 13667 13758 2338 
173 4715 12519 14062 13932 2421 
174 4773 12383 14120 13915 2469 
175 4910 12230 14241 14140 2470 
176 4996 12069 14393 14221 2478 
177 4931 12040 14472 14322 2589 
178 4931 11930 14525 14390 2599 
179 4905 11701 14494 14531 2665 
180 4882 11420 14639 14723 2683 
181 4841 11276 14748 14750 2732 
182 4835 11055 14744 14675 2765 
183 4770 10933 14649 14654 2821 
184 4774 10618 14692 14826 2845 
185 4748 10396 14598 14687 2857 
186 4733 10306 14691 14743 2853 
187 4648 10135 14582 14639 2862 
188 4573 9895 14674 14543 2865 
189 4553 9709 14570 14369 2935 
190 4582 9565 14653 14302 2954 
191 4505 9440 14665 14271 2957 
192 4507 9251 14473 13999 2985 
193 4488 9046 14381 14018 3003 
194 4592 8958 14261 13873 2959 
195 4518 8792 14040 13618 2941 
196 4433 8508 13877 13435 2865 
197 4444 8228 13564 13352 2813 
198 4389 8001 13435 13255 2826 
199 4350 7793 13394 13202 2787 
200 4241 7686 13180 12920 2725 
201 4225 7400 12898 12674 2729 
202 4116 7303 12775 12349 2731 
203 4064 7132 12618 12049 2775 
204 3991 6886 12395 11937 2713 
205 3936 6688 12096 11736 2588 
206 3798 6445 11867 11661 2539 
207 3679 6215 11609 11340 2514 
208 3653 5968 11387 11107 2528 
209 3468 5752 11275 10957 2476 
210 3392 5503 10912 10664 2410 
211 3305 5251 10673 10320 2371 
212 3247 5108 10598 9934 2343 
213 3095 4845 10370 9762 2320 
214 3050 4640 10220 9559 2271 
215 2958 4530 10030 9203 2229 
216 2856 4431 9797 8899 2114 
217 2774 4263 9639 8775 2083 
218 2795 4062 9292 8486 2027 
219 2764 3936 9069 8197 1968 
220 2639 3702 8778 7937 1931 
221 2584 3614 8499 7769 1827 
222 2501 3470 8282 7571 1749 
223 2380 3326 8008 7439 1738 
224 2245 3224 7754 7274 1688 
225 2219 3149 7626 6883 1641 
226 2266 2966 7577 6699 1576 
227 2221 2880 7289 6374 1495 
228 2183 2834 7061 6094 1498 
229 2087 2726 6724 5848 1456 
230 2039 2675 6545 5532 1399 
231 1883 2598 6241 5307 1326 
232 1809 2484 6035 5157 1304 
233 1744 2345 5771 4957 1297 
234 1703 2333 5634 4649 1263 
235 1640 2297 5385 4378 1246 
236 1592 2186 5150 4148 1181 
237 1553 2054 4926 3975 1121 
238 1465 1950 4691 3795 1089 
239 1467 1901 4581 3738 1065 
240 1431 1815 4384 3613 1048 
241 1336 1724 4263 3461 1029 
242 1323 1639 4098 3384 1008 
243 1285 1554 4003 3321 881 
244 1231 1523 3894 3266 842 
245 1161 1390 3811 3093 799 
246 1080 1335 3684 2994 790 
247 1030 1296 3500 2869 742 
248 1032 1237 3316 2787 733 
249 1008 1124 3117 2735 714 
250 947 1091 2987 2699 720 
251 891 1097 2952 2595 713 
252 867 1042 2869 2506 692 
253 872 975 2762 2374 644 
254 850 917 2689 2259 594 
255 777 824 2626 2151 559 
256 728 801 2478 2069 519 
257 689 788 2339 2052 495 
258 695 805 2256 1977 502 
259 681 794 2182 1959 477 
260 656 733 2102 1869 469 
261 617 716 1970 1881 421 
262 607 667 1813 1854 395 
263 576 633 1763 1716 376 
264 552 620 1693 1628 359 
265 524 603 1595 1540 346 
266 480 582 1553 1454 319 
267 447 557 1492 1386 310 
268 453 569 1430 1328 315 
269 413 529 1392 1273 302 
270 416 518 1318 1277 290 
271 390 518 1257 1246 263 
272 382 493 1202 1168 248 
273 370 477 1171 1177 217 
274 365 463 1087 1116 207 
275 361 425 1060 1055 208 
276 349 394 1029 1018 189 
277 326 375 976 994 191 
278 289 379 938 1003 175 
279 290 359 909 938 171 
280 279 337 873 905 173 
281 276 310 826 862 184 
282 282 288 788 824 183 
283 282 277 796 797 175 
284 265 249 793 762 170 
285 260 225 788 720 157 
286 260 231 764 705 150 
287 246 234 728 650 141 
288 211 223 702 606 120 
289 209 221 687 564 112 
290 195 211 679 551 101 
291 180 197 632 531 105 
292 145 195 622 482 91 
293 140 186 595 486 89 
294 130 166 537 499 83 
295 137 167 545 499 82 
296 134 156 528 514 86 
297 118 157 513 510 89 
298 117 157 495 502 93 
299 100 142 454 531 77 
300 109 118 444 502 67 
301 122 130 394 470 79 
302 119 120 391 421 74 
303 108 122 368 402 62 
304 107 106 359 372 60 
305 103 88 320 360 49 
306 95 90 319 324 38 
307 86 89 304 305 38 
308 77 83 300 276 37 
309 72 87 294 254 43 
310 84 75 279 239 36 
311 68 90 233 225 34 
312 55 90 228 223 33 
313 47 98 211 225 31 
314 45 96 199 216 26 
315 43 93 206 212 21 
316 41 90 181 193 15 
317 38 99 159 189 18 
318 49 107 154 169 16 
319 45 76 138 164 16 
320 46 79 115 145 15 
321 41 75 102 134 13 
322 39 82 94 139 14 
323 31 82 81 127 13 
324 28 84 86 122 9 
325 32 78 75 129 9 
326 34 88 68 135 7 
327 34 76 78 122 10 
328 30 81 92 107 7 
329 26 76 93 103 10 
330 33 72 78 104 9 
331 37 78 85 97 10 
332 39 64 86 91 11 
333 38 66 91 81 10 
334 33 60 98 75 12 
335 28 53 112 75 17 
336 30 55 105 86 12 
337 32 47 115 74 10 
338 42 48 96 64 11 
339 43 35 92 63 16 
340 43 36 88 59 16 
341 40 34 80 59 13 
342 41 31 87 58 9 
343 42 34 78 58 9 
344 35 31 74 54 8 
345 36 26 67 52 5 
346 34 22 67 46 6 
347 36 19 69 43 2 
348 34 15 69 38 2 
349 31 14 74 37 1 
350 25 11 74 38 0 
351 25 12 68 38 0 
352 27 11 57 30 1 
353 21 11 64 34 3 
354 15 15 64 21 3 
355 12 10 54 22 3 
356 17 8 48 13 1 
357 21 9 44 11 1 
358 22 7 41 10 2 
359 16 8 49 13 4 
360 9 8 56 11 3 
361 7 11 53 13 2 
362 5 7 63 18 1 
363 4 5 62 17 0 
364 3 5 46 18 1 
365 6 6 41 20 0 
366 6 5 33 18 0 
367 6 5 31 19 1 
368 8 5 32 22 0 
369 11 7 33 21 0 
370 9 10 27 22 0 
371 7 6 23 21 0 
372 6 3 19 27 0 
373 1 1 20 27 2 
374 3 2 13 32 5 
375 6 4 15 28 4 
376 4 1 14 29 3 
377 4 0 13 30 3 
378 5 1 10 27 2 
379 5 1 10 23 3 
380 6 1 9 26 2 
381 6 1 9 24 2 
382 5 0 12 23 3 
383 5 0 11 19 1 
384 4 0 8 16 1 
385 2 1 7 11 1 
386 2 2 9 6 1 
387 0 2 11 7 0 
388 1 1 5 6 0 
389 2 1 2 8 0 
390 2 1 2 7 0 
391 2 0 0 7 0 
392 5 0 0 7 0 
393 3 0 0 7 0 
394 4 0 0 7 0 
395 2 0 0 5 1 
396 1 0 0 4 0 
397 1 0 1 2 0 
398 0 0 2 2 0 
399 0 0 2 2 0 
400 0 0 2 4 0 
401 0 0 1 7 0 
402 0 0 1 3 0 
403 0 0 0 2 0 
404 0 0 0 1 0 
405 0 0 0 1 0 
406 0 0 0 2 0 
407 0 0 0 1 0 
408 0 0 0 1 0 
409 0 0 0 3 0 
410 0 0 0 3 1 
411 0 0 0 2 1 
412 0 0 0 4 1 
413 0 0 0 5 0 
414 0 0 0 4 0 
415 0 0 1 2 0 
416 0 0 0 2 0 
417 0 0 0 4 0 
418 0 0 0 4 0 
419 0 0 0 4 0 
420 0 0 0 3 0 
421 0 0 1 3 0 
422 0 0 1 3 0 
423 0 0 1 3 0 
424 0 0 0 2 0 
425 0 0 0 1 0 
426 0 0 0 1 0 
427 0 0 0 1 0 
428 0 0 0 1 0 
429 0 0 0 1 0 
430 0 0 0 1 0 
431 0 0 0 3 0 
432 0 0 0 4 0 
433 0 0 0 3 0 
434 0 0 0 1 0 
435 0 0 0 0 0 
