1 0 16 0 0 0 
2 0 16 0 0 0 
3 0 14 0 1 0 
4 1 18 0 2 0 
5 1 15 0 6 0 
6 2 14 1 7 0 
7 3 18 1 6 0 
8 4 15 1 9 0 
9 5 10 1 7 0 
10 6 8 1 7 0 
11 5 10 1 10 0 
12 6 9 0 6 0 
13 5 12 1 7 0 
14 2 10 0 6 0 
15 1 11 0 6 0 
16 0 9 0 6 0 
17 1 9 0 5 0 
18 0 8 1 4 0 
19 4 12 2 5 0 
20 4 12 2 5 0 
21 6 10 2 4 0 
22 7 9 2 3 0 
23 6 14 4 3 0 
24 3 13 5 4 0 
25 4 13 6 5 0 
26 4 18 6 8 0 
27 2 23 5 9 0 
28 5 22 5 10 0 
29 7 25 4 8 0 
30 4 26 5 7 0 
31 2 28 5 5 0 
32 1 33 9 7 0 
33 2 33 10 5 0 
34 3 35 15 6 0 
35 4 37 17 6 0 
36 5 38 20 11 0 
37 9 28 16 13 0 
38 10 29 15 18 0 
39 6 38 15 18 0 
40 4 41 18 19 0 
41 5 51 16 17 0 
42 5 51 15 20 0 
43 2 50 18 18 0 
44 3 55 18 21 0 
45 4 67 14 18 0 
46 5 64 16 16 1 
47 4 81 14 16 0 
48 5 85 11 16 0 
49 6 93 9 19 0 
50 8 83 11 17 0 
51 6 93 11 15 0 
52 5 104 8 17 0 
53 9 111 10 11 0 
54 10 134 17 9 1 
55 12 139 9 12 0 
56 19 169 11 13 0 
57 16 183 15 15 0 
58 14 175 13 18 0 
59 16 188 14 18 0 
60 19 200 16 27 0 
61 15 211 21 35 0 
62 24 233 21 34 0 
63 26 268 24 36 1 
64 27 272 28 49 0 
65 25 261 35 64 0 
66 26 274 34 68 1 
67 30 270 37 67 1 
68 31 276 42 82 0 
69 31 266 45 96 1 
70 25 279 55 119 2 
71 26 281 60 128 3 
72 28 287 60 120 3 
73 37 325 75 130 5 
74 38 348 92 151 4 
75 37 368 106 155 4 
76 40 404 109 160 6 
77 49 426 124 176 7 
78 71 467 108 173 6 
79 68 470 127 184 4 
80 69 531 109 190 5 
81 61 587 122 211 3 
82 73 622 124 232 8 
83 82 652 144 230 13 
84 79 702 174 254 13 
85 84 738 171 269 11 
86 86 780 201 277 17 
87 99 852 215 272 22 
88 107 889 237 282 32 
89 105 938 257 304 38 
90 124 991 272 322 52 
91 151 1000 287 345 50 
92 182 1052 305 410 49 
93 219 1127 322 439 50 
94 219 1189 377 417 56 
95 226 1234 398 466 63 
96 230 1275 454 476 68 
97 236 1359 462 540 74 
98 236 1410 488 586 72 
99 262 1493 541 599 73 
100 283 1595 585 629 79 
101 315 1704 620 643 91 
102 362 1768 691 678 99 
103 378 1860 735 764 110 
104 395 1979 788 819 122 
105 419 2149 830 877 134 
106 427 2274 863 946 160 
107 436 2415 952 966 144 
108 466 2526 954 1000 162 
109 518 2680 1026 1029 173 
110 532 2760 1060 1082 182 
111 518 2900 1111 1126 193 
112 533 3041 1176 1258 209 
113 579 3175 1257 1343 226 
114 639 3356 1403 1398 242 
115 661 3620 1469 1511 250 
116 709 3766 1532 1620 277 
117 718 3950 1669 1623 297 
118 742 4230 1780 1712 294 
119 789 4396 1862 1795 307 
120 853 4503 1967 1941 312 
121 878 4781 1961 2050 314 
122 882 4985 2098 2144 344 
123 934 5169 2240 2263 365 
124 1027 5308 2428 2320 386 
125 1046 5509 2557 2514 407 
126 1055 5669 2609 2634 437 
127 1066 5868 2769 2726 461 
128 1151 6087 2861 2913 478 
129 1220 6250 2920 3036 495 
130 1263 6422 3119 3100 534 
131 1304 6673 3255 3241 545 
132 1357 6813 3429 3445 547 
133 1417 7051 3603 3718 576 
134 1505 7291 3797 3873 622 
135 1521 7463 4063 4150 671 
136 1530 7698 4256 4383 714 
137 1616 7896 4412 4515 720 
138 1662 8266 4526 4722 747 
139 1778 8621 4681 4953 735 
140 1871 8808 4945 5206 788 
141 1976 9112 5118 5546 816 
142 2104 9353 5318 5838 779 
143 2184 9419 5650 6114 809 
144 2311 9734 5939 6343 847 
145 2397 10087 6138 6554 923 
146 2417 10278 6473 6929 964 
147 2511 10497 6690 7261 1021 
148 2646 10672 7006 7511 1031 
149 2720 10856 7367 7836 1064 
150 2864 11147 7547 8113 1120 
151 2982 11476 7837 8391 1177 
152 3042 11677 8108 8769 1266 
153 3169 11714 8476 8971 1298 
154 3218 11915 8853 9280 1395 
155 3331 11978 9162 9656 1426 
156 3519 12276 9567 9973 1532 
157 3608 12369 9794 10288 1579 
158 3688 12420 10139 10768 1620 
159 3741 12424 10506 11160 1709 
160 3817 12385 10937 11437 1723 
161 3874 12395 11117 11655 1755 
162 3933 12359 11497 11960 1860 
163 3990 12324 11849 12234 1978 
164 4074 12233 12038 12524 2070 
165 4203 12340 12260 12858 2168 
166 4366 12307 12591 13178 2197 
167 4486 12230 12919 13482 2217 
168 4556 12256 13201 13628 2322 
169 4595 12291 13261 13964 2419 
170 4670 12287 13544 14090 2475 
171 4708 12127 13688 14335 2540 
172 4841 11896 13936 14668 2587 
173 4802 11809 14236 14986 2587 
174 4874 11734 14526 15292 2641 
175 4936 11646 14704 15323 2685 
176 4945 11417 14988 15484 2717 
177 4969 11216 15110 15646 2701 
178 5068 11206 15446 15801 2744 
179 5059 11000 15740 15889 2766 
180 5095 10841 15904 16117 2806 
181 5028 10670 16030 16094 2820 
182 5045 10531 16160 16266 2891 
183 5043 10309 16331 16382 2961 
184 4991 10155 16397 16362 3047 
185 5012 9928 16542 16261 3066 
186 5078 9804 16594 16383 3065 
187 5071 9708 16351 16385 3059 
188 4988 9494 16463 16237 3065 
189 4942 9312 16263 16117 3095 
190 4877 9243 16227 15833 3078 
191 4751 9176 16126 15728 3091 
192 4807 8913 16143 15587 3075 
193 4790 8747 16001 15357 3028 
194 4799 8519 15871 15172 3018 
195 4759 8264 15888 14866 3017 
196 4743 8025 15759 14727 2983 
197 4693 7884 15563 14600 2915 
198 4674 7756 15318 14282 2895 
199 4579 7447 15255 14136 2944 
200 4478 7150 15033 13882 2909 
201 4406 6932 14613 13780 2902 
202 4390 6726 14340 13504 2824 
203 4332 6574 14115 13367 2752 
204 4224 6356 13848 13085 2734 
205 4183 6211 13545 12820 2740 
206 4081 5970 13287 12467 2758 
207 4001 5837 12995 12295 2680 
208 3983 5655 12790 11897 2631 
209 3860 5460 12499 11616 2605 
210 3732 5294 12178 11342 2517 
211 3655 5178 11833 11148 2419 
212 3577 4999 11596 10911 2313 
213 3422 4848 11271 10571 2255 
214 3354 4675 10960 10323 2197 
215 3252 4566 10673 10068 2134 
216 3217 4460 10328 9876 2017 
217 3267 4325 10088 9589 1944 
218 3202 4214 9932 9323 1892 
219 3136 4111 9623 9020 1818 
220 3049 3997 9205 8696 1810 
221 2886 3829 8910 8317 1725 
222 2790 3691 8633 8052 1693 
223 2687 3582 8422 7812 1640 
224 2621 3463 8136 7585 1579 
225 2555 3290 7822 7243 1519 
226 2483 3212 7590 6944 1486 
227 2372 3024 7419 6648 1351 
228 2277 2938 7209 6432 1340 
229 2180 2769 7002 6275 1303 
230 2107 2684 6771 6121 1294 
231 2027 2589 6550 5850 1234 
232 2002 2488 6336 5621 1156 
233 1979 2392 6068 5378 1099 
234 1873 2292 5888 5255 1057 
235 1782 2195 5575 5009 985 
236 1681 2039 5408 4891 949 
237 1635 1949 5171 4727 900 
238 1563 1887 4980 4583 852 
239 1510 1786 4787 4356 845 
240 1469 1722 4609 4202 809 
241 1369 1601 4472 4030 785 
242 1375 1568 4222 3920 790 
243 1260 1469 4169 3717 726 
244 1217 1402 3926 3531 702 
245 1161 1345 3703 3372 686 
246 1138 1315 3585 3286 665 
247 1062 1295 3478 3166 625 
248 1017 1277 3405 3089 603 
249 1009 1222 3217 3047 590 
250 939 1128 3149 3009 568 
251 916 1044 3053 2897 532 
252 903 1006 2925 2805 531 
253 867 995 2794 2716 542 
254 856 936 2670 2601 523 
255 823 866 2557 2507 494 
256 771 792 2453 2424 478 
257 744 764 2390 2413 455 
258 686 762 2300 2353 449 
259 677 754 2171 2275 433 
260 640 744 2017 2165 428 
261 577 694 1937 2034 412 
262 540 692 1885 1966 382 
263 535 643 1852 1922 365 
264 510 623 1806 1854 346 
265 501 574 1718 1714 329 
266 479 529 1666 1614 317 
267 469 519 1610 1547 292 
268 442 496 1460 1496 276 
269 440 470 1412 1425 247 
270 443 452 1348 1348 237 
271 449 448 1298 1295 224 
272 411 406 1238 1227 218 
273 387 413 1218 1186 211 
274 390 409 1173 1095 210 
275 374 415 1127 1016 204 
276 345 370 1106 987 188 
277 326 335 1044 943 174 
278 321 348 1028 878 164 
279 313 291 987 856 169 
280 318 289 925 849 157 
281 300 301 861 833 165 
282 268 298 824 770 162 
283 257 296 786 728 143 
284 234 282 741 680 141 
285 221 278 690 652 127 
286 204 275 648 614 126 
287 204 260 616 564 130 
288 211 244 557 543 126 
289 195 234 510 502 116 
290 181 220 484 479 101 
291 189 199 464 457 89 
292 186 184 448 434 82 
293 160 176 448 450 72 
294 161 189 432 411 63 
295 174 176 410 375 62 
296 167 174 401 337 68 
297 154 151 377 335 83 
298 138 154 356 345 69 
299 135 141 340 334 67 
300 138 137 335 305 77 
301 134 125 305 289 76 
302 128 126 287 278 81 
303 114 116 279 257 76 
304 111 119 250 254 76 
305 109 110 247 215 63 
306 101 112 249 215 65 
307 105 114 251 213 69 
308 91 98 236 194 66 
309 81 104 235 199 65 
310 59 89 237 190 63 
311 55 81 206 191 61 
312 58 79 209 185 54 
313 61 76 186 174 44 
314 55 65 165 183 42 
315 58 59 168 173 42 
316 66 54 166 181 36 
317 69 56 159 160 33 
318 74 64 160 138 33 
319 68 55 144 131 31 
320 60 44 141 134 32 
321 57 43 130 125 28 
322 57 51 122 118 28 
323 47 50 113 105 29 
324 45 48 109 98 28 
325 49 43 113 92 27 
326 47 47 94 86 25 
327 51 44 93 75 26 
328 43 37 93 84 31 
329 37 38 84 76 28 
330 31 28 81 79 27 
331 35 34 76 79 24 
332 35 29 80 83 27 
333 30 21 79 70 27 
334 31 22 74 78 26 
335 26 17 82 80 30 
336 21 20 87 75 30 
337 24 16 85 77 29 
338 27 15 82 69 31 
339 22 18 84 58 35 
340 22 22 72 46 32 
341 20 21 82 33 24 
342 21 20 78 32 23 
343 20 19 81 35 17 
344 14 16 81 34 20 
345 14 12 70 25 21 
346 16 11 60 32 22 
347 17 10 58 23 25 
348 22 8 65 23 16 
349 20 7 64 22 14 
350 18 8 65 17 12 
351 20 7 65 15 10 
352 19 9 59 17 4 
353 22 6 52 15 4 
354 15 6 59 15 3 
355 17 8 53 10 3 
356 13 8 62 9 3 
357 12 7 59 9 3 
358 10 4 61 12 4 
359 4 2 60 13 5 
360 5 2 48 18 7 
361 7 4 55 17 7 
362 8 4 55 16 10 
363 4 4 53 15 12 
364 3 7 49 11 14 
365 4 7 42 15 13 
366 5 7 46 13 10 
367 6 6 42 16 9 
368 9 8 48 20 5 
369 8 12 47 18 6 
370 8 11 50 13 3 
371 3 14 49 15 3 
372 1 10 45 12 2 
373 2 10 40 9 2 
374 2 12 36 11 3 
375 2 13 31 8 6 
376 2 10 22 9 4 
377 2 7 22 10 2 
378 2 5 22 13 1 
379 1 3 21 15 1 
380 1 3 18 16 1 
381 2 3 21 9 2 
382 1 3 32 10 2 
383 1 3 34 14 3 
384 1 2 31 12 3 
385 2 2 25 3 4 
386 3 3 23 1 5 
387 2 2 28 1 4 
388 2 2 36 2 2 
389 0 0 26 2 3 
390 0 0 30 1 1 
391 0 0 27 1 1 
392 0 0 32 2 1 
393 0 0 25 1 0 
394 0 0 24 1 0 
395 1 0 23 2 0 
396 1 1 21 1 0 
397 2 2 22 1 0 
398 3 1 24 1 0 
399 3 3 25 0 0 
400 3 2 25 0 0 
401 1 0 23 2 0 
402 0 0 16 1 0 
403 0 0 13 2 0 
404 0 0 10 1 0 
405 0 0 15 2 0 
406 0 0 12 3 0 
407 0 0 18 6 1 
408 1 0 15 4 1 
409 2 0 11 3 0 
410 2 0 14 2 0 
411 2 0 13 2 0 
412 2 0 14 2 0 
413 0 0 11 2 0 
414 0 0 9 2 0 
415 0 0 6 2 0 
416 0 0 4 3 0 
417 1 0 4 2 0 
418 1 0 2 3 0 
419 0 0 2 2 0 
420 0 0 2 2 0 
421 0 1 2 1 0 
422 0 2 2 1 0 
423 0 3 2 2 0 
424 0 4 0 1 0 
425 0 2 1 1 0 
426 0 2 1 1 0 
427 0 1 1 0 0 
428 0 2 0 0 0 
429 0 1 0 0 0 
430 0 1 0 0 0 
431 0 1 0 0 0 
432 0 1 0 0 0 
433 0 0 0 0 0 
