1 0 13 0 0 0 
2 0 13 0 0 0 
3 0 13 0 0 0 
4 0 10 0 0 0 
5 0 12 0 0 0 
6 0 11 1 0 0 
7 0 9 1 1 0 
8 0 7 1 2 0 
9 0 6 1 3 0 
10 0 6 1 2 0 
11 0 7 2 1 0 
12 1 4 2 1 0 
13 2 4 1 1 0 
14 1 3 1 0 0 
15 3 4 0 0 0 
16 4 4 0 0 0 
17 6 6 0 1 0 
18 5 5 1 1 0 
19 5 7 1 5 0 
20 7 8 5 5 0 
21 10 10 5 6 0 
22 9 9 9 7 0 
23 8 9 12 12 0 
24 10 6 12 13 1 
25 9 8 10 15 1 
26 14 11 13 14 1 
27 14 15 8 21 1 
28 16 19 7 22 0 
29 14 29 14 25 0 
30 14 36 17 27 0 
31 12 40 15 37 0 
32 9 38 15 42 1 
33 8 39 15 41 1 
34 9 50 17 48 1 
35 15 50 25 51 1 
36 20 65 26 52 1 
37 23 70 25 58 0 
38 21 91 30 62 0 
39 23 80 36 63 0 
40 25 92 39 73 1 
41 20 90 37 77 1 
42 21 96 42 70 1 
43 22 98 42 71 0 
44 27 104 53 62 0 
45 24 110 59 56 0 
46 26 101 63 54 1 
47 22 104 71 62 3 
48 25 107 70 70 7 
49 32 114 77 80 6 
50 28 129 84 92 7 
51 27 132 99 73 7 
52 24 126 103 65 7 
53 21 135 94 68 6 
54 19 138 106 77 4 
55 23 149 96 82 4 
56 23 138 102 88 1 
57 31 141 105 106 2 
58 35 151 112 113 4 
59 41 161 122 119 4 
60 55 161 117 115 4 
61 51 169 131 117 4 
62 52 167 137 117 1 
63 53 190 135 124 0 
64 50 185 160 124 0 
65 54 210 167 127 2 
66 41 222 176 139 4 
67 35 235 171 155 6 
68 34 267 172 156 10 
69 32 269 193 170 11 
70 42 297 185 191 12 
71 49 275 185 191 14 
72 50 295 198 201 12 
73 63 324 196 214 17 
74 64 338 212 226 19 
75 69 360 218 238 15 
76 77 383 234 259 17 
77 80 412 225 274 24 
78 90 416 237 285 22 
79 88 425 251 273 24 
80 95 454 258 312 25 
81 102 472 272 326 19 
82 115 484 285 344 19 
83 99 483 288 365 18 
84 111 532 310 383 21 
85 119 531 324 364 24 
86 113 550 354 408 31 
87 122 638 362 431 32 
88 121 678 381 457 43 
89 140 741 395 461 46 
90 135 760 443 466 43 
91 136 822 456 492 55 
92 160 848 471 550 49 
93 186 901 471 610 50 
94 198 937 489 635 61 
95 205 940 524 651 62 
96 207 1026 557 652 65 
97 228 1077 579 678 79 
98 218 1119 570 715 69 
99 227 1152 611 732 80 
100 243 1201 623 797 73 
101 247 1265 620 827 85 
102 272 1326 714 877 90 
103 297 1413 760 925 91 
104 325 1478 802 961 97 
105 335 1537 848 984 105 
106 341 1663 899 1041 109 
107 360 1773 946 1060 116 
108 396 1832 995 1116 110 
109 423 1767 1045 1155 122 
110 432 1813 1098 1255 123 
111 461 1913 1153 1302 150 
112 477 2027 1211 1363 141 
113 524 2079 1222 1418 161 
114 531 2186 1289 1549 167 
115 555 2308 1330 1612 183 
116 556 2418 1390 1663 193 
117 578 2573 1508 1689 185 
118 578 2620 1561 1802 217 
119 624 2709 1615 1895 234 
120 616 2812 1719 1953 231 
121 618 2979 1806 2014 248 
122 632 3121 1919 2097 252 
123 621 3264 2072 2184 263 
124 675 3348 2151 2298 267 
125 729 3422 2197 2436 293 
126 771 3599 2363 2547 330 
127 823 3673 2406 2602 354 
128 864 3802 2456 2750 373 
129 904 4024 2536 2907 381 
130 955 4335 2667 2959 400 
131 1034 4425 2730 3142 381 
132 1106 4685 2826 3283 433 
133 1168 4827 2996 3444 434 
134 1261 5045 3113 3655 474 
135 1290 5264 3355 3797 476 
136 1387 5472 3536 3961 477 
137 1426 5703 3730 4265 492 
138 1462 6024 3941 4527 554 
139 1485 6293 4030 4714 577 
140 1540 6567 4245 4894 588 
141 1595 6917 4299 5058 615 
142 1656 7157 4478 5240 635 
143 1782 7508 4744 5453 691 
144 1861 7625 4910 5662 774 
145 1938 7780 5084 6034 825 
146 1988 7985 5302 6240 853 
147 2065 8393 5602 6431 890 
148 2130 8521 5861 6599 960 
149 2240 8822 6104 6921 1042 
150 2338 9147 6368 7128 1098 
151 2438 9478 6554 7418 1154 
152 2436 9756 6859 7635 1182 
153 2557 10012 7149 7896 1196 
154 2687 10326 7324 8146 1273 
155 2880 10633 7682 8440 1327 
156 2952 10836 8037 8666 1388 
157 3009 10983 8306 9006 1452 
158 2956 11254 8682 9361 1514 
159 3117 11561 8921 9583 1575 
160 3295 11694 9173 9812 1648 
161 3473 11870 9482 10095 1687 
162 3553 11991 9788 10439 1761 
163 3683 12092 9977 10830 1830 
164 3721 12233 10430 11220 1867 
165 3729 12425 10711 11462 1959 
166 3861 12417 10918 11792 2067 
167 3867 12454 11260 11932 2116 
168 3921 12466 11469 12190 2160 
169 3945 12490 11716 12370 2210 
170 4054 12583 11958 12683 2195 
171 4088 12501 12283 12842 2347 
172 4279 12633 12658 13044 2371 
173 4291 12494 12970 13140 2433 
174 4265 12698 13213 13335 2524 
175 4296 12522 13496 13552 2573 
176 4450 12513 13685 13768 2593 
177 4470 12545 13930 14045 2672 
178 4516 12440 14116 14261 2746 
179 4531 12491 14286 14341 2746 
180 4647 12407 14442 14321 2800 
181 4653 12324 14662 14410 2877 
182 4777 12206 14803 14515 2887 
183 4886 12102 14948 14682 2867 
184 4844 12103 14981 14778 2870 
185 4818 11847 15146 14953 2933 
186 4871 11566 15199 14772 2925 
187 4906 11440 15212 14991 2972 
188 4835 11182 15352 14968 3038 
189 4853 11123 15318 14936 3081 
190 4952 10954 15446 15075 3046 
191 4884 10804 15466 15166 3106 
192 4821 10636 15555 15133 3070 
193 4834 10507 15524 15248 3093 
194 4885 10294 15530 15247 3104 
195 4793 10121 15542 15129 3058 
196 4724 9898 15412 15051 2989 
197 4729 9578 15499 14788 3048 
198 4762 9319 15344 14654 3059 
199 4721 9099 15189 14452 3046 
200 4620 8873 14877 14277 2956 
201 4617 8563 14591 14232 2948 
202 4518 8315 14465 14309 2912 
203 4480 8064 14415 14064 2840 
204 4440 7871 14141 13831 2742 
205 4267 7534 14036 13446 2669 
206 4167 7352 13911 13159 2648 
207 4157 7174 13702 12855 2631 
208 4102 7104 13493 12542 2618 
209 3970 6858 13389 12356 2579 
210 3942 6637 13138 11892 2539 
211 3829 6411 13036 11610 2456 
212 3820 6261 12781 11421 2371 
213 3834 6060 12506 11243 2363 
214 3761 5789 12198 10932 2302 
215 3680 5624 11914 10768 2243 
216 3531 5451 11626 10468 2206 
217 3383 5216 11319 10118 2133 
218 3351 5039 10940 9937 2150 
219 3409 4853 10796 9833 2030 
220 3324 4665 10674 9621 2038 
221 3133 4547 10482 9434 1964 
222 3121 4337 10288 9171 1957 
223 3080 4302 10017 8859 1930 
224 2929 4153 9771 8591 1909 
225 2848 4024 9501 8410 1858 
226 2848 3908 9143 8159 1787 
227 2729 3723 8856 7990 1708 
228 2684 3564 8592 7748 1635 
229 2596 3501 8258 7433 1608 
230 2509 3399 8012 7178 1549 
231 2393 3303 7895 7001 1544 
232 2285 3179 7701 6755 1425 
233 2222 3090 7452 6468 1386 
234 2215 3010 7144 6214 1350 
235 2074 2890 6850 5965 1282 
236 2017 2740 6519 5756 1273 
237 1940 2637 6209 5601 1250 
238 1929 2541 6008 5395 1220 
239 1947 2404 5877 5172 1150 
240 1898 2275 5673 4973 1035 
241 1896 2220 5458 4776 950 
242 1795 2115 5275 4634 949 
243 1738 2078 5097 4524 888 
244 1644 2012 4965 4345 830 
245 1582 1881 4725 4155 811 
246 1564 1834 4511 4141 792 
247 1455 1826 4417 3977 758 
248 1323 1766 4208 3800 733 
249 1304 1645 4097 3701 724 
250 1246 1631 3940 3565 711 
251 1194 1582 3779 3389 720 
252 1162 1521 3630 3163 712 
253 1100 1470 3518 3038 703 
254 1054 1362 3398 2948 663 
255 1038 1285 3229 2824 633 
256 972 1256 3079 2698 618 
257 970 1212 2878 2599 590 
258 950 1084 2776 2595 564 
259 924 1033 2701 2450 528 
260 874 1006 2583 2349 526 
261 845 995 2449 2229 507 
262 797 982 2323 2170 484 
263 738 916 2225 2158 485 
264 686 869 2039 2039 456 
265 676 820 1984 1949 438 
266 622 798 1891 1861 412 
267 597 761 1789 1725 378 
268 569 750 1707 1640 368 
269 573 729 1691 1545 359 
270 546 703 1611 1470 315 
271 492 687 1565 1431 313 
272 468 657 1534 1339 293 
273 446 626 1446 1257 276 
274 440 585 1431 1210 281 
275 397 564 1390 1115 273 
276 364 554 1319 1093 255 
277 377 523 1280 1099 244 
278 351 497 1228 1055 217 
279 327 453 1192 1013 207 
280 335 467 1129 976 200 
281 328 453 1095 937 169 
282 307 400 1031 873 168 
283 291 380 1012 835 182 
284 264 357 949 789 162 
285 264 353 918 759 158 
286 246 359 850 691 150 
287 237 364 795 651 152 
288 220 356 775 615 141 
289 212 327 745 611 142 
290 211 280 695 610 152 
291 219 273 668 601 148 
292 203 268 611 607 145 
293 215 251 588 542 134 
294 194 239 580 542 123 
295 188 212 539 524 115 
296 177 198 520 510 106 
297 163 206 479 473 96 
298 150 203 451 427 83 
299 132 182 420 404 85 
300 114 176 396 380 83 
301 124 162 368 359 85 
302 121 148 369 344 86 
303 110 142 352 335 87 
304 111 139 323 316 76 
305 109 131 306 314 65 
306 108 133 309 316 52 
307 92 134 299 305 50 
308 94 125 288 308 47 
309 99 110 292 318 46 
310 110 118 253 320 48 
311 107 108 248 312 42 
312 92 115 225 316 35 
313 89 105 226 306 32 
314 78 107 210 282 32 
315 74 94 226 266 43 
316 73 93 203 250 38 
317 69 99 193 252 41 
318 63 100 200 245 38 
319 53 87 186 233 30 
320 61 86 178 224 27 
321 61 83 167 219 30 
322 52 76 157 209 30 
323 53 65 176 207 23 
324 47 65 173 198 26 
325 53 63 137 191 21 
326 50 62 118 184 32 
327 55 56 117 181 35 
328 46 49 116 181 32 
329 43 47 109 144 20 
330 39 55 84 130 20 
331 35 42 72 128 18 
332 35 34 61 109 11 
333 31 45 69 84 12 
334 34 46 67 77 13 
335 27 44 67 68 9 
336 30 41 66 67 8 
337 24 36 63 71 11 
338 18 33 53 62 8 
339 21 38 45 50 6 
340 15 32 35 51 4 
341 16 40 32 54 4 
342 11 38 25 51 3 
343 10 43 27 46 3 
344 11 37 21 41 1 
345 10 32 15 43 0 
346 8 28 15 31 0 
347 12 20 15 37 0 
348 12 18 16 35 0 
349 12 21 12 34 1 
350 11 22 7 30 3 
351 8 26 8 25 3 
352 6 37 6 21 2 
353 9 29 8 14 1 
354 5 13 11 14 1 
355 3 8 8 15 2 
356 3 15 6 12 2 
357 2 14 5 14 3 
358 3 24 5 13 1 
359 0 20 7 14 0 
360 0 19 4 16 0 
361 1 17 5 13 0 
362 1 18 7 9 0 
363 1 14 11 10 0 
364 1 12 12 12 0 
365 2 9 10 12 0 
366 3 11 11 10 0 
367 3 8 16 8 0 
368 2 8 14 7 0 
369 5 4 8 6 0 
370 7 5 8 5 0 
371 6 4 5 4 0 
372 4 2 4 3 0 
373 1 1 7 3 0 
374 0 2 7 1 0 
375 0 0 7 1 0 
376 0 0 7 2 0 
377 0 0 6 1 0 
378 0 0 7 0 0 
379 0 0 5 0 0 
380 0 0 5 0 0 
381 0 0 3 0 0 
382 0 0 3 0 0 
383 0 0 3 0 0 
384 0 0 3 0 0 
385 0 0 2 0 0 
386 0 0 2 0 0 
387 0 0 5 0 0 
388 0 0 6 1 0 
389 0 0 2 1 0 
390 0 0 5 2 0 
391 0 0 6 2 0 
392 0 0 6 2 0 
393 0 0 7 3 0 
394 0 0 7 3 0 
395 0 0 6 3 0 
396 0 0 8 3 0 
397 0 0 9 3 0 
398 0 0 8 5 0 
399 0 0 8 5 0 
400 0 0 7 4 0 
401 0 0 6 2 0 
402 0 0 3 1 0 
403 0 0 3 1 0 
404 0 0 2 1 0 
405 0 0 1 0 0 
406 0 0 0 0 0 
