1 0 4 0 0 0 
2 0 4 0 1 0 
3 0 3 0 0 0 
4 0 4 0 1 0 
5 0 1 0 2 0 
6 0 2 0 1 0 
7 0 6 0 3 0 
8 0 1 0 1 0 
9 0 3 0 0 0 
10 0 7 0 1 0 
11 0 9 2 0 0 
12 0 5 1 0 0 
13 0 7 0 1 0 
14 0 5 0 2 0 
15 0 5 0 3 0 
16 0 2 1 5 0 
17 0 7 1 4 0 
18 0 5 0 4 0 
19 0 5 0 7 0 
20 0 2 1 6 0 
21 0 5 0 9 0 
22 0 5 0 6 0 
23 1 3 0 7 0 
24 1 4 0 5 0 
25 3 8 0 9 0 
26 2 4 0 7 0 
27 1 4 0 3 0 
28 0 8 1 1 0 
29 0 5 2 3 0 
30 0 7 0 13 0 
31 0 5 0 9 0 
32 3 6 1 4 0 
33 2 10 2 5 0 
34 2 11 2 7 0 
35 3 11 3 13 0 
36 2 18 5 5 1 
37 2 10 1 8 0 
38 4 19 7 9 1 
39 2 6 6 3 3 
40 5 10 5 10 5 
41 2 24 11 6 0 
42 7 21 11 5 2 
43 4 21 6 7 3 
44 3 27 12 8 2 
45 3 32 15 7 2 
46 4 41 13 5 2 
47 1 30 14 15 0 
48 4 43 14 5 3 
49 8 46 5 13 1 
50 6 44 21 8 3 
51 6 45 8 7 1 
52 9 67 20 12 2 
53 6 60 14 8 3 
54 8 88 8 13 0 
55 5 76 12 7 2 
56 4 79 19 15 3 
57 7 97 15 22 2 
58 17 91 16 14 4 
59 17 105 9 14 5 
60 16 98 13 21 2 
61 5 114 8 29 1 
62 16 114 16 16 2 
63 17 113 19 28 2 
64 22 131 21 17 5 
65 15 127 26 41 4 
66 16 142 29 35 8 
67 20 183 29 46 2 
68 22 172 27 32 5 
69 20 150 51 42 5 
70 21 174 46 31 4 
71 16 199 38 55 7 
72 32 228 50 55 5 
73 27 246 63 62 12 
74 33 261 45 68 8 
75 43 249 61 74 9 
76 41 276 58 68 12 
77 41 273 85 74 10 
78 38 295 87 88 12 
79 60 279 76 96 14 
80 44 337 101 104 10 
81 47 350 97 107 15 
82 50 352 98 136 24 
83 61 384 99 127 17 
84 62 401 127 158 19 
85 54 432 126 143 13 
86 67 468 153 153 19 
87 64 475 143 144 12 
88 80 510 146 149 11 
89 77 514 185 159 23 
90 89 549 182 169 17 
91 82 615 201 189 18 
92 87 630 206 183 25 
93 96 661 239 213 37 
94 113 636 202 254 35 
95 101 680 242 224 38 
96 112 763 219 264 37 
97 125 755 264 274 37 
98 135 829 265 326 34 
99 137 851 303 350 35 
100 145 934 303 344 48 
101 168 940 302 364 48 
102 162 953 341 395 31 
103 184 1037 361 438 38 
104 191 1008 367 480 41 
105 233 1140 409 489 54 
106 180 1261 424 565 52 
107 214 1218 473 577 76 
108 236 1225 474 608 64 
109 228 1299 515 594 74 
110 252 1382 577 638 88 
111 229 1426 520 667 93 
112 238 1595 617 673 99 
113 260 1592 633 626 79 
114 276 1767 669 716 117 
115 313 1838 690 793 123 
116 335 1794 778 834 131 
117 342 1853 844 824 113 
118 347 2014 920 894 133 
119 355 2036 883 935 156 
120 401 2046 970 958 149 
121 374 2222 1008 1090 162 
122 408 2306 1112 1160 179 
123 444 2355 1114 1257 170 
124 465 2453 1167 1327 177 
125 501 2545 1289 1382 190 
126 494 2589 1351 1422 199 
127 577 2658 1347 1547 220 
128 616 2773 1477 1609 230 
129 619 2791 1547 1663 264 
130 663 2770 1581 1764 256 
131 646 2866 1709 1922 269 
132 699 2978 1735 1986 271 
133 718 3050 1811 1962 278 
134 718 3116 1926 2107 314 
135 708 3122 1993 2104 320 
136 755 3265 2004 2312 340 
137 816 3288 2171 2376 347 
138 775 3427 2141 2425 379 
139 883 3396 2181 2454 399 
140 918 3541 2440 2529 408 
141 911 3610 2418 2669 448 
142 966 3666 2521 2790 435 
143 985 3762 2748 2883 461 
144 1076 3798 2799 2971 494 
145 1069 3837 2871 3045 578 
146 1129 3754 2959 3266 559 
147 1075 3871 3076 3456 542 
148 1073 4109 3204 3365 553 
149 1242 4059 3300 3552 560 
150 1228 4051 3436 3644 598 
151 1180 4248 3546 3722 646 
152 1262 4184 3529 3848 585 
153 1385 4145 3525 4035 648 
154 1298 4227 3832 4000 745 
155 1376 4160 3728 4127 681 
156 1415 4175 4010 4241 759 
157 1563 4183 4076 4250 734 
158 1510 4169 4156 4361 771 
159 1571 4239 4279 4431 811 
160 1583 4270 4345 4571 851 
161 1546 4294 4401 4693 856 
162 1572 3989 4566 4694 905 
163 1614 4064 4505 4790 908 
164 1643 3877 4594 4890 920 
165 1619 3975 4654 4794 901 
166 1631 3850 4770 5114 915 
167 1610 3970 4829 5018 930 
168 1598 3698 4846 5130 998 
169 1634 3843 4955 5098 1027 
170 1675 3757 4933 5047 1033 
171 1665 3629 4935 5147 963 
172 1659 3596 5072 5223 990 
173 1730 3543 4925 5224 1079 
174 1676 3498 5009 5193 1027 
175 1658 3434 5092 5098 1003 
176 1667 3292 5063 5147 1004 
177 1610 3223 4974 5178 1036 
178 1658 3132 5051 5261 990 
179 1660 3017 5169 5186 1042 
180 1705 3013 5022 5150 1016 
181 1640 2874 5033 4979 1030 
182 1614 2875 5079 5097 996 
183 1612 2742 4973 5009 963 
184 1585 2746 4981 5019 975 
185 1591 2712 4887 4886 915 
186 1506 2602 4920 4980 933 
187 1421 2568 4713 4930 943 
188 1518 2559 4857 4660 891 
189 1619 2386 4729 4776 961 
190 1559 2318 4634 4641 939 
191 1575 2353 4637 4559 898 
192 1522 2226 4502 4436 907 
193 1470 2221 4381 4521 869 
194 1381 2140 4549 4398 861 
195 1385 2032 4254 4367 825 
196 1430 2065 4424 4261 841 
197 1465 1929 4177 4266 789 
198 1442 1878 4206 4041 848 
199 1343 1841 4040 3929 876 
200 1344 1781 4093 3864 767 
201 1276 1731 3863 3731 820 
202 1253 1619 3941 3638 790 
203 1238 1677 3831 3634 741 
204 1210 1569 3822 3668 711 
205 1184 1520 3605 3518 762 
206 1171 1570 3634 3312 722 
207 1139 1454 3523 3258 755 
208 1112 1429 3389 3106 713 
209 1066 1370 3387 3313 652 
210 1078 1324 3218 3111 655 
211 992 1287 3070 3023 581 
212 995 1199 3109 2872 599 
213 916 1147 2900 2859 589 
214 920 1105 2997 2707 566 
215 836 1184 2813 2709 571 
216 809 1058 2776 2523 587 
217 893 1016 2687 2441 528 
218 791 914 2604 2331 522 
219 731 959 2477 2335 511 
220 761 915 2530 2205 504 
221 682 865 2402 2134 452 
222 624 813 2261 2012 469 
223 647 849 2204 1928 397 
224 635 773 2036 1885 432 
225 612 729 2062 1809 415 
226 581 712 1890 1681 402 
227 579 698 1855 1631 370 
228 556 667 1735 1620 402 
229 528 573 1723 1539 385 
230 512 622 1699 1473 345 
231 454 538 1590 1456 362 
232 487 530 1570 1350 308 
233 486 483 1472 1306 333 
234 433 540 1389 1270 303 
235 401 510 1408 1243 332 
236 453 503 1289 1111 278 
237 384 487 1287 1116 245 
238 373 471 1237 1102 219 
239 380 421 1208 1071 234 
240 338 392 1170 1041 239 
241 349 385 1140 1019 235 
242 344 374 1131 890 215 
243 322 353 998 941 215 
244 286 314 1006 878 202 
245 317 312 922 833 195 
246 282 319 908 798 179 
247 250 294 791 782 207 
248 266 285 766 746 176 
249 244 283 789 695 159 
250 234 277 777 658 137 
251 215 293 690 617 139 
252 216 239 624 619 147 
253 216 214 659 568 126 
254 196 209 644 545 143 
255 201 218 618 531 134 
256 150 195 607 513 123 
257 171 191 607 502 111 
258 163 196 574 456 121 
259 176 150 517 449 114 
260 173 174 516 408 106 
261 144 163 490 428 96 
262 144 147 470 389 66 
263 133 131 472 402 86 
264 157 145 442 313 76 
265 132 138 433 340 75 
266 111 149 412 358 75 
267 99 136 439 307 61 
268 133 126 383 297 55 
269 99 130 327 306 73 
270 108 121 342 297 81 
271 86 111 345 244 67 
272 85 105 309 240 51 
273 79 104 309 231 39 
274 75 76 261 213 53 
275 74 87 265 200 34 
276 72 85 272 210 28 
277 57 75 262 219 40 
278 83 64 238 189 31 
279 58 73 225 171 30 
280 68 62 221 178 30 
281 64 62 218 184 29 
282 53 72 203 165 21 
283 51 61 200 158 23 
284 46 62 184 128 29 
285 39 63 165 136 20 
286 43 62 181 147 21 
287 48 46 149 131 23 
288 50 55 173 133 21 
289 43 54 128 124 18 
290 47 49 161 116 20 
291 40 45 140 116 20 
292 38 44 113 117 11 
293 35 30 106 91 9 
294 43 34 111 92 14 
295 38 31 124 79 11 
296 22 38 112 79 9 
297 32 29 102 68 16 
298 26 30 111 62 12 
299 21 30 86 63 19 
300 19 29 100 75 15 
301 18 14 80 58 9 
302 24 15 79 71 9 
303 14 26 77 55 9 
304 24 14 63 44 15 
305 30 28 65 37 11 
306 18 22 55 51 7 
307 19 21 41 57 5 
308 19 19 47 44 8 
309 24 21 52 61 6 
310 22 20 57 52 6 
311 21 19 42 53 5 
312 15 17 47 38 8 
313 16 22 30 36 7 
314 17 21 39 30 3 
315 13 13 36 39 10 
316 22 16 30 35 7 
317 13 14 26 23 8 
318 15 15 34 38 4 
319 11 20 43 21 4 
320 15 14 39 23 7 
321 12 20 27 26 5 
322 12 21 33 28 3 
323 7 17 36 27 0 
324 11 14 31 23 3 
325 4 14 28 24 1 
326 7 13 28 25 3 
327 5 14 17 20 4 
328 8 19 31 19 1 
329 5 11 33 21 5 
330 3 11 23 21 1 
331 1 9 23 20 4 
332 10 12 24 17 2 
333 4 18 19 14 3 
334 2 17 23 14 2 
335 5 13 23 13 3 
336 8 19 24 20 1 
337 4 16 21 19 3 
338 5 11 24 15 1 
339 4 17 14 20 3 
340 5 14 9 19 4 
341 9 11 22 14 5 
342 6 15 22 16 1 
343 4 8 20 16 1 
344 2 15 16 14 2 
345 2 14 19 18 4 
346 8 15 19 13 3 
347 11 8 11 13 1 
348 3 10 14 14 1 
349 3 11 14 14 3 
350 0 9 7 7 4 
351 2 9 14 8 2 
352 1 12 10 4 1 
353 4 15 5 9 0 
354 3 11 6 9 2 
355 3 12 8 9 1 
356 5 10 9 5 3 
357 4 7 6 11 4 
358 3 8 5 6 2 
359 4 12 8 5 1 
360 0 4 8 5 1 
361 0 7 7 10 0 
362 2 11 5 6 1 
363 1 2 5 7 0 
364 2 2 4 10 0 
365 2 1 5 7 1 
366 2 3 4 4 0 
367 2 6 6 7 0 
368 1 3 7 11 0 
369 1 4 3 16 0 
370 1 1 1 7 0 
371 2 6 7 10 0 
372 3 1 8 17 0 
373 2 2 5 18 1 
374 2 4 4 16 0 
375 3 3 1 16 0 
376 1 0 5 13 0 
377 3 2 3 9 0 
378 2 2 8 12 0 
379 4 4 6 10 0 
380 3 1 4 11 0 
381 1 2 7 14 0 
382 2 5 0 3 0 
383 3 2 1 4 0 
384 2 5 2 3 0 
385 1 2 2 9 0 
386 0 0 3 5 0 
387 0 3 6 6 1 
388 1 1 4 2 1 
389 1 3 0 1 0 
390 0 1 2 0 0 
391 1 4 2 1 0 
392 0 2 0 0 0 
393 0 2 2 2 0 
394 1 0 1 1 0 
395 1 2 0 0 0 
396 1 1 0 3 0 
397 0 0 1 0 0 
398 1 0 1 2 0 
399 0 2 1 2 0 
400 0 1 0 0 0 
401 0 2 3 0 0 
402 0 1 1 0 0 
403 0 2 1 1 0 
404 0 0 2 1 0 
405 0 0 0 2 0 
406 0 0 1 2 0 
407 0 0 1 3 0 
408 0 0 1 3 0 
409 0 1 1 2 0 
410 0 0 1 2 0 
411 0 2 2 3 0 
412 0 0 0 2 0 
413 0 0 0 2 0 
414 0 1 0 0 0 
415 0 0 0 1 0 
416 0 0 0 2 0 
417 0 0 2 1 0 
418 0 0 0 3 0 
419 0 0 0 6 0 
420 0 0 1 1 0 
421 0 0 1 0 0 
422 0 0 0 2 0 
423 0 1 0 2 0 
424 0 0 0 1 0 
425 0 0 0 3 0 
426 2 0 0 0 0 
427 0 0 0 1 0 
428 1 0 0 2 0 
429 0 0 0 0 0 
430 0 0 0 0 0 
431 0 0 0 1 0 
432 0 0 0 1 0 
433 0 0 0 0 0 
434 0 0 0 0 0 
435 0 0 0 0 0 
436 0 0 0 0 0 
437 0 0 0 0 0 
438 0 0 0 1 0 
