1 0 10 0 0 0 
2 0 8 0 1 0 
3 0 6 0 2 0 
4 0 7 0 1 0 
5 0 6 1 1 0 
6 0 8 2 2 0 
7 2 5 1 1 0 
8 3 5 3 1 0 
9 4 6 2 1 0 
10 1 7 2 1 0 
11 1 8 2 1 0 
12 1 10 1 0 0 
13 1 15 0 0 0 
14 2 14 0 0 0 
15 2 12 0 0 0 
16 2 9 0 0 0 
17 2 12 0 0 0 
18 2 8 0 1 0 
19 2 6 0 1 0 
20 3 4 0 2 0 
21 2 3 0 1 0 
22 1 5 0 1 0 
23 1 9 0 0 0 
24 1 8 1 0 0 
25 0 8 1 0 0 
26 0 7 1 0 0 
27 0 7 1 0 0 
28 0 8 1 0 0 
29 0 8 0 0 0 
30 0 7 0 0 0 
31 0 9 0 0 0 
32 0 8 0 0 0 
33 0 7 0 0 0 
34 0 6 0 0 0 
35 0 5 0 0 0 
36 1 6 0 0 0 
37 1 6 0 0 0 
38 1 5 0 0 0 
39 1 5 0 0 0 
40 1 4 0 1 0 
41 0 7 0 3 0 
42 0 6 0 3 0 
43 0 7 0 1 0 
44 0 10 1 1 0 
45 2 14 1 1 0 
46 2 13 2 1 0 
47 3 16 2 2 0 
48 3 14 1 4 0 
49 3 14 3 5 0 
50 3 17 7 7 0 
51 3 11 11 12 0 
52 3 10 11 8 0 
53 4 13 11 7 0 
54 4 17 17 7 0 
55 4 13 19 8 1 
56 7 13 22 9 1 
57 10 14 26 8 1 
58 7 14 19 7 1 
59 5 18 19 9 0 
60 4 24 21 4 0 
61 6 33 14 7 0 
62 8 37 16 9 0 
63 8 34 11 6 0 
64 6 38 12 6 0 
65 5 41 16 4 0 
66 6 43 13 3 0 
67 6 41 12 4 0 
68 7 33 15 5 0 
69 8 32 17 6 0 
70 7 39 15 8 0 
71 8 53 17 7 0 
72 7 48 25 14 0 
73 8 54 26 14 2 
74 10 59 16 17 4 
75 12 60 14 21 4 
76 15 68 19 21 3 
77 15 78 16 21 2 
78 14 75 12 24 2 
79 13 93 15 29 2 
80 10 85 15 41 3 
81 13 91 18 45 3 
82 13 95 22 42 2 
83 13 106 23 52 1 
84 15 113 23 51 3 
85 17 116 31 49 4 
86 17 129 32 45 7 
87 22 135 26 50 7 
88 21 143 36 54 9 
89 23 156 42 47 16 
90 22 157 46 47 15 
91 27 136 53 56 19 
92 26 153 53 67 15 
93 22 167 53 61 15 
94 25 168 58 63 16 
95 28 199 67 74 27 
96 32 213 70 78 29 
97 42 227 73 88 33 
98 41 213 69 95 34 
99 33 227 75 92 30 
100 28 252 78 112 32 
101 25 264 72 116 40 
102 21 258 82 125 39 
103 27 261 80 137 34 
104 34 272 81 143 35 
105 41 283 92 139 35 
106 42 309 104 177 30 
107 44 316 99 168 29 
108 47 358 106 182 28 
109 56 371 125 209 28 
110 60 396 135 208 26 
111 63 392 130 219 28 
112 77 401 149 234 30 
113 95 401 162 239 27 
114 114 438 176 262 24 
115 107 466 172 271 30 
116 114 486 174 269 29 
117 115 527 188 262 25 
118 123 526 194 275 34 
119 122 569 223 302 35 
120 106 615 227 315 30 
121 123 618 284 322 28 
122 140 635 293 308 31 
123 133 659 299 326 34 
124 132 689 297 343 33 
125 118 730 310 385 42 
126 116 752 319 425 37 
127 129 787 349 438 45 
128 138 872 378 459 46 
129 160 882 414 485 51 
130 155 949 441 513 59 
131 171 1012 425 501 74 
132 184 1030 451 549 71 
133 186 1073 451 590 68 
134 222 1121 439 634 85 
135 243 1200 473 690 86 
136 244 1263 485 714 97 
137 279 1356 522 734 99 
138 283 1407 565 775 104 
139 298 1492 608 805 115 
140 291 1541 649 871 131 
141 289 1624 742 937 145 
142 308 1720 801 991 134 
143 321 1792 840 1056 138 
144 315 1907 919 1104 150 
145 349 2039 1034 1105 175 
146 398 2173 1102 1186 186 
147 406 2328 1121 1272 186 
148 449 2464 1242 1367 189 
149 468 2495 1329 1466 196 
150 490 2661 1377 1582 218 
151 521 2787 1453 1639 233 
152 555 2824 1515 1719 257 
153 570 2978 1586 1817 282 
154 621 3079 1655 1902 293 
155 668 3302 1771 1978 336 
156 705 3373 1888 2055 348 
157 752 3487 1958 2085 337 
158 780 3654 2081 2170 340 
159 795 3799 2211 2296 360 
160 861 3901 2270 2422 370 
161 909 4069 2370 2547 385 
162 889 4207 2477 2687 409 
163 925 4334 2542 2789 433 
164 982 4539 2709 2953 450 
165 1006 4753 2755 3043 472 
166 1056 4944 2937 3138 448 
167 1109 5163 3043 3236 462 
168 1127 5353 3126 3434 480 
169 1145 5597 3237 3598 513 
170 1179 5836 3401 3786 546 
171 1257 6088 3559 3888 580 
172 1336 6362 3650 4012 617 
173 1367 6530 3843 4233 675 
174 1400 6814 4020 4418 685 
175 1489 6952 4199 4547 735 
176 1574 7136 4505 4755 758 
177 1670 7374 4646 5052 741 
178 1703 7686 4974 5419 768 
179 1803 7866 5131 5667 785 
180 1893 8174 5356 5887 848 
181 1928 8428 5531 6204 808 
182 2016 8781 5696 6543 851 
183 2040 9008 5997 6694 903 
184 2167 9384 6239 7031 930 
185 2226 9517 6361 7371 993 
186 2342 9674 6586 7680 1013 
187 2396 9859 6823 7792 1100 
188 2445 10238 7054 8040 1129 
189 2493 10524 7418 8394 1151 
190 2643 10672 7641 8688 1231 
191 2737 10908 7901 9088 1313 
192 2892 11320 8172 9361 1385 
193 3054 11607 8523 9671 1409 
194 3116 11774 8724 10123 1487 
195 3271 12085 9034 10494 1477 
196 3328 12206 9419 10782 1586 
197 3411 12266 9778 11063 1612 
198 3459 12323 9923 11399 1739 
199 3625 12323 10271 11676 1804 
200 3686 12399 10572 12033 1855 
201 3785 12501 11060 12298 1902 
202 3947 12508 11412 12379 1996 
203 4071 12674 11745 12592 2083 
204 4153 12801 11993 12860 2207 
205 4201 12861 12348 13294 2220 
206 4286 12881 12584 13507 2273 
207 4325 12738 13079 13829 2361 
208 4424 12736 13368 14062 2417 
209 4468 12687 13569 14285 2443 
210 4569 12719 13559 14555 2498 
211 4563 12681 13629 14798 2567 
212 4688 12745 13860 14944 2585 
213 4655 12640 14182 15158 2634 
214 4666 12461 14271 15265 2673 
215 4682 12427 14381 15497 2794 
216 4760 12261 14521 15872 2787 
217 4767 12122 14553 15938 2739 
218 4754 12006 14532 15889 2654 
219 4769 11790 14568 15923 2697 
220 4821 11653 14811 15942 2768 
221 4894 11484 14849 16004 2781 
222 4843 11421 14903 16081 2787 
223 4952 11224 15059 16008 2797 
224 4894 10992 14976 16129 2864 
225 4919 10664 15061 16058 2932 
226 4996 10428 15096 15869 3018 
227 4854 10141 15053 15662 3052 
228 4754 9870 15315 15529 3045 
229 4700 9679 15147 15348 2964 
230 4792 9426 15122 15231 2906 
231 4775 9155 14994 15048 2981 
232 4680 9090 14834 15020 2868 
233 4622 8849 14583 14705 2852 
234 4586 8583 14416 14343 2828 
235 4566 8338 14174 14040 2791 
236 4555 8073 14003 13868 2851 
237 4564 7852 13998 13833 2791 
238 4490 7675 13857 13660 2792 
239 4488 7451 13744 13346 2776 
240 4429 7314 13477 13162 2736 
241 4348 7028 13367 12780 2681 
242 4274 6811 13151 12437 2667 
243 4156 6530 13089 12310 2665 
244 4204 6374 12763 12098 2608 
245 4145 6144 12416 11821 2456 
246 4033 5983 12213 11388 2452 
247 3849 5814 12027 11024 2493 
248 3772 5740 11746 10721 2459 
249 3680 5562 11463 10479 2409 
250 3585 5372 11136 10186 2353 
251 3481 5152 10899 9890 2332 
252 3441 4835 10731 9607 2314 
253 3348 4619 10534 9404 2199 
254 3289 4529 10299 9092 2129 
255 3146 4398 10060 8988 2038 
256 3096 4284 9799 8748 2012 
257 3023 4063 9583 8436 1979 
258 2947 3901 9307 8267 1903 
259 2841 3748 9143 7993 1843 
260 2773 3653 8883 7691 1811 
261 2640 3476 8812 7429 1797 
262 2485 3360 8611 7285 1780 
263 2398 3336 8405 7201 1728 
264 2351 3152 8065 6861 1701 
265 2253 3056 7925 6617 1643 
266 2190 3018 7661 6289 1604 
267 2070 2844 7461 6002 1580 
268 1967 2839 7235 5800 1514 
269 1941 2748 6988 5667 1464 
270 1863 2596 6632 5546 1404 
271 1831 2505 6397 5449 1369 
272 1842 2380 6258 5209 1306 
273 1801 2327 6146 5023 1231 
274 1712 2234 6055 4838 1190 
275 1634 2167 5841 4714 1171 
276 1620 2077 5640 4547 1104 
277 1607 1945 5455 4438 1048 
278 1546 1852 5176 4249 1024 
279 1549 1711 5106 4134 967 
280 1472 1686 4937 3937 935 
281 1428 1627 4748 3738 877 
282 1333 1583 4528 3669 807 
283 1268 1568 4382 3553 779 
284 1254 1502 4212 3422 755 
285 1243 1468 4011 3189 727 
286 1181 1401 3856 3082 689 
287 1147 1358 3762 2990 649 
288 1104 1340 3649 2865 670 
289 1050 1300 3437 2770 645 
290 1044 1221 3302 2671 612 
291 1024 1202 3156 2595 596 
292 940 1181 3056 2544 603 
293 887 1093 2931 2430 569 
294 861 1047 2846 2314 555 
295 858 1017 2727 2213 523 
296 821 953 2629 2158 516 
297 776 890 2544 2030 474 
298 699 893 2436 1967 483 
299 666 847 2306 1875 457 
300 621 797 2228 1744 431 
301 599 773 2138 1695 418 
302 580 720 2015 1656 405 
303 556 706 1849 1573 402 
304 514 687 1808 1437 366 
305 520 630 1682 1394 350 
306 523 605 1624 1305 311 
307 512 599 1581 1242 293 
308 499 540 1545 1208 291 
309 478 509 1508 1168 299 
310 440 485 1482 1101 283 
311 421 475 1388 1057 281 
312 386 449 1290 1001 257 
313 378 415 1234 913 243 
314 386 407 1160 899 236 
315 332 387 1103 866 230 
316 319 392 1102 826 207 
317 314 388 1068 795 202 
318 301 354 1020 777 187 
319 282 308 965 763 191 
320 264 306 922 716 204 
321 241 316 887 659 187 
322 246 299 849 625 170 
323 230 270 866 588 154 
324 232 262 823 575 153 
325 239 219 772 540 136 
326 216 219 718 538 116 
327 198 195 655 537 101 
328 197 187 616 528 84 
329 177 206 576 498 73 
330 178 208 579 463 74 
331 175 194 563 447 77 
332 178 174 520 436 74 
333 171 172 508 422 66 
334 163 158 465 399 65 
335 146 158 458 403 58 
336 131 145 444 384 57 
337 123 146 405 375 64 
338 114 141 389 371 63 
339 105 151 399 341 68 
340 86 152 374 333 61 
341 98 146 351 296 52 
342 97 129 325 291 46 
343 95 131 288 284 47 
344 97 120 271 267 37 
345 84 114 270 242 40 
346 82 107 270 239 38 
347 88 116 256 227 45 
348 91 100 228 206 45 
349 82 113 212 204 42 
350 85 102 203 187 47 
351 75 102 194 176 46 
352 70 103 208 176 40 
353 71 90 193 160 36 
354 58 91 180 135 41 
355 52 79 168 122 39 
356 47 74 159 121 44 
357 44 71 138 119 36 
358 44 72 125 116 28 
359 38 72 132 119 28 
360 35 71 118 120 27 
361 25 75 124 116 22 
362 26 74 113 117 21 
363 24 71 102 103 27 
364 20 58 106 99 19 
365 12 52 106 91 22 
366 14 56 103 90 17 
367 13 57 93 76 15 
368 15 54 104 83 14 
369 15 52 104 72 10 
370 18 56 98 65 10 
371 16 58 95 60 9 
372 15 46 94 59 9 
373 15 41 86 53 8 
374 12 47 84 55 9 
375 16 47 76 52 7 
376 13 35 81 51 9 
377 7 28 76 50 8 
378 7 23 71 52 2 
379 13 20 71 49 1 
380 10 17 70 44 0 
381 11 15 59 38 0 
382 13 16 49 36 0 
383 11 15 55 35 0 
384 10 10 49 33 0 
385 12 5 44 26 0 
386 16 5 46 26 0 
387 19 5 48 30 0 
388 18 12 41 23 0 
389 23 14 48 31 0 
390 23 12 43 27 0 
391 15 13 47 28 0 
392 14 10 47 27 0 
393 17 9 38 24 0 
394 18 12 36 26 0 
395 21 15 29 22 1 
396 17 17 33 17 2 
397 14 17 28 25 1 
398 15 16 31 20 1 
399 15 14 29 14 1 
400 14 14 27 12 3 
401 12 14 32 11 3 
402 15 16 36 15 6 
403 11 12 31 12 9 
404 6 12 25 15 8 
405 7 12 25 14 3 
406 9 11 17 10 3 
407 8 13 14 10 1 
408 11 13 12 11 1 
409 10 12 16 11 1 
410 11 19 11 8 2 
411 12 20 12 7 3 
412 17 22 17 5 2 
413 15 26 16 6 2 
414 12 18 21 9 2 
415 11 15 23 10 3 
416 6 16 19 13 3 
417 4 14 23 16 5 
418 4 13 27 15 1 
419 1 15 28 14 2 
420 1 14 22 16 4 
421 1 10 20 15 1 
422 2 12 16 11 3 
423 2 11 12 11 3 
424 2 7 14 10 2 
425 0 7 13 8 1 
426 2 6 11 8 0 
427 1 8 9 6 0 
428 1 7 13 4 0 
429 0 7 12 3 0 
430 0 6 8 5 0 
431 0 5 9 4 0 
432 0 4 7 3 0 
433 0 5 8 3 0 
434 1 6 9 0 0 
435 1 8 11 0 0 
436 0 6 14 0 0 
437 0 6 10 0 0 
438 0 7 8 0 0 
439 0 8 6 0 0 
440 0 7 5 0 0 
441 0 10 4 0 0 
442 2 8 4 0 0 
443 1 9 4 1 0 
444 1 7 4 1 0 
445 4 8 5 1 0 
446 1 9 4 3 0 
447 0 9 5 3 0 
448 0 10 7 2 0 
449 0 5 8 2 0 
450 0 5 6 2 0 
451 0 8 7 2 0 
452 0 5 7 2 0 
453 0 4 8 3 0 
454 0 0 9 5 0 
455 0 0 11 3 0 
456 0 1 11 2 0 
457 0 0 11 2 0 
458 0 0 6 2 0 
459 0 2 4 1 0 
460 0 5 3 1 0 
461 0 3 2 0 0 
462 1 3 2 0 0 
463 2 2 1 0 0 
464 1 1 0 0 0 
465 0 0 0 0 0 
