1 0 5 0 0 0 
2 0 9 0 0 0 
3 0 6 0 0 0 
4 0 9 0 0 0 
5 0 6 0 0 0 
6 0 8 0 0 0 
7 0 10 0 0 0 
8 0 12 0 0 0 
9 0 12 0 0 0 
10 2 16 0 0 0 
11 0 12 0 0 0 
12 0 6 0 0 0 
13 0 19 1 0 0 
14 2 10 1 0 0 
15 5 16 2 2 0 
16 2 15 0 1 0 
17 4 17 3 2 0 
18 1 14 1 1 0 
19 7 14 1 3 0 
20 4 20 2 2 1 
21 1 29 2 3 0 
22 2 25 0 2 0 
23 3 31 2 4 0 
24 1 36 1 2 0 
25 2 28 1 3 0 
26 3 30 3 7 0 
27 3 24 0 3 0 
28 4 25 0 2 0 
29 5 18 3 1 1 
30 2 23 2 4 1 
31 1 23 2 1 2 
32 6 25 3 2 3 
33 3 35 5 4 0 
34 6 39 4 4 2 
35 3 38 3 1 4 
36 6 38 1 1 5 
37 3 24 2 5 1 
38 0 30 4 8 4 
39 1 39 5 7 0 
40 1 43 1 9 2 
41 4 56 8 6 0 
42 11 54 3 11 3 
43 5 56 2 9 4 
44 6 63 5 12 2 
45 9 85 5 13 3 
46 7 62 8 4 2 
47 7 76 9 8 4 
48 14 69 5 5 6 
49 6 79 8 8 2 
50 7 76 10 8 2 
51 12 65 10 5 1 
52 5 87 3 6 4 
53 10 78 4 12 2 
54 11 79 7 8 3 
55 10 82 9 7 2 
56 9 72 10 4 3 
57 16 87 9 8 7 
58 14 75 7 13 2 
59 16 79 12 11 2 
60 12 82 19 18 1 
61 19 79 21 25 4 
62 18 104 17 19 2 
63 12 117 23 22 6 
64 19 109 29 28 11 
65 18 122 39 33 7 
66 18 154 26 44 5 
67 27 133 43 39 9 
68 18 152 44 44 10 
69 29 152 44 56 11 
70 33 152 39 61 7 
71 29 201 55 70 6 
72 34 180 56 70 10 
73 23 209 59 68 9 
74 23 195 63 68 8 
75 40 234 87 79 5 
76 43 231 92 91 7 
77 49 247 80 92 6 
78 42 268 88 101 3 
79 43 271 113 126 6 
80 54 283 111 113 4 
81 70 316 102 114 2 
82 58 341 125 151 7 
83 64 372 137 154 9 
84 75 405 158 193 5 
85 61 386 151 181 8 
86 77 439 159 184 11 
87 94 479 169 207 20 
88 94 536 152 234 16 
89 104 558 187 247 21 
90 110 550 207 239 21 
91 98 649 200 247 22 
92 109 659 207 334 23 
93 105 660 219 300 19 
94 130 724 254 286 27 
95 132 751 264 299 31 
96 125 796 291 346 39 
97 158 838 272 358 32 
98 138 897 256 380 56 
99 130 889 291 403 43 
100 134 985 324 419 44 
101 175 1038 357 426 43 
102 183 1047 396 456 56 
103 190 1017 373 514 49 
104 184 1129 445 478 71 
105 203 1156 443 546 64 
106 218 1167 484 547 59 
107 220 1224 537 577 70 
108 251 1326 525 615 86 
109 258 1357 584 624 97 
110 288 1379 643 637 86 
111 268 1433 614 722 100 
112 268 1504 628 685 120 
113 288 1577 690 773 127 
114 276 1577 725 783 129 
115 329 1644 734 838 101 
116 315 1670 807 853 100 
117 342 1711 841 866 114 
118 369 1837 856 944 125 
119 383 1772 862 979 137 
120 376 1910 937 999 154 
121 409 1953 988 1062 168 
122 385 2039 1059 1115 159 
123 422 2028 1079 1152 203 
124 441 2208 1124 1151 203 
125 487 2248 1228 1313 213 
126 485 2331 1308 1316 201 
127 533 2405 1311 1381 240 
128 584 2445 1409 1504 226 
129 584 2720 1478 1497 228 
130 585 2633 1556 1575 243 
131 573 2710 1673 1702 298 
132 572 2736 1667 1790 292 
133 669 2773 1736 1819 293 
134 604 2992 1825 1952 326 
135 732 2879 1959 1989 339 
136 655 2992 1972 2094 349 
137 795 3062 2065 2158 315 
138 744 3118 2173 2229 336 
139 852 3192 2269 2355 367 
140 879 3195 2395 2500 382 
141 891 3267 2481 2606 416 
142 899 3368 2566 2739 385 
143 1003 3422 2668 2815 433 
144 970 3491 2812 2907 431 
145 982 3531 2912 3120 456 
146 1071 3534 3060 3116 511 
147 1071 3660 3048 3207 538 
148 1054 3658 3170 3464 547 
149 1172 3811 3348 3407 626 
150 1180 3721 3349 3482 610 
151 1246 3821 3566 3581 672 
152 1308 3798 3427 3728 637 
153 1293 3862 3628 3914 656 
154 1288 3869 3779 3902 689 
155 1340 3932 3865 4039 707 
156 1302 3917 3889 4140 717 
157 1344 4036 3939 4258 781 
158 1401 4024 4004 4275 790 
159 1474 3816 4072 4322 730 
160 1387 3882 4201 4454 834 
161 1448 3824 4363 4438 846 
162 1437 3795 4341 4495 896 
163 1513 3809 4399 4675 878 
164 1505 3843 4600 4646 910 
165 1472 3767 4626 4758 854 
166 1573 3915 4554 4558 899 
167 1501 3872 4733 4881 894 
168 1565 3796 4704 4949 813 
169 1568 3784 4835 4845 935 
170 1591 3547 4938 4989 921 
171 1668 3708 4944 5034 952 
172 1623 3683 4774 5010 1041 
173 1657 3538 5004 4850 915 
174 1735 3515 4918 5055 959 
175 1672 3476 4938 4906 914 
176 1652 3342 4996 5066 1006 
177 1680 3234 4921 5039 1007 
178 1650 3189 5027 4908 1041 
179 1667 3187 5071 5029 987 
180 1725 3045 5084 4981 1029 
181 1701 3071 5018 4934 979 
182 1712 3034 5095 4958 1022 
183 1634 2973 5076 5022 1005 
184 1642 2955 5097 4938 959 
185 1580 2851 4992 4937 967 
186 1677 2812 4946 4861 1004 
187 1587 2674 4981 4882 934 
188 1572 2633 4977 4787 959 
189 1624 2554 4986 4926 917 
190 1542 2472 4822 4605 889 
191 1508 2404 4742 4621 899 
192 1538 2353 4705 4475 867 
193 1463 2271 4731 4438 862 
194 1438 2167 4680 4421 843 
195 1318 2201 4662 4380 838 
196 1463 2184 4573 4318 779 
197 1363 2192 4508 4191 800 
198 1351 2120 4409 4121 791 
199 1253 2036 4245 3926 787 
200 1346 1914 4195 3954 766 
201 1255 1835 4217 3855 764 
202 1233 1797 3946 3927 745 
203 1106 1791 3900 3684 761 
204 1124 1678 3780 3617 775 
205 1084 1677 3844 3479 703 
206 1042 1560 3687 3387 711 
207 1134 1568 3568 3475 663 
208 1091 1542 3536 3163 695 
209 1047 1430 3345 3180 640 
210 966 1445 3255 3171 620 
211 1023 1423 3256 3074 626 
212 967 1405 3160 2831 610 
213 995 1325 3068 2820 591 
214 958 1176 2967 2674 577 
215 910 1158 2850 2581 549 
216 812 1164 2697 2590 575 
217 831 1112 2787 2523 564 
218 767 1042 2525 2396 497 
219 769 1026 2485 2268 462 
220 817 933 2474 2208 482 
221 781 963 2292 2103 424 
222 710 875 2293 2127 408 
223 668 835 2263 2011 412 
224 633 831 2251 1972 404 
225 632 788 2083 1823 429 
226 592 717 1946 1808 398 
227 598 716 1916 1786 372 
228 573 698 1868 1541 332 
229 545 660 1773 1614 342 
230 545 664 1700 1547 330 
231 514 572 1709 1445 309 
232 538 582 1676 1403 300 
233 474 553 1565 1337 292 
234 493 568 1531 1281 258 
235 491 545 1441 1316 232 
236 458 540 1386 1203 248 
237 418 476 1366 1158 228 
238 402 457 1295 1072 237 
239 392 476 1282 1062 216 
240 400 428 1259 1028 227 
241 385 437 1118 1021 197 
242 355 461 1100 968 208 
243 324 413 1111 956 195 
244 300 414 1069 869 148 
245 304 427 1000 853 165 
246 288 372 950 782 158 
247 292 367 871 775 143 
248 278 313 861 746 156 
249 261 334 826 706 147 
250 263 367 793 703 125 
251 255 322 746 674 119 
252 241 291 734 640 120 
253 215 291 707 650 109 
254 226 296 669 606 101 
255 221 235 688 576 92 
256 187 286 613 508 82 
257 174 271 591 497 93 
258 177 246 620 455 98 
259 166 220 591 442 71 
260 176 223 522 453 64 
261 155 220 529 434 92 
262 173 222 539 394 94 
263 138 213 488 419 78 
264 142 198 491 373 76 
265 130 184 487 366 72 
266 120 150 427 376 76 
267 120 156 393 377 69 
268 111 133 384 350 73 
269 110 173 351 314 73 
270 110 156 356 327 58 
271 111 128 325 261 58 
272 102 123 286 287 65 
273 84 133 294 283 46 
274 107 123 292 252 67 
275 85 132 292 264 49 
276 90 98 239 234 35 
277 85 104 259 209 54 
278 66 109 240 187 38 
279 57 85 214 187 46 
280 60 84 221 161 43 
281 72 78 219 169 27 
282 73 82 206 157 27 
283 54 93 191 134 34 
284 57 81 169 141 29 
285 52 79 151 122 30 
286 50 87 194 169 31 
287 43 87 162 138 35 
288 52 67 163 123 37 
289 57 78 173 133 37 
290 48 88 148 105 29 
291 36 54 129 93 27 
292 34 59 159 100 27 
293 44 69 138 98 19 
294 41 55 111 110 20 
295 47 50 131 95 27 
296 37 50 113 83 30 
297 48 57 97 80 27 
298 34 35 124 81 22 
299 30 49 130 89 18 
300 31 37 116 70 17 
301 29 39 101 67 11 
302 37 32 104 52 10 
303 26 37 109 68 13 
304 28 21 99 60 10 
305 22 21 97 63 10 
306 18 14 86 37 5 
307 27 17 78 43 15 
308 17 11 77 55 7 
309 14 11 57 46 4 
310 22 18 55 50 5 
311 20 10 56 36 7 
312 11 17 63 44 8 
313 17 17 59 23 10 
314 19 10 65 29 7 
315 14 9 70 28 2 
316 19 8 50 27 5 
317 10 5 56 25 7 
318 10 11 42 28 8 
319 18 6 40 17 9 
320 16 11 41 30 8 
321 18 8 39 40 4 
322 16 5 39 29 7 
323 12 6 34 17 2 
324 6 5 34 32 0 
325 8 6 28 31 1 
326 6 4 34 19 4 
327 6 1 36 22 0 
328 8 0 26 25 3 
329 8 2 38 28 4 
330 11 2 28 27 0 
331 6 1 33 27 3 
332 5 1 25 26 1 
333 9 2 20 18 1 
334 9 3 28 22 1 
335 8 3 33 22 0 
336 10 6 35 25 1 
337 4 2 31 23 0 
338 6 1 24 24 0 
339 3 0 22 20 0 
340 4 0 15 16 3 
341 3 1 9 15 1 
342 5 1 15 12 1 
343 3 1 10 18 1 
344 2 0 21 17 0 
345 7 1 13 15 0 
346 0 4 15 7 0 
347 2 3 17 9 0 
348 4 2 10 6 0 
349 1 0 11 10 0 
350 3 1 11 8 0 
351 2 1 7 4 0 
352 3 0 4 4 0 
353 1 0 10 12 0 
354 0 1 11 5 0 
355 0 0 8 8 0 
356 0 1 7 7 0 
357 1 2 7 2 0 
358 0 2 7 4 0 
359 1 3 7 6 0 
360 1 4 12 1 0 
361 0 3 8 1 0 
362 1 1 5 1 0 
363 0 6 5 0 0 
364 0 5 3 1 0 
365 0 6 3 1 0 
366 0 7 1 1 0 
367 0 1 1 0 0 
368 0 2 3 1 0 
369 0 3 4 1 0 
370 0 2 6 0 0 
371 1 1 3 0 0 
372 0 2 3 0 0 
373 0 0 3 1 0 
374 0 1 2 0 0 
375 0 0 2 2 0 
376 0 1 1 1 0 
377 0 1 1 0 0 
378 0 0 2 2 0 
379 0 1 4 0 0 
380 0 0 3 1 0 
381 0 3 4 0 0 
382 0 0 0 0 0 
383 0 2 3 0 0 
384 1 0 2 1 0 
385 0 0 3 0 0 
386 1 1 2 0 0 
387 0 0 2 0 0 
388 1 1 2 2 0 
389 0 0 5 1 0 
390 1 0 4 3 0 
391 2 0 1 1 0 
392 1 0 1 1 0 
393 0 0 2 4 0 
394 1 0 2 2 0 
395 0 1 1 6 0 
396 0 0 0 4 0 
397 3 0 1 3 0 
398 0 1 1 0 0 
399 0 0 2 1 0 
400 3 0 3 0 0 
401 1 0 3 2 0 
402 0 0 2 0 0 
403 0 0 4 1 0 
404 0 0 1 0 0 
405 0 0 0 0 0 
406 0 0 3 0 0 
407 0 0 1 0 0 
408 1 0 1 0 0 
409 0 0 0 0 0 
410 1 0 2 0 0 
411 0 0 2 0 0 
412 1 0 1 0 0 
413 1 0 3 0 0 
414 0 0 3 0 0 
415 0 0 2 0 0 
416 0 0 1 0 0 
417 0 0 1 0 0 
418 0 0 5 0 0 
419 0 0 1 0 0 
420 1 0 5 0 0 
421 0 0 1 0 0 
422 1 0 1 0 0 
423 0 0 1 0 0 
424 3 0 2 0 0 
425 0 0 4 1 0 
426 1 0 3 1 0 
427 0 0 8 0 0 
428 0 0 6 1 0 
429 0 0 1 1 0 
430 1 0 5 0 0 
431 0 0 0 1 0 
432 0 0 5 0 0 
433 0 0 3 1 0 
434 0 0 4 1 0 
435 0 0 3 1 0 
436 0 0 0 0 0 
437 0 0 2 0 0 
438 0 0 0 0 0 
439 0 0 0 0 0 
440 0 0 0 0 0 
441 0 0 1 0 0 
442 0 0 0 0 0 
443 0 0 0 0 0 
