1 0 9 0 0 0 
2 0 11 0 0 0 
3 0 10 0 0 0 
4 0 13 0 0 0 
5 0 12 0 0 0 
6 0 13 0 0 0 
7 0 15 0 0 0 
8 0 14 0 0 0 
9 0 12 0 0 0 
10 0 16 0 0 0 
11 0 16 0 0 0 
12 1 17 0 0 0 
13 1 19 0 0 0 
14 1 20 0 0 1 
15 1 24 0 0 1 
16 0 19 0 1 1 
17 1 22 0 1 2 
18 3 20 1 2 0 
19 0 15 1 2 1 
20 1 20 1 1 0 
21 1 15 2 2 0 
22 4 17 2 4 0 
23 8 17 4 5 0 
24 7 18 3 8 0 
25 7 15 6 8 0 
26 5 16 8 11 0 
27 5 16 14 14 0 
28 5 17 13 14 0 
29 5 17 13 20 0 
30 8 15 10 22 0 
31 5 18 7 22 0 
32 7 21 8 28 0 
33 11 24 19 30 0 
34 9 28 17 34 0 
35 8 28 15 35 0 
36 9 34 15 27 0 
37 10 45 19 23 1 
38 12 46 18 25 0 
39 11 46 18 24 0 
40 7 41 19 28 0 
41 7 43 21 35 0 
42 6 50 30 34 1 
43 5 46 43 34 2 
44 6 44 39 35 6 
45 7 50 44 39 8 
46 9 57 55 42 9 
47 10 64 70 40 12 
48 17 72 67 33 12 
49 18 74 73 40 8 
50 14 82 78 37 11 
51 15 92 86 47 16 
52 20 93 97 54 21 
53 25 96 110 55 25 
54 22 110 115 59 27 
55 15 122 131 61 32 
56 23 127 134 76 25 
57 24 130 148 68 30 
58 18 142 154 83 29 
59 22 157 168 87 28 
60 25 165 165 78 33 
61 24 183 168 66 31 
62 22 204 181 79 24 
63 23 200 181 99 26 
64 35 188 165 111 28 
65 31 187 174 104 25 
66 36 194 179 127 27 
67 45 188 195 130 27 
68 55 173 211 155 25 
69 66 179 219 173 32 
70 67 200 204 169 29 
71 65 198 219 157 34 
72 71 212 250 151 38 
73 66 223 254 179 40 
74 73 241 258 179 40 
75 80 247 270 191 37 
76 76 266 290 188 31 
77 79 283 301 226 28 
78 86 304 281 233 28 
79 105 303 278 252 23 
80 104 332 284 278 21 
81 115 348 311 292 21 
82 114 371 315 317 26 
83 115 386 308 344 29 
84 117 414 309 348 35 
85 112 431 314 360 48 
86 117 452 326 359 57 
87 125 449 343 387 66 
88 121 490 356 418 73 
89 130 525 390 466 85 
90 130 564 372 475 93 
91 141 592 364 502 95 
92 160 635 402 506 113 
93 171 667 411 528 127 
94 179 714 443 568 109 
95 176 767 451 574 110 
96 194 759 490 593 118 
97 201 769 508 625 125 
98 214 801 557 688 124 
99 224 829 571 756 134 
100 234 893 562 796 135 
101 261 898 576 850 140 
102 270 914 627 870 163 
103 288 953 660 893 170 
104 275 1041 663 931 159 
105 272 1094 676 997 158 
106 291 1151 723 1030 154 
107 305 1166 726 1104 157 
108 323 1181 782 1134 167 
109 344 1250 806 1187 181 
110 375 1329 839 1225 215 
111 398 1447 887 1281 219 
112 441 1535 927 1314 237 
113 493 1634 972 1372 246 
114 509 1736 1040 1477 236 
115 524 1842 1079 1530 261 
116 486 1941 1100 1617 261 
117 517 1972 1179 1654 291 
118 562 2028 1226 1735 311 
119 577 2096 1280 1865 303 
120 542 2238 1349 1896 334 
121 598 2300 1374 2022 324 
122 641 2336 1448 2041 356 
123 643 2327 1515 2179 355 
124 674 2376 1636 2261 387 
125 656 2497 1687 2272 376 
126 672 2620 1765 2341 412 
127 708 2736 1805 2439 408 
128 730 2882 1931 2540 436 
129 772 3031 2064 2644 467 
130 837 3187 2148 2777 498 
131 844 3340 2287 2780 533 
132 910 3494 2377 2895 547 
133 949 3643 2449 3041 571 
134 970 3714 2661 3229 563 
135 1004 3823 2716 3323 604 
136 1092 4062 2797 3387 623 
137 1157 4260 2974 3518 648 
138 1226 4378 3122 3764 661 
139 1253 4534 3218 3866 647 
140 1291 4747 3327 4004 669 
141 1356 4975 3556 4184 702 
142 1398 5116 3693 4364 694 
143 1417 5271 3856 4574 729 
144 1452 5529 4085 4754 745 
145 1500 5787 4224 5033 752 
146 1530 6029 4381 5288 789 
147 1526 6277 4614 5548 862 
148 1583 6439 4882 5693 853 
149 1688 6695 5097 5858 909 
150 1791 6994 5300 6102 972 
151 1832 7201 5451 6267 1026 
152 1913 7454 5624 6483 1068 
153 1977 7712 5896 6646 1079 
154 2054 7982 6068 6865 1153 
155 2143 8295 6376 7007 1201 
156 2156 8467 6646 7346 1233 
157 2314 8693 6875 7627 1201 
158 2379 8950 7127 7984 1258 
159 2471 9173 7316 8337 1292 
160 2556 9322 7617 8509 1321 
161 2643 9434 7931 8850 1314 
162 2727 9654 8097 8932 1358 
163 2855 9831 8256 9290 1414 
164 2978 10036 8560 9522 1426 
165 3081 10231 8913 9769 1514 
166 3223 10422 9145 10050 1537 
167 3332 10544 9460 10215 1615 
168 3325 10694 9667 10489 1691 
169 3384 10959 9869 10919 1722 
170 3456 11194 10179 11188 1799 
171 3479 11369 10540 11330 1781 
172 3593 11271 10768 11521 1830 
173 3695 11435 11069 11866 1895 
174 3859 11634 11326 12048 1985 
175 3823 11661 11560 12296 2063 
176 3925 11793 11759 12479 2153 
177 3972 12039 12059 12601 2199 
178 4060 12165 12373 12811 2262 
179 4065 12202 12616 12979 2358 
180 4157 12410 12708 13115 2330 
181 4428 12499 12807 13394 2337 
182 4426 12448 12869 13537 2390 
183 4376 12538 13066 13676 2503 
184 4440 12403 13154 13904 2545 
185 4470 12638 13388 14009 2645 
186 4533 12552 13647 14158 2648 
187 4518 12478 14016 14390 2758 
188 4640 12403 14224 14290 2780 
189 4773 12244 14306 14404 2843 
190 4717 12189 14352 14541 2873 
191 4758 12017 14647 14675 2925 
192 4657 11859 14659 14670 2960 
193 4624 11772 14610 14606 2958 
194 4704 11509 14522 14732 2922 
195 4791 11097 14490 14505 2914 
196 4765 10968 14593 14511 2861 
197 4774 10889 14647 14208 2833 
198 4750 10837 14654 14231 2810 
199 4754 10662 14768 14072 2788 
200 4703 10477 14713 13990 2859 
201 4687 10242 14505 13917 2824 
202 4639 9979 14370 13846 2782 
203 4587 9670 14240 13743 2728 
204 4674 9365 14049 13478 2701 
205 4551 9147 13919 13471 2640 
206 4371 8952 13873 13314 2618 
207 4313 8781 13677 13175 2585 
208 4305 8496 13623 12899 2528 
209 4306 8184 13374 12876 2516 
210 4303 7942 13108 12696 2437 
211 4334 7790 13124 12478 2382 
212 4248 7614 12894 12277 2373 
213 4174 7408 12719 12087 2359 
214 4061 7089 12416 11836 2334 
215 4008 6828 12274 11759 2320 
216 3915 6716 12155 11386 2298 
217 3784 6524 11958 11228 2254 
218 3715 6315 11693 10971 2221 
219 3647 6184 11426 10706 2084 
220 3579 6043 11191 10442 2059 
221 3533 5890 10955 10174 2110 
222 3441 5671 10724 9812 2009 
223 3272 5480 10480 9667 1997 
224 3222 5248 10352 9359 1952 
225 3183 5099 10079 9105 1971 
226 3114 4942 9867 8890 1900 
227 3014 4817 9549 8659 1858 
228 2929 4713 9317 8472 1831 
229 2902 4489 8907 8097 1728 
230 2780 4363 8625 7811 1694 
231 2750 4279 8478 7591 1642 
232 2656 4168 8306 7421 1603 
233 2612 4016 8097 7257 1555 
234 2514 3914 7755 7057 1509 
235 2418 3768 7539 6791 1534 
236 2329 3671 7343 6623 1465 
237 2310 3548 7188 6365 1353 
238 2263 3388 6981 6132 1246 
239 2137 3240 6708 5894 1220 
240 2052 3086 6569 5742 1234 
241 1964 2907 6362 5591 1196 
242 1936 2817 6245 5390 1177 
243 1907 2753 6109 5280 1181 
244 1831 2639 5952 5042 1125 
245 1779 2549 5667 4922 1099 
246 1718 2439 5534 4706 1039 
247 1628 2348 5333 4619 1039 
248 1638 2251 5199 4471 1048 
249 1565 2165 5030 4365 1010 
250 1489 2097 4826 4234 972 
251 1408 2026 4702 4061 944 
252 1399 1934 4364 3919 914 
253 1363 1844 4310 3717 880 
254 1337 1737 4084 3600 821 
255 1242 1659 3920 3451 817 
256 1192 1632 3811 3462 820 
257 1143 1589 3682 3304 792 
258 1114 1547 3613 3110 799 
259 1119 1466 3511 2966 775 
260 1038 1421 3465 2873 745 
261 1010 1390 3377 2721 679 
262 987 1338 3172 2585 662 
263 935 1281 3062 2510 644 
264 941 1237 2915 2453 615 
265 938 1197 2802 2338 604 
266 893 1153 2621 2242 582 
267 828 1130 2522 2196 544 
268 804 1048 2404 2132 501 
269 776 1009 2394 2090 500 
270 763 962 2228 2014 462 
271 739 963 2143 1911 470 
272 697 918 2016 1826 447 
273 674 870 1974 1727 436 
274 683 804 1873 1639 388 
275 666 791 1797 1599 360 
276 595 715 1684 1600 347 
277 585 700 1655 1557 314 
278 528 701 1536 1503 289 
279 490 682 1480 1430 270 
280 507 623 1399 1393 265 
281 495 559 1342 1427 278 
282 521 546 1308 1364 280 
283 469 505 1197 1292 267 
284 432 515 1145 1242 261 
285 414 492 1074 1224 251 
286 398 468 1061 1168 257 
287 403 451 1004 1095 234 
288 370 414 952 1066 231 
289 338 392 906 1023 222 
290 334 347 874 948 222 
291 320 323 857 866 193 
292 298 288 833 835 181 
293 278 273 846 798 167 
294 263 264 793 743 159 
295 249 244 752 712 145 
296 259 227 709 677 137 
297 251 226 667 614 126 
298 225 217 684 607 136 
299 200 194 687 589 120 
300 200 198 622 574 116 
301 191 191 592 540 113 
302 176 178 608 502 105 
303 166 175 581 466 99 
304 170 166 553 461 102 
305 166 158 522 432 101 
306 164 157 506 394 77 
307 149 148 483 360 79 
308 144 138 470 347 69 
309 140 132 437 332 69 
310 145 115 402 323 77 
311 142 130 382 303 76 
312 140 129 350 279 74 
313 135 119 338 259 70 
314 127 115 340 246 60 
315 127 118 335 228 49 
316 121 130 320 223 50 
317 109 123 312 218 42 
318 97 132 306 214 41 
319 96 147 306 204 31 
320 93 136 276 191 28 
321 89 118 270 183 33 
322 92 107 255 188 27 
323 88 101 242 189 31 
324 75 110 214 171 29 
325 84 95 195 176 24 
326 80 85 173 176 24 
327 78 90 173 161 30 
328 74 94 172 154 34 
329 79 87 143 158 35 
330 76 83 140 154 29 
331 72 77 131 139 27 
332 76 61 128 127 34 
333 63 55 132 116 34 
334 56 62 114 99 32 
335 52 66 97 103 29 
336 48 56 96 96 27 
337 43 53 97 98 27 
338 44 55 87 98 27 
339 44 62 81 112 24 
340 40 66 83 118 26 
341 40 60 88 109 21 
342 40 58 79 103 28 
343 41 57 75 118 21 
344 44 61 71 100 17 
345 36 51 58 99 14 
346 27 51 54 91 12 
347 23 52 50 85 8 
348 16 52 46 81 10 
349 18 59 54 78 12 
350 14 53 50 74 11 
351 16 49 46 69 14 
352 13 34 41 69 16 
353 19 30 41 75 18 
354 19 23 45 62 17 
355 15 17 43 54 17 
356 16 16 41 51 19 
357 16 19 37 45 19 
358 12 16 43 43 16 
359 15 19 33 37 12 
360 15 19 32 39 15 
361 12 20 25 37 12 
362 15 24 29 31 15 
363 15 27 30 37 14 
364 15 27 35 33 12 
365 12 28 30 22 12 
366 9 22 23 18 9 
367 13 25 24 19 10 
368 10 27 23 16 11 
369 11 26 22 19 10 
370 7 24 20 20 11 
371 7 27 17 22 9 
372 7 25 20 18 10 
373 9 22 17 27 9 
374 8 25 19 27 9 
375 11 31 18 28 7 
376 9 28 20 27 6 
377 5 28 22 32 4 
378 6 24 17 33 7 
379 9 22 18 30 5 
380 7 24 15 32 6 
381 7 22 14 26 9 
382 7 18 13 30 8 
383 7 13 15 28 9 
384 5 14 11 29 9 
385 9 16 9 31 10 
386 9 12 8 25 8 
387 9 12 3 28 10 
388 7 6 3 28 10 
389 10 9 2 26 9 
390 8 9 1 27 8 
391 15 7 1 27 6 
392 12 8 5 20 5 
393 13 3 4 15 4 
394 11 3 5 18 1 
395 6 4 4 14 2 
396 4 2 4 17 3 
397 6 2 2 14 2 
398 7 1 5 14 0 
399 7 1 8 12 0 
400 8 3 9 12 0 
401 7 3 10 8 1 
402 8 3 13 10 1 
403 9 1 11 12 0 
404 8 1 9 15 0 
405 8 2 6 14 0 
406 10 4 4 14 0 
407 8 4 4 13 0 
408 7 3 3 17 0 
409 5 2 1 15 0 
410 4 2 3 18 0 
411 4 3 2 15 0 
412 5 3 1 13 0 
413 4 2 2 10 0 
414 5 2 2 10 0 
415 4 2 1 8 0 
416 2 1 1 8 0 
417 3 1 3 7 0 
418 4 3 4 8 0 
419 3 2 6 7 0 
420 3 4 4 6 0 
421 4 2 4 4 0 
422 2 4 1 4 0 
423 3 2 2 5 0 
424 2 1 2 5 0 
425 3 2 1 8 0 
426 3 2 1 7 0 
427 2 2 1 6 0 
428 1 1 1 2 0 
429 1 1 1 3 0 
430 0 1 1 2 1 
431 0 1 1 3 1 
432 0 1 2 2 0 
433 0 1 2 2 0 
434 0 3 0 2 0 
435 0 3 0 3 0 
436 0 4 0 3 0 
437 0 2 0 4 0 
438 0 2 0 4 0 
439 0 2 0 2 0 
440 0 3 0 1 0 
441 0 2 0 0 0 
442 0 1 0 0 0 
443 0 0 0 0 0 
