1 0 11 0 0 0 
2 0 13 0 0 0 
3 0 12 0 0 0 
4 0 9 0 0 0 
5 0 6 0 0 0 
6 0 9 0 0 0 
7 0 12 0 0 0 
8 0 12 0 0 0 
9 0 12 0 0 0 
10 0 13 0 1 0 
11 0 14 0 1 0 
12 0 14 0 1 0 
13 1 12 0 1 0 
14 1 13 0 2 0 
15 1 13 0 2 0 
16 2 17 0 1 0 
17 4 14 0 1 0 
18 4 11 0 0 0 
19 2 10 0 2 0 
20 2 8 1 4 0 
21 1 7 0 5 0 
22 3 9 0 5 0 
23 3 11 0 7 0 
24 5 10 1 8 0 
25 7 9 0 9 0 
26 5 11 0 11 0 
27 6 13 0 13 0 
28 5 10 4 20 1 
29 7 6 1 22 1 
30 8 5 1 22 0 
31 6 3 0 25 0 
32 3 7 2 21 2 
33 3 8 1 24 1 
34 3 14 4 26 1 
35 6 17 5 29 1 
36 8 17 2 27 0 
37 9 24 4 27 1 
38 12 24 4 30 1 
39 12 28 7 35 1 
40 8 29 8 33 1 
41 7 38 11 35 1 
42 5 37 15 31 1 
43 5 44 17 30 1 
44 7 42 21 31 2 
45 11 43 17 25 2 
46 8 49 22 24 2 
47 8 48 20 23 1 
48 11 44 21 26 1 
49 14 39 28 29 2 
50 13 48 28 35 2 
51 12 59 29 40 2 
52 17 56 22 45 1 
53 22 63 20 43 1 
54 18 80 21 46 1 
55 17 80 25 49 1 
56 19 68 25 58 1 
57 23 83 23 52 1 
58 28 90 21 54 1 
59 30 91 31 61 3 
60 29 97 36 58 4 
61 26 96 37 68 6 
62 27 99 42 70 5 
63 29 101 44 73 7 
64 30 107 50 93 5 
65 33 110 60 98 8 
66 40 112 60 99 14 
67 41 108 68 101 10 
68 39 131 83 105 6 
69 42 147 79 102 9 
70 42 154 83 109 10 
71 40 177 83 121 12 
72 36 197 94 130 14 
73 38 205 100 141 18 
74 40 204 91 153 14 
75 34 229 102 171 15 
76 32 259 116 175 12 
77 36 285 117 172 14 
78 45 312 122 163 20 
79 46 352 146 184 24 
80 60 348 157 184 25 
81 56 384 151 206 22 
82 64 410 181 192 24 
83 68 437 207 206 20 
84 79 458 217 209 25 
85 90 503 242 212 25 
86 94 539 253 204 19 
87 97 585 272 197 22 
88 107 602 268 207 15 
89 94 609 259 243 13 
90 97 692 271 260 17 
91 99 724 291 250 20 
92 105 787 314 258 19 
93 120 858 332 295 20 
94 125 869 333 327 18 
95 122 913 340 338 23 
96 134 945 366 365 26 
97 145 1031 350 407 38 
98 157 1068 361 431 42 
99 167 1168 371 495 43 
100 174 1276 376 535 46 
101 198 1287 392 570 53 
102 204 1317 434 600 62 
103 223 1373 458 637 69 
104 229 1436 482 669 88 
105 229 1529 511 728 95 
106 251 1584 569 744 106 
107 262 1606 573 761 105 
108 270 1686 663 813 103 
109 290 1743 704 876 106 
110 305 1846 756 951 100 
111 336 1947 795 1001 91 
112 378 2081 807 1060 113 
113 407 2153 838 1116 120 
114 459 2284 895 1145 130 
115 498 2400 909 1206 136 
116 497 2476 999 1270 155 
117 497 2569 1078 1294 154 
118 529 2708 1123 1367 158 
119 557 2789 1094 1416 152 
120 588 2920 1130 1507 173 
121 600 3061 1208 1576 194 
122 672 3164 1323 1695 195 
123 707 3257 1409 1800 195 
124 730 3397 1528 1922 196 
125 769 3607 1610 1996 216 
126 782 3850 1676 2096 230 
127 841 4043 1703 2187 256 
128 849 4190 1871 2319 261 
129 868 4424 2010 2430 263 
130 907 4520 2080 2559 289 
131 958 4698 2148 2669 305 
132 994 4926 2285 2839 319 
133 1019 5089 2459 2985 337 
134 1077 5277 2596 3159 378 
135 1158 5345 2731 3249 434 
136 1208 5632 2909 3292 466 
137 1232 5947 3049 3502 501 
138 1229 6088 3200 3649 501 
139 1212 6288 3331 3857 524 
140 1323 6463 3486 3991 549 
141 1408 6828 3613 4106 584 
142 1594 7084 3826 4252 606 
143 1662 7405 4049 4491 633 
144 1731 7650 4341 4725 657 
145 1788 7849 4627 4870 699 
146 1816 8041 4764 5087 728 
147 1892 8379 4933 5184 731 
148 1967 8635 5103 5456 749 
149 2017 8712 5282 5709 778 
150 2077 8881 5486 5950 837 
151 2092 9162 5615 6278 883 
152 2214 9336 5848 6581 953 
153 2319 9555 6007 6866 1039 
154 2417 9783 6350 7025 1048 
155 2507 9984 6572 7419 1086 
156 2634 10177 6762 7670 1103 
157 2729 10395 7013 7919 1126 
158 2745 10501 7159 8161 1245 
159 2898 10791 7487 8469 1295 
160 3029 11007 7717 8741 1410 
161 3117 11267 8058 8971 1462 
162 3255 11392 8434 9271 1539 
163 3338 11621 8703 9620 1578 
164 3367 11801 9010 9884 1664 
165 3375 12001 9367 10009 1669 
166 3527 12153 9665 10464 1819 
167 3608 12203 9962 10919 1850 
168 3754 12354 10314 11216 1957 
169 3811 12344 10572 11482 1975 
170 3868 12503 10886 11844 2039 
171 3961 12658 11315 12120 2160 
172 3998 12754 11515 12387 2169 
173 4068 12785 11948 12705 2247 
174 4151 12834 12331 13024 2208 
175 4241 12767 12630 13327 2280 
176 4339 12674 12715 13599 2385 
177 4321 12761 12948 13924 2380 
178 4416 12567 13168 14155 2438 
179 4452 12403 13463 14153 2516 
180 4548 12389 13626 14347 2558 
181 4659 12144 13776 14501 2596 
182 4713 11993 14166 14490 2709 
183 4758 11902 14414 14538 2774 
184 4780 11751 14457 14617 2841 
185 4824 11566 14597 14727 2827 
186 4869 11550 14886 14866 2821 
187 4898 11300 15135 14960 2844 
188 4986 10964 15278 15036 2893 
189 4969 10893 15286 15014 2866 
190 5098 10887 15239 15209 2887 
191 4954 10581 15540 15206 2887 
192 4897 10336 15538 15138 2891 
193 4845 10107 15424 15180 2944 
194 4977 9981 15516 15081 2943 
195 4882 9768 15490 15145 2909 
196 4840 9539 15449 14923 2901 
197 4841 9414 15367 14846 2862 
198 4854 9212 15251 14692 2866 
199 4806 8939 15211 14636 2859 
200 4743 8660 15170 14538 2842 
201 4726 8463 15184 14188 2878 
202 4663 8216 15172 14189 2821 
203 4604 7949 14924 14169 2915 
204 4342 7674 14751 14013 2921 
205 4275 7563 14456 13767 2892 
206 4310 7307 14283 13497 2851 
207 4189 7083 14176 13260 2781 
208 4135 6947 14222 12986 2686 
209 4019 6694 13834 12717 2676 
210 4072 6451 13613 12345 2582 
211 4002 6344 13322 11853 2588 
212 3994 6141 13069 11697 2624 
213 3992 5912 12931 11543 2655 
214 3988 5693 12654 11192 2570 
215 3837 5621 12330 10956 2568 
216 3812 5466 12008 10697 2491 
217 3831 5246 11884 10396 2477 
218 3754 5083 11709 10077 2489 
219 3603 4952 11545 10006 2434 
220 3487 4874 11337 9660 2367 
221 3424 4666 11121 9468 2297 
222 3326 4570 10834 9292 2223 
223 3237 4428 10581 9189 2193 
224 3163 4284 10220 9000 2126 
225 3016 4154 10027 8711 2024 
226 2917 3986 9617 8440 1987 
227 2797 3925 9396 8128 1909 
228 2705 3897 9201 7933 1861 
229 2638 3694 8875 7705 1799 
230 2496 3585 8526 7605 1757 
231 2419 3479 8280 7450 1722 
232 2291 3384 8048 7134 1714 
233 2239 3323 7733 7011 1631 
234 2179 3190 7557 6955 1551 
235 2163 3049 7296 6671 1498 
236 2013 2948 7068 6519 1477 
237 1959 2756 6772 6362 1385 
238 1890 2625 6589 6223 1337 
239 1815 2480 6370 5955 1283 
240 1803 2442 6209 5670 1219 
241 1755 2327 6042 5395 1177 
242 1692 2264 5823 5216 1100 
243 1601 2097 5629 5005 1099 
244 1528 2034 5417 4838 1074 
245 1501 1929 5258 4670 1044 
246 1441 1881 5118 4533 967 
247 1414 1830 5040 4439 913 
248 1384 1775 4840 4288 858 
249 1353 1759 4705 4105 834 
250 1294 1623 4439 4066 774 
251 1271 1589 4243 3882 724 
252 1179 1572 4099 3665 720 
253 1133 1506 3912 3451 692 
254 1080 1456 3699 3325 657 
255 1077 1397 3562 3177 609 
256 1006 1358 3406 2990 591 
257 975 1289 3249 2784 566 
258 938 1279 3079 2727 565 
259 875 1256 2952 2646 519 
260 860 1212 2800 2580 533 
261 848 1146 2692 2470 528 
262 813 1096 2601 2338 507 
263 794 1043 2456 2239 534 
264 792 986 2337 2161 498 
265 768 961 2220 2131 480 
266 705 925 2098 2083 465 
267 689 861 2027 2025 466 
268 645 825 2031 1930 422 
269 635 818 1950 1869 430 
270 623 812 1883 1771 427 
271 605 795 1815 1703 385 
272 551 745 1752 1646 378 
273 518 716 1689 1613 367 
274 508 714 1667 1585 370 
275 495 655 1587 1475 363 
276 475 645 1499 1430 356 
277 440 601 1464 1392 335 
278 433 565 1412 1338 308 
279 409 547 1335 1305 292 
280 394 528 1320 1243 259 
281 393 514 1305 1179 250 
282 377 480 1262 1123 233 
283 347 452 1164 1086 223 
284 328 445 1105 1034 206 
285 302 445 999 1014 195 
286 271 436 930 950 183 
287 264 424 930 867 161 
288 262 410 908 829 154 
289 265 392 881 789 143 
290 261 378 887 766 134 
291 257 364 845 739 136 
292 231 318 840 727 136 
293 221 315 788 722 128 
294 208 301 769 683 126 
295 178 285 735 687 119 
296 178 268 724 651 117 
297 172 248 680 639 110 
298 180 254 646 606 104 
299 189 263 621 600 100 
300 174 252 579 551 91 
301 167 249 570 499 79 
302 164 240 522 467 76 
303 162 234 489 467 84 
304 149 209 480 424 80 
305 145 182 446 421 76 
306 152 168 414 395 80 
307 150 168 390 373 72 
308 148 159 396 365 81 
309 136 141 383 308 91 
310 120 122 381 301 84 
311 112 114 392 273 74 
312 106 120 389 255 71 
313 90 122 362 240 69 
314 82 106 338 239 57 
315 74 103 323 224 53 
316 75 94 295 212 51 
317 67 82 287 204 47 
318 59 87 263 204 44 
319 49 72 273 177 50 
320 54 63 265 174 50 
321 53 60 250 162 46 
322 64 52 261 147 45 
323 65 62 246 146 45 
324 68 67 220 134 39 
325 53 62 222 134 41 
326 50 59 224 130 36 
327 56 59 212 139 37 
328 54 51 204 146 35 
329 49 54 202 148 34 
330 52 55 190 145 33 
331 55 55 179 129 30 
332 56 49 169 137 25 
333 52 51 160 128 26 
334 41 54 153 108 35 
335 47 50 159 96 32 
336 47 52 154 81 35 
337 49 43 154 87 30 
338 50 39 141 88 36 
339 51 45 137 81 35 
340 45 40 120 79 34 
341 41 36 120 75 34 
342 38 31 104 73 41 
343 34 33 99 84 28 
344 33 33 97 77 31 
345 29 28 85 79 32 
346 30 29 91 79 28 
347 25 20 84 70 24 
348 26 18 80 61 18 
349 21 19 81 50 17 
350 17 13 77 51 22 
351 21 11 75 50 19 
352 17 10 76 58 18 
353 16 9 75 56 14 
354 12 6 73 51 12 
355 14 10 70 41 11 
356 13 14 68 46 8 
357 14 12 59 36 7 
358 17 11 50 34 6 
359 14 18 57 26 6 
360 14 17 57 21 3 
361 10 21 55 21 3 
362 10 22 51 17 3 
363 10 19 40 18 4 
364 11 15 31 12 5 
365 10 15 29 11 1 
366 11 16 26 8 1 
367 11 15 23 10 1 
368 10 14 25 10 3 
369 13 12 23 9 1 
370 7 4 31 11 1 
371 6 3 24 12 1 
372 7 2 21 17 1 
373 9 2 20 21 1 
374 7 2 22 22 0 
375 6 2 22 20 0 
376 6 2 27 28 1 
377 7 4 26 24 2 
378 5 3 27 22 1 
379 5 2 28 19 1 
380 6 1 21 17 1 
381 2 2 23 21 1 
382 3 1 24 16 0 
383 4 0 35 17 0 
384 5 1 37 14 0 
385 5 1 36 12 0 
386 4 1 37 10 0 
387 6 1 35 13 0 
388 5 1 29 9 0 
389 7 1 24 12 0 
390 5 1 18 6 0 
391 6 1 11 7 0 
392 6 1 12 7 0 
393 7 3 11 9 0 
394 7 1 12 9 0 
395 9 1 12 8 0 
396 9 3 13 5 0 
397 7 3 10 5 0 
398 7 1 13 4 0 
399 6 1 13 3 1 
400 6 1 14 3 0 
401 7 0 12 6 0 
402 7 0 15 5 0 
403 5 0 15 7 0 
404 5 0 19 3 0 
405 1 0 17 4 0 
406 1 0 17 5 0 
407 0 0 16 5 0 
408 0 0 20 7 0 
409 0 0 16 8 0 
410 0 0 21 8 0 
411 0 2 19 13 0 
412 0 2 23 10 0 
413 0 1 19 9 0 
414 1 1 18 10 2 
415 0 0 15 6 2 
416 1 0 16 5 1 
417 1 0 13 3 1 
418 4 0 13 4 1 
419 3 2 11 3 0 
420 3 3 15 2 0 
421 0 4 13 2 0 
422 1 5 9 1 0 
423 1 3 9 1 0 
424 1 3 9 2 0 
425 1 3 10 4 0 
426 1 4 9 2 0 
427 0 4 7 1 0 
428 0 4 6 0 0 
429 0 4 8 0 0 
430 0 5 10 0 0 
431 2 7 7 0 0 
432 1 4 5 1 0 
433 2 2 4 1 0 
434 1 0 1 2 0 
435 2 0 1 0 0 
436 3 0 1 0 0 
437 1 2 0 0 0 
438 1 1 0 0 0 
439 0 1 0 0 0 
440 0 1 0 0 0 
441 0 1 0 0 0 
442 0 0 0 0 0 
