1 0 3 0 0 0 
2 0 3 0 0 0 
3 0 3 0 1 0 
4 0 1 0 0 0 
5 0 5 0 0 0 
6 0 4 0 0 0 
7 0 7 1 0 0 
8 0 5 0 0 0 
9 0 5 0 0 0 
10 0 7 0 0 0 
11 0 8 0 0 0 
12 0 3 0 0 0 
13 0 8 0 0 0 
14 0 9 0 0 0 
15 0 13 0 0 0 
16 1 7 1 0 0 
17 1 17 1 0 0 
18 2 12 3 0 0 
19 4 14 1 0 0 
20 4 13 3 0 0 
21 0 15 1 2 0 
22 3 21 4 6 0 
23 2 19 4 5 0 
24 1 19 2 1 0 
25 1 23 2 2 0 
26 0 14 3 2 0 
27 1 17 11 4 0 
28 2 24 4 3 0 
29 2 19 5 5 0 
30 1 28 5 5 0 
31 1 22 7 4 0 
32 1 25 4 7 0 
33 2 27 2 6 0 
34 5 32 6 10 1 
35 4 45 1 7 0 
36 8 52 4 8 0 
37 3 39 4 6 1 
38 4 51 3 7 1 
39 5 54 3 7 0 
40 4 55 1 8 0 
41 3 58 7 10 0 
42 1 70 6 8 0 
43 7 62 7 12 0 
44 4 73 8 15 1 
45 4 50 8 13 0 
46 6 50 11 11 1 
47 2 63 19 20 1 
48 4 64 15 15 0 
49 3 70 8 26 0 
50 12 65 20 17 0 
51 11 83 23 24 0 
52 6 81 19 33 3 
53 8 87 26 28 1 
54 5 92 23 30 0 
55 2 80 21 35 2 
56 6 111 31 33 1 
57 13 105 26 34 5 
58 12 105 18 32 4 
59 11 100 31 41 1 
60 12 116 39 37 1 
61 14 115 34 44 2 
62 20 126 41 49 3 
63 19 126 47 52 3 
64 29 154 47 50 2 
65 24 149 56 58 1 
66 22 163 46 62 3 
67 22 144 52 62 3 
68 22 168 55 60 1 
69 28 139 47 68 2 
70 29 194 58 78 4 
71 21 178 58 88 8 
72 29 188 67 101 7 
73 29 213 69 101 12 
74 26 210 75 98 9 
75 32 214 88 120 9 
76 31 248 89 114 12 
77 50 217 96 112 6 
78 29 224 131 139 10 
79 64 250 122 136 7 
80 70 268 115 147 12 
81 50 274 129 157 9 
82 65 294 128 182 8 
83 88 335 133 176 13 
84 87 329 150 184 16 
85 65 357 136 208 18 
86 78 346 154 227 17 
87 80 378 177 236 7 
88 72 365 170 282 17 
89 88 382 216 246 18 
90 70 410 223 249 22 
91 92 457 224 260 9 
92 97 503 206 261 14 
93 82 463 231 281 19 
94 82 527 244 296 16 
95 107 535 261 318 24 
96 113 564 283 393 23 
97 124 610 276 364 19 
98 139 667 318 430 34 
99 112 659 296 394 43 
100 142 709 352 498 40 
101 145 691 386 452 31 
102 160 740 407 471 43 
103 162 803 441 499 51 
104 152 797 412 565 37 
105 158 807 459 566 45 
106 191 834 470 606 45 
107 194 899 503 592 52 
108 196 1013 555 629 70 
109 219 1002 497 651 56 
110 223 1015 595 690 73 
111 236 1099 596 725 83 
112 247 1147 645 725 67 
113 243 1159 678 838 88 
114 273 1196 658 853 84 
115 291 1245 698 820 95 
116 292 1343 744 928 90 
117 301 1385 803 975 107 
118 310 1325 845 1034 122 
119 352 1370 873 1063 110 
120 390 1403 859 1096 149 
121 405 1555 954 1075 150 
122 385 1599 928 1147 162 
123 384 1723 994 1185 161 
124 431 1770 1149 1222 143 
125 413 1791 1144 1274 172 
126 452 1888 1175 1356 179 
127 464 1926 1251 1404 172 
128 523 1942 1252 1465 187 
129 514 2125 1327 1504 212 
130 560 2236 1407 1616 228 
131 569 2271 1451 1757 255 
132 569 2418 1547 1784 244 
133 668 2482 1624 1871 309 
134 655 2494 1707 1890 287 
135 686 2601 1774 2014 327 
136 696 2645 1793 2013 311 
137 728 2680 1920 2160 376 
138 822 2840 1955 2248 332 
139 765 2924 2075 2249 366 
140 870 3095 2120 2385 379 
141 819 3141 2229 2494 454 
142 778 3194 2331 2465 451 
143 908 3228 2395 2638 430 
144 952 3353 2493 2696 451 
145 931 3396 2611 2648 500 
146 993 3435 2770 2886 510 
147 964 3650 2940 3002 517 
148 1058 3507 2917 3049 540 
149 1075 3691 3032 3129 543 
150 1096 3671 3086 3226 548 
151 1119 3728 3168 3304 553 
152 1127 3788 3250 3382 556 
153 1156 3887 3350 3436 569 
154 1191 3978 3465 3617 593 
155 1228 4000 3551 3737 587 
156 1237 4036 3641 3826 674 
157 1227 4080 3780 3823 673 
158 1298 4008 3758 3982 713 
159 1330 4101 3863 4031 732 
160 1352 4203 3938 4214 775 
161 1378 4151 4303 4220 866 
162 1407 4124 4423 4349 848 
163 1475 4139 4436 4396 877 
164 1595 4029 4558 4405 858 
165 1550 4203 4656 4571 864 
166 1621 4201 4620 4607 909 
167 1526 4003 4708 4797 887 
168 1589 4061 4920 4936 897 
169 1577 4010 4856 4825 924 
170 1634 4010 4988 4652 884 
171 1675 4137 5046 5029 910 
172 1628 4047 5125 4975 926 
173 1627 3941 5102 5074 940 
174 1614 3976 5179 5144 982 
175 1658 3876 5130 5251 990 
176 1696 3811 5211 5178 1039 
177 1696 3788 5390 5308 1030 
178 1693 3725 5234 5501 1069 
179 1694 3555 5212 5185 1037 
180 1704 3653 5101 5163 1035 
181 1725 3618 5242 5133 1088 
182 1707 3382 5329 5142 1015 
183 1704 3329 5324 5106 1045 
184 1696 3339 5410 5092 1150 
185 1725 3241 5227 5014 1088 
186 1715 3066 5145 5073 1145 
187 1667 3133 5134 5027 1038 
188 1625 3017 5015 4983 1003 
189 1663 2868 4945 4913 1045 
190 1661 2861 4980 4799 974 
191 1654 2690 5002 4798 1052 
192 1538 2713 4941 4634 1049 
193 1594 2611 4793 4597 973 
194 1510 2585 4800 4702 942 
195 1475 2430 4700 4645 955 
196 1442 2432 4601 4402 949 
197 1421 2397 4577 4394 887 
198 1465 2236 4407 4351 913 
199 1429 2181 4327 4167 940 
200 1393 2172 4275 3958 862 
201 1255 2018 4208 4004 844 
202 1369 2088 4163 3768 855 
203 1306 1890 4008 3645 799 
204 1282 1910 3903 3812 769 
205 1281 1789 3818 3662 758 
206 1252 1708 3713 3456 749 
207 1189 1640 3714 3425 746 
208 1070 1741 3517 3344 715 
209 1094 1601 3543 3093 754 
210 1135 1591 3230 3085 742 
211 1034 1516 3344 3057 669 
212 963 1466 3216 2966 667 
213 1013 1408 2975 2861 586 
214 944 1370 2955 2764 555 
215 876 1292 2885 2633 547 
216 903 1180 2828 2586 573 
217 845 1199 2603 2389 550 
218 796 1234 2677 2340 519 
219 803 1135 2522 2296 490 
220 745 1154 2558 2183 487 
221 768 1071 2450 2252 499 
222 749 981 2328 2070 467 
223 683 910 2286 2026 485 
224 692 906 2246 2007 471 
225 673 911 2104 1935 489 
226 628 842 2027 1870 481 
227 606 864 1979 1804 461 
228 618 855 1969 1756 454 
229 593 812 1792 1599 392 
230 575 748 1815 1532 422 
231 584 714 1724 1495 376 
232 592 709 1675 1441 357 
233 499 688 1643 1344 366 
234 548 637 1583 1322 342 
235 496 607 1568 1231 329 
236 461 583 1466 1215 320 
237 490 623 1344 1197 300 
238 447 567 1395 1158 281 
239 431 511 1391 1110 260 
240 374 475 1257 1103 272 
241 374 497 1275 1054 262 
242 329 451 1150 993 251 
243 335 456 1087 971 248 
244 315 470 1086 915 231 
245 340 408 1016 932 218 
246 341 394 984 883 237 
247 305 372 893 794 228 
248 288 410 876 774 197 
249 273 407 868 744 199 
250 278 359 790 728 213 
251 247 343 811 704 191 
252 230 314 773 701 175 
253 224 320 770 643 170 
254 213 299 750 581 162 
255 208 290 675 553 185 
256 249 235 659 546 149 
257 201 233 632 547 155 
258 164 249 594 483 154 
259 180 240 568 448 146 
260 168 250 543 443 135 
261 143 223 557 434 106 
262 130 213 493 440 126 
263 152 220 514 416 111 
264 138 212 449 380 109 
265 146 188 437 376 107 
266 139 177 411 360 126 
267 148 169 414 342 97 
268 149 162 384 317 83 
269 122 176 354 296 91 
270 120 146 349 297 98 
271 114 155 366 278 86 
272 129 142 342 278 75 
273 113 125 323 258 91 
274 91 149 284 249 78 
275 97 118 273 212 67 
276 91 129 287 246 63 
277 105 121 240 252 54 
278 64 120 247 229 47 
279 85 129 240 204 45 
280 79 102 236 206 48 
281 53 93 232 213 36 
282 81 104 186 203 53 
283 65 78 175 179 41 
284 62 100 157 192 60 
285 55 70 176 186 44 
286 49 71 156 176 48 
287 73 94 135 185 44 
288 55 76 130 171 36 
289 44 80 124 147 43 
290 45 72 112 124 34 
291 55 71 97 119 36 
292 41 57 103 112 32 
293 47 86 91 117 36 
294 47 59 97 105 24 
295 43 73 87 96 29 
296 44 47 87 91 26 
297 39 48 87 99 31 
298 46 43 85 65 18 
299 39 44 86 89 29 
300 37 52 78 75 17 
301 27 30 68 81 26 
302 21 42 64 82 13 
303 27 40 74 87 23 
304 36 31 91 80 20 
305 33 25 82 77 28 
306 18 24 74 83 21 
307 21 32 65 66 21 
308 23 21 71 70 21 
309 22 15 59 62 23 
310 17 24 62 59 26 
311 15 26 57 50 26 
312 21 14 62 51 26 
313 18 9 56 41 12 
314 17 12 65 54 22 
315 19 12 42 53 23 
316 13 21 58 49 13 
317 17 12 44 63 19 
318 10 15 55 53 9 
319 15 15 58 47 8 
320 7 9 47 51 17 
321 17 12 37 46 4 
322 15 10 40 44 10 
323 11 9 31 46 4 
324 7 7 44 49 4 
325 14 6 39 33 3 
326 16 10 28 34 4 
327 11 8 29 25 4 
328 11 5 21 36 1 
329 9 9 21 22 2 
330 11 7 18 28 1 
331 7 12 18 24 1 
332 8 7 13 20 3 
333 4 9 7 13 1 
334 9 8 5 12 1 
335 5 7 6 13 0 
336 3 3 4 6 1 
337 2 1 5 14 2 
338 4 1 4 14 1 
339 1 2 4 9 0 
340 4 2 8 10 0 
341 2 1 13 11 0 
342 2 1 4 8 0 
343 3 2 7 7 1 
344 1 3 5 7 0 
345 1 0 5 8 0 
346 3 2 8 1 1 
347 2 2 3 7 0 
348 3 4 2 6 0 
349 3 6 5 6 0 
350 3 5 4 6 0 
351 6 9 1 6 2 
352 3 6 6 10 0 
353 2 7 5 5 1 
354 3 5 6 6 1 
355 2 6 7 9 0 
356 4 6 1 7 0 
357 2 9 1 7 0 
358 1 3 3 7 1 
359 0 0 0 11 0 
360 3 2 0 4 0 
361 0 3 0 5 0 
362 2 2 3 3 0 
363 1 2 2 2 0 
364 0 0 1 2 0 
365 1 1 0 0 0 
366 0 0 0 3 0 
367 0 1 1 2 0 
368 0 0 0 0 0 
369 1 1 0 1 0 
370 1 0 0 0 0 
371 0 0 0 1 0 
372 3 1 0 0 0 
373 1 0 1 0 0 
374 4 0 1 0 0 
375 1 0 1 1 0 
376 2 2 1 0 0 
377 1 1 0 1 0 
378 1 3 0 2 0 
379 1 1 2 0 0 
380 1 1 1 0 0 
381 0 0 1 0 0 
382 0 0 0 0 0 
383 0 0 0 0 0 
384 0 0 1 0 0 
385 0 0 0 1 0 
386 0 0 0 0 0 
387 0 1 0 0 0 
388 0 0 0 1 0 
389 0 0 0 0 0 
390 0 2 0 1 0 
391 1 2 0 1 0 
392 1 0 0 0 0 
393 0 0 0 1 0 
394 0 0 1 0 0 
395 0 0 0 0 0 
396 0 0 0 0 0 
397 0 0 0 0 0 
398 0 0 0 1 0 
399 0 0 0 0 0 
