1 0 8 0 0 0 
2 0 7 0 0 0 
3 0 8 1 0 0 
4 0 5 0 0 0 
5 0 5 0 0 0 
6 0 5 0 0 0 
7 0 4 0 0 0 
8 0 3 1 0 0 
9 0 3 0 0 0 
10 0 2 0 0 0 
11 0 2 0 0 0 
12 0 1 0 0 0 
13 0 2 0 0 0 
14 0 3 0 0 0 
15 0 5 0 0 0 
16 1 4 0 0 0 
17 1 2 0 0 0 
18 1 2 0 0 0 
19 1 3 0 0 0 
20 1 5 0 0 0 
21 0 4 0 0 0 
22 0 5 0 0 0 
23 0 4 0 0 0 
24 0 3 0 0 0 
25 0 4 0 0 0 
26 0 3 0 0 0 
27 0 4 0 0 0 
28 0 4 0 0 0 
29 0 2 0 0 0 
30 0 2 0 0 0 
31 0 4 0 0 0 
32 0 3 0 0 0 
33 0 5 1 0 0 
34 0 7 0 0 0 
35 0 6 0 0 0 
36 0 5 0 0 0 
37 0 5 0 0 0 
38 0 3 0 0 0 
39 1 4 0 0 0 
40 1 4 0 0 0 
41 1 5 0 0 0 
42 0 9 0 0 0 
43 0 9 0 0 0 
44 0 9 0 0 0 
45 0 6 0 0 0 
46 0 8 0 0 0 
47 0 5 0 0 0 
48 0 6 0 0 0 
49 0 4 0 0 0 
50 0 5 0 0 0 
51 0 4 0 0 0 
52 0 4 0 0 0 
53 0 8 0 0 0 
54 0 9 0 0 0 
55 0 8 0 0 0 
56 0 9 0 0 0 
57 0 10 0 0 0 
58 0 13 0 0 0 
59 0 11 0 1 0 
60 0 12 0 0 0 
61 0 12 0 0 0 
62 0 12 0 0 0 
63 0 14 0 0 0 
64 0 15 0 0 0 
65 0 16 0 0 0 
66 0 11 0 0 0 
67 1 12 0 0 0 
68 1 13 0 1 0 
69 2 9 0 1 0 
70 1 7 0 2 0 
71 2 7 0 0 0 
72 3 8 0 0 0 
73 4 14 0 0 0 
74 4 16 0 0 0 
75 3 18 0 0 0 
76 3 18 0 0 0 
77 4 18 0 0 0 
78 4 21 0 1 0 
79 4 28 0 2 0 
80 4 32 0 1 1 
81 5 36 1 2 1 
82 6 38 0 2 1 
83 7 39 1 1 1 
84 6 46 0 3 1 
85 7 48 3 5 1 
86 11 55 2 4 0 
87 10 54 0 4 0 
88 12 56 0 4 2 
89 8 56 2 7 2 
90 5 62 3 6 4 
91 11 61 1 9 6 
92 8 66 1 5 4 
93 12 72 2 6 2 
94 10 68 1 9 0 
95 13 72 1 7 0 
96 11 70 3 12 1 
97 16 81 5 14 0 
98 17 71 3 11 0 
99 12 72 7 9 0 
100 7 84 12 5 0 
101 7 93 15 10 0 
102 6 100 14 12 0 
103 6 107 21 14 0 
104 11 110 22 19 0 
105 10 117 20 19 0 
106 12 131 22 27 0 
107 12 129 18 25 0 
108 11 133 16 29 0 
109 11 131 15 27 0 
110 10 129 18 29 0 
111 10 122 22 30 0 
112 12 101 25 37 0 
113 9 102 34 44 0 
114 9 110 38 49 0 
115 14 110 33 42 1 
116 18 110 31 48 3 
117 22 122 33 50 3 
118 17 133 38 49 3 
119 22 130 41 51 3 
120 17 136 40 54 5 
121 25 142 45 69 6 
122 29 141 48 60 5 
123 27 146 45 62 3 
124 27 147 47 55 2 
125 34 142 47 62 7 
126 36 153 39 68 8 
127 32 163 50 78 8 
128 28 163 70 74 12 
129 31 168 70 74 10 
130 25 193 80 63 13 
131 34 213 78 79 15 
132 35 237 76 85 14 
133 36 263 82 99 12 
134 47 264 83 106 19 
135 52 279 110 117 15 
136 63 261 113 131 11 
137 71 264 127 140 17 
138 67 280 131 150 13 
139 63 300 134 152 17 
140 69 316 147 152 17 
141 68 340 134 160 22 
142 74 348 145 171 18 
143 74 358 157 177 18 
144 78 387 156 196 17 
145 83 409 180 222 17 
146 99 427 204 252 16 
147 95 470 212 269 14 
148 105 506 249 274 21 
149 109 511 275 281 23 
150 125 563 305 288 25 
151 130 605 318 330 28 
152 133 636 305 354 28 
153 131 666 310 369 19 
154 153 687 339 388 22 
155 140 703 338 399 25 
156 155 740 353 431 33 
157 161 794 351 458 34 
158 159 829 381 490 36 
159 164 900 390 529 39 
160 188 931 407 574 43 
161 179 1002 412 624 50 
162 190 1066 442 646 60 
163 199 1135 501 647 73 
164 214 1175 533 676 82 
165 246 1228 548 721 92 
166 254 1269 572 696 101 
167 242 1350 621 742 108 
168 256 1438 675 793 111 
169 294 1562 694 812 123 
170 318 1623 752 884 120 
171 329 1698 814 962 126 
172 310 1764 857 990 133 
173 329 1761 911 1006 138 
174 331 1844 949 1044 135 
175 356 1892 965 1088 150 
176 396 1919 973 1168 157 
177 419 2010 1024 1220 155 
178 449 2137 1094 1312 147 
179 447 2164 1183 1352 140 
180 471 2309 1218 1416 139 
181 496 2419 1227 1493 131 
182 486 2560 1370 1585 139 
183 500 2697 1411 1674 140 
184 558 2751 1464 1703 145 
185 560 2944 1540 1798 158 
186 611 3129 1599 1938 179 
187 652 3205 1700 1982 199 
188 671 3264 1801 2169 200 
189 731 3485 1916 2320 196 
190 733 3675 2033 2423 218 
191 772 3741 2106 2502 248 
192 808 4002 2161 2671 263 
193 852 4077 2280 2804 294 
194 896 4191 2444 2871 336 
195 939 4399 2542 3073 356 
196 986 4655 2582 3258 352 
197 1029 4862 2804 3412 377 
198 1058 5062 2901 3626 420 
199 1077 5243 3012 3778 451 
200 1107 5442 3174 4023 457 
201 1155 5592 3322 4211 484 
202 1238 5795 3522 4360 478 
203 1275 6045 3666 4499 517 
204 1380 6186 3800 4697 566 
205 1470 6605 4063 4959 612 
206 1465 6926 4195 5118 634 
207 1584 7148 4404 5265 674 
208 1671 7286 4646 5486 711 
209 1846 7523 4729 5642 741 
210 1857 7719 4970 5831 796 
211 1984 8070 5219 6039 796 
212 2095 8340 5504 6273 802 
213 2197 8570 5689 6547 851 
214 2191 8714 5970 6793 867 
215 2291 8851 6204 6924 904 
216 2446 8940 6319 7083 941 
217 2492 9088 6597 7350 966 
218 2613 9359 6906 7647 980 
219 2623 9698 7180 7830 1032 
220 2698 9831 7507 8036 1075 
221 2769 10080 7845 8330 1151 
222 2797 10247 8229 8594 1180 
223 2840 10437 8646 8899 1207 
224 2915 10651 8888 9257 1271 
225 2924 10853 9047 9716 1314 
226 3043 11006 9540 9920 1386 
227 3204 11264 9775 10093 1500 
228 3228 11344 10004 10310 1568 
229 3380 11290 10222 10470 1627 
230 3470 11540 10601 10800 1630 
231 3553 11565 10897 11042 1682 
232 3592 11608 11233 11285 1695 
233 3694 11722 11425 11587 1791 
234 3753 11752 11647 11967 1807 
235 3871 11760 11998 11954 1821 
236 3895 11754 12287 12172 1951 
237 3982 11935 12649 12411 2039 
238 4092 11933 12882 12740 2025 
239 4193 12012 13050 12897 2092 
240 4270 11957 13394 13326 2103 
241 4342 11882 13640 13380 2095 
242 4438 11831 13874 13704 2181 
243 4460 11724 14226 13958 2227 
244 4578 11699 14396 14187 2320 
245 4588 11627 14455 14301 2375 
246 4605 11624 14740 14258 2459 
247 4689 11603 14794 14361 2455 
248 4674 11553 14913 14530 2489 
249 4705 11441 15066 14621 2491 
250 4763 11558 15224 14695 2543 
251 4724 11451 15374 14826 2646 
252 4811 11335 15401 14872 2640 
253 4777 11408 15578 14910 2716 
254 4753 11374 15690 14927 2809 
255 4876 11008 15794 15050 2845 
256 4917 10873 15745 15115 2839 
257 4903 10700 15659 15018 2894 
258 4779 10475 15681 14879 2942 
259 4837 10293 15613 14806 2907 
260 4787 10104 15620 14810 2960 
261 4756 9897 15560 14755 2946 
262 4791 9803 15560 14871 2991 
263 4749 9617 15300 14771 2981 
264 4789 9451 15166 14580 2969 
265 4686 9213 14921 14467 2989 
266 4624 8894 14899 14394 3022 
267 4539 8650 14692 14201 3089 
268 4468 8562 14574 14126 3130 
269 4450 8313 14276 13921 3118 
270 4476 8163 14103 13849 3065 
271 4466 7853 13993 13784 3008 
272 4398 7624 13713 13586 2981 
273 4298 7302 13524 13471 2935 
274 4177 7076 13321 13281 2842 
275 4136 6857 13136 12900 2790 
276 4097 6580 12901 12809 2692 
277 3899 6300 12640 12476 2657 
278 3812 6220 12415 12069 2676 
279 3722 5919 12130 11908 2630 
280 3715 5736 11926 11579 2565 
281 3633 5604 11573 11269 2498 
282 3648 5363 11398 11011 2436 
283 3542 5103 11206 10710 2407 
284 3440 4909 10934 10434 2427 
285 3361 4720 10655 10096 2361 
286 3341 4543 10345 9677 2327 
287 3267 4383 10064 9482 2326 
288 3166 4270 9684 9149 2229 
289 3107 4149 9394 8835 2181 
290 3055 3924 9066 8431 2144 
291 2943 3802 8772 8195 2104 
292 2816 3764 8584 8015 2004 
293 2780 3660 8521 7795 1978 
294 2634 3531 8182 7630 1945 
295 2543 3398 7932 7486 1828 
296 2410 3274 7773 7201 1814 
297 2314 3145 7618 7068 1787 
298 2302 3077 7402 6830 1734 
299 2246 2943 7227 6570 1681 
300 2193 2857 6929 6371 1612 
301 2088 2781 6706 6086 1565 
302 2032 2694 6423 6028 1490 
303 1978 2605 6134 5888 1451 
304 1918 2511 5973 5524 1433 
305 1880 2481 5791 5418 1384 
306 1813 2433 5564 5204 1338 
307 1717 2305 5405 5045 1269 
308 1665 2210 5294 4851 1227 
309 1573 2133 5168 4638 1147 
310 1571 2046 4961 4538 1114 
311 1503 1972 4814 4359 1108 
312 1488 1883 4637 4208 1052 
313 1440 1813 4466 4052 1040 
314 1373 1741 4308 3885 1004 
315 1298 1734 4070 3726 978 
316 1268 1694 3928 3499 942 
317 1218 1584 3778 3318 909 
318 1220 1548 3692 3211 907 
319 1177 1510 3550 3081 857 
320 1183 1392 3389 2920 821 
321 1152 1330 3238 2836 791 
322 1092 1237 3073 2685 782 
323 1017 1169 2952 2642 757 
324 978 1150 2826 2608 726 
325 928 1127 2780 2426 659 
326 873 1080 2717 2319 615 
327 850 1010 2583 2237 582 
328 781 975 2468 2136 579 
329 743 971 2387 2039 573 
330 709 937 2299 1992 550 
331 679 877 2268 1887 523 
332 662 853 2141 1833 490 
333 656 779 1976 1690 470 
334 637 748 1925 1666 436 
335 636 725 1905 1590 427 
336 616 678 1816 1538 405 
337 599 642 1804 1489 406 
338 570 615 1783 1419 372 
339 516 597 1777 1408 356 
340 520 571 1707 1410 336 
341 520 566 1645 1381 357 
342 462 548 1563 1326 340 
343 471 506 1470 1240 331 
344 446 485 1360 1188 322 
345 457 443 1262 1158 302 
346 415 418 1179 1138 279 
347 397 397 1137 1087 267 
348 358 375 1060 1059 258 
349 360 385 1003 1005 249 
350 353 386 974 925 242 
351 328 358 901 897 232 
352 287 327 854 850 226 
353 275 328 844 850 210 
354 241 311 823 821 199 
355 234 286 816 789 188 
356 220 272 814 742 204 
357 209 254 791 690 212 
358 209 220 715 653 195 
359 210 208 672 609 182 
360 196 198 642 584 171 
361 191 191 620 557 158 
362 183 177 607 537 142 
363 159 168 602 532 152 
364 154 185 542 491 144 
365 147 176 540 449 153 
366 141 170 525 443 151 
367 139 151 486 425 154 
368 123 146 466 424 161 
369 116 135 433 405 130 
370 101 113 429 388 131 
371 105 117 440 394 121 
372 108 129 421 402 118 
373 115 120 387 398 110 
374 120 123 377 391 100 
375 121 112 389 364 96 
376 110 105 333 352 79 
377 110 122 317 317 73 
378 111 127 349 292 69 
379 100 113 323 249 69 
380 94 93 315 235 73 
381 77 89 298 221 68 
382 82 79 299 197 67 
383 75 70 271 198 59 
384 70 70 238 186 50 
385 70 63 231 180 43 
386 57 60 217 175 46 
387 47 52 205 154 49 
388 49 54 202 156 44 
389 56 54 206 149 35 
390 54 53 194 128 29 
391 47 53 173 132 23 
392 47 57 156 125 25 
393 44 51 146 116 26 
394 43 51 125 93 30 
395 43 46 111 89 30 
396 45 43 110 87 28 
397 41 39 106 80 28 
398 34 39 107 79 25 
399 35 37 95 81 23 
400 38 33 87 80 32 
401 31 32 80 81 28 
402 27 28 76 74 29 
403 28 32 73 77 31 
404 33 36 67 82 33 
405 33 37 57 79 26 
406 30 40 54 71 20 
407 34 42 59 66 18 
408 27 45 53 63 22 
409 28 43 60 48 25 
410 27 42 55 44 29 
411 31 48 49 39 29 
412 33 38 57 39 28 
413 33 31 53 37 24 
414 31 26 56 24 18 
415 31 31 58 23 13 
416 30 33 48 20 10 
417 31 34 47 25 8 
418 33 33 40 25 9 
419 34 32 29 26 5 
420 28 24 22 32 5 
421 27 23 22 26 4 
422 26 21 18 28 6 
423 24 14 17 29 5 
424 19 12 17 27 5 
425 18 17 16 22 5 
426 18 14 13 18 6 
427 22 13 13 13 10 
428 20 15 12 13 9 
429 18 11 14 7 7 
430 13 11 13 11 11 
431 10 8 19 14 9 
432 6 6 18 9 6 
433 5 3 18 6 7 
434 7 1 20 5 6 
435 7 1 17 5 6 
436 5 0 22 3 5 
437 5 0 25 4 3 
438 3 0 19 5 3 
439 4 0 18 5 2 
440 3 0 15 3 4 
441 1 0 10 0 3 
442 1 0 13 0 2 
443 1 0 12 0 1 
444 1 0 14 0 1 
445 1 0 18 1 2 
446 0 0 22 1 2 
447 0 0 24 1 0 
448 0 0 27 1 0 
449 1 0 22 1 0 
450 0 0 24 2 0 
451 0 0 23 1 0 
452 0 0 25 1 0 
453 0 0 23 0 0 
454 1 0 22 0 0 
455 0 0 24 0 0 
456 0 0 22 0 0 
457 0 0 25 0 0 
458 0 0 26 0 0 
459 0 0 24 1 0 
460 0 0 28 1 0 
461 0 0 26 1 0 
462 0 0 21 0 0 
463 0 0 20 0 0 
464 0 0 15 0 0 
465 0 0 12 0 0 
466 0 0 9 0 0 
467 0 0 8 0 0 
468 0 0 4 0 0 
469 0 0 3 0 0 
470 2 0 3 0 0 
471 2 0 1 0 1 
472 1 0 1 0 0 
473 4 0 1 0 0 
474 3 0 1 0 0 
475 2 0 0 0 0 
476 0 0 0 1 0 
477 0 0 0 1 0 
478 0 0 0 1 0 
479 0 0 0 0 0 
