1 0 5 0 0 0 
2 0 6 0 0 0 
3 0 5 0 0 0 
4 0 3 0 0 0 
5 1 3 0 0 0 
6 0 4 0 0 0 
7 0 3 0 0 0 
8 0 5 0 0 0 
9 0 1 0 0 0 
10 0 6 0 1 0 
11 0 4 0 1 0 
12 0 6 0 0 0 
13 1 5 0 0 0 
14 1 3 0 1 0 
15 0 5 0 0 0 
16 2 6 0 0 0 
17 2 1 0 0 0 
18 1 2 0 1 0 
19 0 3 0 2 0 
20 1 1 1 2 0 
21 0 0 0 2 0 
22 2 3 0 2 0 
23 1 4 0 3 0 
24 3 4 1 4 0 
25 2 3 0 3 0 
26 1 5 1 5 0 
27 2 4 0 4 0 
28 3 4 4 9 1 
29 3 2 0 10 0 
30 3 1 1 6 1 
31 0 0 0 8 0 
32 0 6 2 8 2 
33 0 3 0 8 0 
34 1 8 3 8 0 
35 4 5 3 7 0 
36 5 6 1 5 0 
37 4 10 3 8 1 
38 7 10 1 9 0 
39 3 8 6 15 0 
40 1 11 3 9 0 
41 2 20 5 11 0 
42 2 14 5 6 0 
43 1 18 10 10 0 
44 3 14 8 8 1 
45 4 13 1 8 1 
46 4 17 8 3 0 
47 2 17 6 7 1 
48 3 14 8 12 0 
49 7 10 10 10 1 
50 5 17 6 13 1 
51 4 31 8 14 0 
52 8 24 7 15 0 
53 11 23 6 16 0 
54 7 35 6 17 0 
55 6 28 12 20 0 
56 8 20 6 24 0 
57 8 39 11 18 0 
58 14 35 8 19 1 
59 10 40 14 21 2 
60 8 37 13 18 2 
61 8 37 12 22 3 
62 6 37 18 21 1 
63 11 36 18 26 3 
64 11 39 20 41 2 
65 13 54 26 35 4 
66 21 42 25 34 7 
67 13 37 23 42 2 
68 12 60 39 41 1 
69 16 56 25 39 4 
70 11 53 27 47 4 
71 17 67 30 54 3 
72 15 65 33 54 7 
73 13 78 32 52 8 
74 16 66 34 53 1 
75 10 98 37 64 3 
76 11 94 51 67 4 
77 19 108 40 51 4 
78 26 113 45 59 9 
79 13 140 58 76 9 
80 28 124 58 66 12 
81 20 139 50 82 7 
82 24 151 83 55 10 
83 29 168 81 85 5 
84 34 175 81 70 13 
85 43 179 92 75 10 
86 44 186 92 71 2 
87 35 228 97 61 9 
88 36 223 76 81 6 
89 27 214 79 97 2 
90 29 255 101 91 9 
91 39 272 108 92 6 
92 44 296 116 99 9 
93 47 310 114 114 6 
94 52 314 122 134 10 
95 42 334 108 134 8 
96 55 345 143 138 8 
97 51 410 113 162 25 
98 67 392 123 160 14 
99 74 443 135 182 19 
100 70 495 123 205 14 
101 74 435 147 228 20 
102 75 476 176 221 26 
103 92 496 190 229 25 
104 80 504 180 259 34 
105 94 557 187 287 40 
106 101 566 225 278 40 
107 95 578 208 274 32 
108 92 606 265 285 40 
109 111 634 253 335 45 
110 127 693 260 378 37 
111 136 715 288 366 26 
112 159 762 283 401 45 
113 155 757 344 403 43 
114 183 854 320 408 48 
115 192 880 323 438 50 
116 198 841 395 470 68 
117 193 931 422 481 56 
118 200 1013 429 500 54 
119 218 996 393 484 50 
120 231 1068 400 576 68 
121 215 1124 438 561 74 
122 256 1141 507 634 62 
123 244 1205 504 680 71 
124 269 1201 580 710 71 
125 305 1282 593 732 79 
126 313 1461 629 767 85 
127 321 1481 595 797 95 
128 307 1519 696 866 94 
129 316 1640 764 891 102 
130 349 1628 771 937 100 
131 347 1661 801 976 110 
132 371 1857 847 1065 117 
133 381 1830 933 1096 128 
134 400 1859 957 1199 155 
135 436 1833 1046 1159 174 
136 457 2059 1106 1167 170 
137 448 2171 1096 1320 187 
138 447 2142 1152 1296 181 
139 446 2224 1226 1464 188 
140 516 2260 1303 1440 186 
141 544 2461 1295 1472 229 
142 622 2497 1423 1586 230 
143 602 2671 1519 1685 216 
144 654 2719 1654 1733 248 
145 664 2769 1765 1756 262 
146 644 2875 1691 1900 264 
147 734 2983 1815 1884 261 
148 719 3085 1894 1986 272 
149 739 3025 1886 2067 281 
150 744 3074 2003 2164 318 
151 717 3229 1980 2282 344 
152 853 3235 2163 2384 366 
153 875 3323 2143 2461 392 
154 900 3445 2362 2525 385 
155 919 3549 2350 2691 374 
156 966 3491 2455 2784 400 
157 988 3578 2478 2841 396 
158 960 3569 2617 2916 470 
159 1058 3774 2703 3056 472 
160 1114 3838 2780 3078 541 
161 1102 3926 2968 3245 531 
162 1153 3898 3080 3229 548 
163 1179 3980 3055 3461 562 
164 1188 3990 3251 3500 621 
165 1185 4075 3391 3512 581 
166 1295 4156 3452 3739 665 
167 1288 4099 3540 3897 670 
168 1346 4243 3672 3949 709 
169 1323 4120 3759 4032 681 
170 1368 4179 3888 4145 749 
171 1402 4275 4043 4191 800 
172 1389 4255 4034 4366 722 
173 1446 4258 4274 4488 804 
174 1530 4354 4284 4519 754 
175 1521 4172 4405 4575 811 
176 1528 4114 4361 4730 845 
177 1505 4314 4422 4837 809 
178 1572 4103 4638 4888 866 
179 1532 4071 4769 4822 871 
180 1581 4055 4707 4911 891 
181 1673 3902 4722 4932 894 
182 1618 3848 4916 4953 942 
183 1646 3826 5021 4954 919 
184 1705 3806 4913 4959 972 
185 1719 3701 4893 4972 942 
186 1665 3779 5068 4991 950 
187 1725 3640 5145 5000 968 
188 1731 3525 5210 5015 937 
189 1697 3512 5166 5048 938 
190 1748 3530 5121 5176 981 
191 1653 3332 5351 5055 975 
192 1626 3263 5237 5004 944 
193 1657 3264 5093 5063 986 
194 1716 3274 5172 5023 970 
195 1669 3118 5100 5004 964 
196 1633 3041 5103 4801 968 
197 1651 3000 5079 4852 941 
198 1640 2869 5010 4839 952 
199 1623 2800 5008 4828 921 
200 1576 2732 4899 4744 922 
201 1579 2652 5016 4649 956 
202 1584 2597 4944 4681 963 
203 1464 2452 4878 4636 1011 
204 1340 2449 4856 4509 953 
205 1391 2356 4673 4400 968 
206 1501 2218 4596 4308 938 
207 1375 2137 4599 4260 854 
208 1422 2111 4687 4123 845 
209 1303 2065 4327 3980 904 
210 1378 1987 4310 3867 821 
211 1308 1976 4261 3695 870 
212 1310 1845 4128 3725 883 
213 1322 1790 4176 3705 863 
214 1338 1772 3986 3382 772 
215 1210 1766 3929 3390 837 
216 1246 1712 3787 3435 782 
217 1247 1614 3816 3275 823 
218 1195 1571 3687 3105 817 
219 1113 1548 3719 3190 790 
220 1115 1558 3591 3029 712 
221 1094 1388 3432 3024 710 
222 1047 1368 3348 2913 721 
223 1008 1312 3202 2912 677 
224 1007 1355 3165 2766 660 
225 933 1260 3207 2708 609 
226 947 1201 2949 2607 656 
227 876 1229 2887 2550 609 
228 849 1230 2830 2442 580 
229 824 1085 2806 2422 563 
230 755 1120 2592 2445 543 
231 775 1048 2578 2302 522 
232 714 1055 2574 2132 517 
233 738 1047 2311 2161 463 
234 732 946 2412 2222 480 
235 680 936 2283 2051 450 
236 581 864 2131 1991 470 
237 627 853 2119 1878 404 
238 602 795 2042 1910 415 
239 540 776 1930 1741 397 
240 599 728 1886 1686 376 
241 575 723 1878 1601 370 
242 507 696 1798 1572 325 
243 474 622 1727 1513 352 
244 491 623 1631 1459 328 
245 481 594 1610 1387 308 
246 448 593 1563 1409 276 
247 445 568 1542 1348 268 
248 454 540 1446 1302 291 
249 420 550 1419 1256 258 
250 382 472 1317 1248 226 
251 388 467 1258 1173 218 
252 330 480 1231 1071 237 
253 358 480 1172 1013 204 
254 335 458 1064 993 201 
255 350 436 1065 911 186 
256 299 426 1031 897 187 
257 300 381 947 832 167 
258 294 403 904 848 177 
259 259 360 892 846 139 
260 281 361 833 805 169 
261 260 334 802 759 169 
262 277 320 820 678 151 
263 248 316 710 687 181 
264 245 287 696 657 150 
265 234 299 642 663 136 
266 207 253 655 656 144 
267 216 257 605 607 155 
268 178 270 660 581 115 
269 203 238 628 584 148 
270 194 262 571 532 143 
271 196 243 539 501 95 
272 159 213 527 479 109 
273 161 219 530 482 107 
274 172 226 503 513 116 
275 160 203 492 433 117 
276 152 206 424 416 104 
277 120 174 448 422 98 
278 132 175 407 394 88 
279 128 167 400 389 81 
280 118 153 428 400 71 
281 122 157 394 341 74 
282 116 141 383 322 60 
283 98 132 349 333 62 
284 88 142 321 314 61 
285 82 142 290 299 63 
286 86 143 269 281 49 
287 78 133 306 255 42 
288 85 117 277 242 47 
289 95 115 268 236 44 
290 84 107 288 235 29 
291 92 120 260 220 44 
292 76 88 260 213 42 
293 77 86 237 225 38 
294 62 88 234 206 43 
295 49 86 227 219 38 
296 62 76 234 202 37 
297 52 74 207 195 29 
298 65 73 193 177 29 
299 65 85 180 187 37 
300 55 80 168 162 21 
301 49 92 175 155 16 
302 51 72 150 130 21 
303 56 70 149 159 32 
304 47 49 142 130 23 
305 62 63 152 127 24 
306 53 45 111 124 28 
307 43 52 121 121 26 
308 36 42 138 120 28 
309 42 43 121 78 35 
310 36 35 122 83 20 
311 31 37 119 81 18 
312 34 39 124 74 20 
313 23 36 104 76 22 
314 19 29 102 78 12 
315 24 37 100 61 15 
316 22 30 83 62 12 
317 19 22 80 59 9 
318 19 25 76 80 10 
319 13 18 91 50 14 
320 20 18 70 51 14 
321 24 19 72 35 13 
322 24 13 86 36 14 
323 21 23 76 41 14 
324 21 25 74 36 7 
325 13 17 68 43 16 
326 14 20 67 46 13 
327 16 20 64 48 16 
328 16 11 60 50 9 
329 16 18 60 48 8 
330 21 18 62 40 12 
331 21 19 49 32 5 
332 19 12 48 49 9 
333 16 13 43 41 10 
334 10 22 37 27 15 
335 18 11 48 23 5 
336 14 15 46 22 12 
337 16 11 48 33 7 
338 12 11 39 38 16 
339 17 17 49 26 8 
340 10 10 34 16 10 
341 10 9 35 17 14 
342 7 9 22 17 15 
343 11 14 34 25 4 
344 8 9 32 24 9 
345 10 7 29 25 13 
346 9 10 37 26 3 
347 7 0 22 23 3 
348 8 5 19 14 4 
349 6 3 22 7 7 
350 2 3 23 11 11 
351 10 4 21 15 2 
352 4 1 26 29 6 
353 6 3 22 17 4 
354 3 1 27 10 3 
355 9 5 19 12 2 
356 4 7 20 14 3 
357 4 4 14 7 3 
358 6 2 16 11 1 
359 3 11 22 5 1 
360 6 7 14 5 1 
361 2 9 17 7 1 
362 4 5 19 5 1 
363 3 4 14 3 1 
364 3 3 6 0 2 
365 3 4 10 3 0 
366 6 6 8 3 0 
367 2 5 2 4 0 
368 3 5 9 4 2 
369 4 0 5 2 0 
370 1 2 12 4 0 
371 1 0 5 5 0 
372 1 0 5 8 0 
373 5 0 6 6 0 
374 1 0 10 5 0 
375 0 1 3 7 0 
376 2 1 13 9 1 
377 4 4 9 4 1 
378 0 2 8 5 0 
379 3 1 12 5 0 
380 2 0 6 5 0 
381 2 2 8 7 0 
382 2 0 7 2 0 
383 1 0 18 4 0 
384 2 1 14 3 0 
385 3 0 10 5 0 
386 1 0 8 2 0 
387 3 0 9 3 0 
388 1 0 9 3 0 
389 2 0 6 5 0 
390 0 0 3 1 0 
391 2 0 0 1 0 
392 1 0 4 3 0 
393 2 2 4 4 0 
394 2 0 4 7 0 
395 4 0 2 0 0 
396 3 2 6 1 0 
397 1 0 2 1 0 
398 2 0 5 2 0 
399 1 0 5 1 1 
400 3 0 3 0 0 
401 2 0 6 4 0 
402 2 0 5 1 0 
403 1 0 4 3 0 
404 0 0 5 0 0 
405 0 0 5 1 0 
406 1 0 4 1 0 
407 0 0 4 2 0 
408 0 0 8 2 0 
409 0 0 2 3 0 
410 0 0 7 3 0 
411 0 2 2 5 0 
412 0 0 8 1 0 
413 1 0 5 4 0 
414 1 0 5 4 2 
415 1 0 3 1 0 
416 1 0 4 0 0 
417 2 0 3 0 0 
418 3 0 5 3 0 
419 1 2 4 1 0 
420 0 1 5 0 0 
421 0 1 5 1 0 
422 1 1 1 2 0 
423 1 0 1 1 0 
424 0 0 3 1 0 
425 0 0 4 2 0 
426 0 1 3 1 0 
427 1 0 2 1 0 
428 0 2 3 0 0 
429 0 2 2 0 0 
430 0 2 4 0 0 
431 2 4 3 0 0 
432 0 1 0 1 0 
433 1 0 1 0 0 
434 0 0 0 1 0 
435 1 0 0 0 0 
436 1 0 0 0 0 
437 0 2 0 0 0 
438 1 0 0 0 0 
439 0 0 0 0 0 
440 0 0 0 0 0 
441 0 0 0 0 0 
442 0 0 0 0 0 
