1 0 3 0 0 0 
2 1 7 0 0 0 
3 1 8 0 1 0 
4 0 9 0 1 0 
5 0 4 0 1 0 
6 0 9 1 0 0 
7 0 9 0 1 0 
8 0 8 0 0 0 
9 2 8 0 1 0 
10 0 21 0 2 0 
11 3 15 0 1 0 
12 1 21 0 3 0 
13 0 24 0 2 0 
14 1 19 2 3 0 
15 0 12 0 7 0 
16 1 13 1 5 0 
17 0 16 0 4 0 
18 1 17 3 3 0 
19 3 20 3 3 0 
20 0 25 1 2 0 
21 2 21 4 2 0 
22 1 18 0 3 0 
23 2 13 0 6 0 
24 3 17 0 0 0 
25 1 18 2 5 1 
26 4 19 0 4 0 
27 0 12 2 7 0 
28 4 13 8 6 0 
29 8 13 2 7 0 
30 12 15 4 11 0 
31 7 10 7 15 1 
32 7 27 5 9 0 
33 9 17 6 12 0 
34 8 11 4 18 1 
35 9 24 12 26 0 
36 9 31 10 19 1 
37 10 25 14 12 1 
38 5 29 9 19 0 
39 8 22 10 21 1 
40 9 27 13 23 3 
41 8 30 14 14 1 
42 6 42 18 25 3 
43 4 39 19 30 2 
44 8 28 23 28 1 
45 5 29 16 35 4 
46 14 51 22 39 2 
47 17 36 18 39 3 
48 19 51 16 29 1 
49 17 52 21 31 5 
50 23 55 19 31 2 
51 24 48 25 29 1 
52 14 41 19 37 9 
53 21 50 35 30 4 
54 22 61 31 36 3 
55 11 54 37 46 1 
56 18 60 36 49 5 
57 18 56 27 51 3 
58 21 67 31 46 5 
59 19 78 29 48 12 
60 23 87 43 49 13 
61 23 83 43 62 6 
62 16 86 52 65 13 
63 19 97 50 61 11 
64 18 95 62 78 12 
65 15 84 73 76 15 
66 19 108 88 71 16 
67 24 99 82 93 18 
68 31 100 100 95 21 
69 23 100 115 111 16 
70 22 115 88 99 20 
71 31 141 103 86 22 
72 40 125 105 112 12 
73 41 148 112 94 23 
74 38 154 109 89 20 
75 30 159 135 124 34 
76 41 173 119 128 19 
77 44 177 125 122 35 
78 45 189 138 142 20 
79 61 194 144 120 30 
80 53 208 144 158 23 
81 53 203 175 158 23 
82 59 224 199 170 31 
83 58 246 232 164 29 
84 83 282 205 197 30 
85 79 271 244 207 37 
86 93 305 210 225 31 
87 90 307 263 240 30 
88 94 316 246 243 30 
89 108 343 296 253 33 
90 87 368 293 251 41 
91 88 360 243 293 44 
92 113 379 291 289 34 
93 110 408 294 313 40 
94 98 462 333 348 41 
95 111 465 276 328 52 
96 135 475 329 362 49 
97 113 513 376 388 49 
98 99 604 364 356 43 
99 124 642 378 369 65 
100 110 673 397 408 58 
101 144 691 423 441 73 
102 147 721 417 469 64 
103 144 802 420 509 69 
104 168 811 454 524 81 
105 189 902 500 569 82 
106 179 920 521 589 95 
107 195 937 553 595 82 
108 204 985 569 632 85 
109 224 1029 556 653 105 
110 224 1086 641 663 94 
111 239 1082 674 706 111 
112 255 1142 713 737 121 
113 258 1217 672 809 140 
114 279 1320 727 779 148 
115 300 1352 794 832 155 
116 332 1403 831 898 128 
117 335 1405 871 1016 160 
118 356 1490 978 1005 155 
119 362 1544 1045 1041 203 
120 405 1626 1010 1086 203 
121 442 1676 988 1144 213 
122 422 1712 1145 1186 198 
123 462 1882 1121 1223 211 
124 491 1927 1207 1297 249 
125 492 1936 1282 1381 241 
126 492 2135 1326 1367 249 
127 573 2162 1438 1472 247 
128 546 2215 1387 1505 244 
129 549 2230 1484 1626 257 
130 579 2326 1587 1624 303 
131 600 2452 1622 1695 292 
132 660 2491 1836 1830 290 
133 654 2573 1872 1836 326 
134 690 2629 1906 1940 326 
135 758 2671 2025 2076 335 
136 733 2880 2127 2050 349 
137 826 2942 2210 2167 369 
138 787 3064 2212 2366 396 
139 838 3164 2309 2391 426 
140 797 3162 2388 2449 434 
141 893 3196 2488 2567 409 
142 887 3326 2600 2602 454 
143 925 3512 2740 2724 459 
144 927 3508 2815 2769 466 
145 1026 3671 3006 2929 499 
146 1050 3601 3060 3055 531 
147 1106 3808 3275 3280 554 
148 1171 3873 3314 3289 595 
149 1208 3916 3563 3406 546 
150 1199 4029 3494 3423 557 
151 1201 4131 3619 3588 588 
152 1263 4167 3708 3708 608 
153 1348 4294 3928 3901 638 
154 1310 4155 3945 3857 638 
155 1370 4116 3969 3962 688 
156 1378 4361 4104 4157 660 
157 1410 4214 4209 4197 716 
158 1470 4241 4298 4247 693 
159 1516 4213 4278 4376 758 
160 1421 4115 4538 4340 813 
161 1517 4161 4570 4535 771 
162 1530 4255 4674 4726 802 
163 1636 4286 4502 4810 873 
164 1604 4195 4672 4815 845 
165 1564 4169 4687 4788 889 
166 1597 4249 4807 4807 843 
167 1562 4170 4881 4951 897 
168 1583 4217 4960 5053 914 
169 1606 4121 5069 4998 927 
170 1647 4072 4951 5164 932 
171 1655 4086 5166 5072 944 
172 1723 4090 5332 5225 926 
173 1658 3856 5170 5166 1056 
174 1712 3898 5134 5273 1002 
175 1645 3865 5184 5242 1010 
176 1670 3728 5215 5213 989 
177 1748 3776 5200 5322 946 
178 1719 3667 5194 5139 994 
179 1727 3606 5168 5316 1036 
180 1707 3564 5285 5331 994 
181 1779 3556 5319 5076 1050 
182 1709 3346 5251 5149 982 
183 1694 3503 5196 5162 1013 
184 1670 3383 5105 5119 984 
185 1611 3434 5167 4960 917 
186 1745 3175 5211 5071 959 
187 1654 3111 5056 4922 953 
188 1630 3111 4887 4992 948 
189 1608 2940 4884 4768 930 
190 1585 2927 4780 4802 950 
191 1590 2837 4753 4783 915 
192 1567 2740 4550 4541 885 
193 1541 2546 4520 4550 837 
194 1462 2527 4529 4425 788 
195 1468 2456 4366 4339 804 
196 1444 2427 4342 4283 785 
197 1458 2305 4095 4183 748 
198 1407 2310 4099 4078 791 
199 1439 2114 3994 4005 802 
200 1306 2101 3924 3768 773 
201 1235 2050 3839 3818 704 
202 1272 1984 3762 3604 738 
203 1318 1873 3572 3464 725 
204 1209 1765 3543 3487 709 
205 1138 1794 3509 3314 704 
206 1232 1679 3395 3239 686 
207 1141 1677 3362 3227 687 
208 1062 1655 3314 3202 606 
209 1047 1527 3032 3043 571 
210 1007 1483 2961 2959 596 
211 936 1453 2949 2799 568 
212 931 1337 2836 2677 548 
213 938 1307 2699 2627 527 
214 872 1254 2720 2511 563 
215 891 1198 2635 2442 518 
216 837 1167 2518 2462 542 
217 836 1121 2510 2257 524 
218 729 1108 2332 2187 504 
219 779 1033 2279 2151 469 
220 710 965 2284 2135 459 
221 730 932 2144 2016 468 
222 705 894 2136 1940 458 
223 649 865 2009 1890 455 
224 650 818 1943 1722 463 
225 627 801 1931 1703 456 
226 594 728 1813 1755 394 
227 554 731 1764 1664 340 
228 529 708 1715 1489 391 
229 543 732 1728 1507 347 
230 523 671 1648 1402 337 
231 524 661 1554 1275 327 
232 484 656 1483 1257 281 
233 449 607 1457 1281 270 
234 437 565 1452 1215 304 
235 420 571 1401 1110 302 
236 429 515 1389 1126 269 
237 407 539 1267 1100 269 
238 388 514 1258 1026 230 
239 376 530 1227 998 246 
240 379 467 1130 956 222 
241 340 466 1035 954 234 
242 345 410 1045 946 231 
243 391 385 951 859 207 
244 315 418 943 844 192 
245 299 393 904 748 179 
246 291 363 822 811 189 
247 307 354 803 717 167 
248 300 372 790 739 150 
249 260 334 751 696 173 
250 230 323 683 650 160 
251 237 278 641 652 175 
252 244 267 664 614 159 
253 225 284 638 594 141 
254 234 259 594 557 133 
255 206 256 598 552 131 
256 193 222 552 488 142 
257 162 230 521 496 132 
258 184 188 514 469 119 
259 164 188 472 457 123 
260 153 182 489 446 131 
261 185 180 411 440 108 
262 180 173 415 405 129 
263 158 175 379 403 106 
264 132 168 394 419 117 
265 141 148 366 424 97 
266 145 137 363 346 88 
267 120 118 352 355 79 
268 127 122 355 312 91 
269 101 117 349 308 85 
270 131 115 313 321 83 
271 105 119 316 329 90 
272 81 89 273 327 75 
273 79 83 311 312 64 
274 100 73 250 290 49 
275 92 85 269 271 45 
276 85 74 217 263 43 
277 75 82 256 207 47 
278 86 63 212 231 58 
279 65 64 212 230 63 
280 61 50 184 180 36 
281 53 55 189 207 48 
282 58 58 185 173 46 
283 55 42 175 161 38 
284 50 40 196 164 36 
285 57 61 153 151 24 
286 50 57 165 159 27 
287 56 47 137 122 28 
288 35 47 136 134 33 
289 43 35 127 108 28 
290 43 43 108 105 32 
291 41 49 113 99 17 
292 36 31 101 114 21 
293 36 31 96 111 25 
294 40 33 78 99 21 
295 35 39 96 94 19 
296 28 35 104 85 15 
297 45 40 91 94 13 
298 16 35 75 89 17 
299 23 30 78 66 17 
300 32 25 69 81 13 
301 25 23 86 76 17 
302 26 17 73 67 21 
303 25 24 65 58 25 
304 20 17 65 60 20 
305 26 26 59 58 22 
306 16 23 48 59 21 
307 13 21 47 38 27 
308 17 23 46 46 15 
309 14 18 37 40 20 
310 18 20 34 42 14 
311 15 22 50 47 23 
312 17 20 53 44 19 
313 13 28 46 46 21 
314 12 6 45 31 18 
315 15 16 39 38 18 
316 7 14 30 31 11 
317 10 22 24 29 12 
318 11 16 35 27 12 
319 10 23 23 23 16 
320 12 23 42 22 13 
321 3 19 24 19 11 
322 14 17 35 21 8 
323 9 14 22 19 4 
324 10 18 22 19 4 
325 10 20 28 14 5 
326 6 17 23 19 3 
327 6 11 19 15 0 
328 6 15 18 14 3 
329 6 7 18 17 3 
330 5 9 9 13 3 
331 6 19 17 16 3 
332 6 13 11 18 1 
333 8 20 18 12 2 
334 3 11 16 15 2 
335 3 16 12 5 1 
336 7 10 15 7 1 
337 4 9 14 10 1 
338 2 5 11 7 1 
339 3 1 12 5 0 
340 0 1 10 7 0 
341 0 8 8 5 2 
342 1 6 19 4 0 
343 3 4 18 7 0 
344 2 4 16 9 0 
345 3 2 6 7 0 
346 2 3 8 3 0 
347 2 4 12 1 0 
348 2 3 9 2 0 
349 1 3 8 4 0 
350 2 3 12 8 0 
351 0 4 9 7 0 
352 0 2 9 8 0 
353 0 2 8 8 0 
354 0 6 6 11 0 
355 3 3 4 8 0 
356 1 3 4 10 1 
357 1 1 5 8 0 
358 1 2 4 3 1 
359 0 1 3 11 1 
360 1 2 5 3 0 
361 1 2 6 9 1 
362 1 1 2 6 0 
363 0 1 4 8 0 
364 2 0 1 3 0 
365 2 1 0 3 0 
366 0 1 0 5 0 
367 0 3 4 3 0 
368 0 0 3 1 0 
369 0 0 5 8 1 
370 1 0 1 4 0 
371 1 3 0 5 0 
372 1 2 1 2 0 
373 0 0 2 4 0 
374 0 1 2 2 0 
375 0 0 4 4 0 
376 0 0 1 5 0 
377 1 0 3 3 0 
378 1 1 3 6 0 
379 2 0 8 2 0 
380 0 0 0 1 0 
381 0 1 1 0 0 
382 0 0 9 0 0 
383 0 0 5 1 0 
384 0 0 5 3 0 
385 0 0 3 1 0 
386 0 0 4 1 0 
387 0 0 6 0 0 
388 1 0 7 0 1 
389 1 0 5 0 1 
390 1 0 5 2 0 
391 3 0 2 0 1 
392 0 0 5 0 0 
393 3 0 4 1 0 
394 0 0 3 0 0 
395 1 0 2 0 0 
396 1 0 0 0 1 
397 0 0 1 0 0 
398 0 0 0 0 0 
399 0 0 0 0 0 
400 0 0 0 0 0 
401 0 0 0 0 0 
402 0 0 0 0 0 
403 0 0 0 0 0 
404 0 0 0 0 0 
