1 0 9 0 0 0 
2 0 12 0 0 0 
3 0 16 0 0 0 
4 0 21 0 0 0 
5 0 22 0 0 0 
6 0 26 0 0 0 
7 0 33 0 0 0 
8 0 32 0 0 0 
9 0 39 0 2 0 
10 0 43 1 3 0 
11 0 54 2 3 0 
12 3 57 1 2 0 
13 2 49 2 2 0 
14 3 56 4 4 0 
15 5 54 2 5 0 
16 7 54 4 7 0 
17 5 41 5 7 0 
18 5 39 5 15 0 
19 6 45 4 16 0 
20 6 55 7 22 0 
21 5 61 14 22 0 
22 4 57 19 33 1 
23 4 53 19 31 1 
24 4 58 19 29 3 
25 7 77 19 38 3 
26 7 82 27 41 2 
27 10 93 36 37 2 
28 12 106 42 48 2 
29 8 116 55 47 2 
30 12 106 60 48 2 
31 15 98 61 45 2 
32 17 92 61 39 3 
33 24 95 67 45 3 
34 31 96 66 41 3 
35 26 110 70 44 1 
36 24 128 84 50 1 
37 26 134 71 49 2 
38 22 161 76 56 4 
39 22 192 77 51 6 
40 32 215 88 72 6 
41 33 224 102 77 8 
42 38 233 108 81 8 
43 36 231 105 90 6 
44 33 264 110 90 4 
45 45 284 123 85 6 
46 61 306 140 81 10 
47 61 328 145 79 8 
48 68 339 154 86 6 
49 66 358 144 89 5 
50 69 396 146 93 4 
51 70 396 152 110 4 
52 68 422 139 129 5 
53 69 439 150 128 10 
54 80 463 159 142 13 
55 82 496 182 168 15 
56 97 518 204 207 22 
57 96 493 213 213 22 
58 105 497 249 239 18 
59 127 539 251 246 21 
60 132 580 254 281 21 
61 161 621 259 298 25 
62 175 691 271 341 20 
63 171 725 305 378 19 
64 160 765 325 377 24 
65 182 830 368 411 25 
66 204 866 394 435 30 
67 205 879 425 444 35 
68 197 945 449 479 33 
69 200 1014 468 496 38 
70 210 1024 513 515 37 
71 201 1048 556 549 36 
72 206 1111 564 582 36 
73 213 1176 582 578 43 
74 227 1221 569 586 48 
75 222 1261 587 611 54 
76 222 1330 594 638 59 
77 246 1407 605 673 69 
78 250 1460 644 709 82 
79 264 1593 669 714 94 
80 267 1634 712 744 98 
81 281 1694 761 756 100 
82 302 1770 803 797 104 
83 298 1853 831 873 119 
84 336 1903 836 905 120 
85 340 1925 874 964 125 
86 381 1952 943 1032 121 
87 399 2071 985 1053 138 
88 454 2198 1000 1105 138 
89 482 2333 1049 1223 136 
90 506 2435 1091 1310 131 
91 529 2563 1170 1368 146 
92 557 2678 1283 1416 160 
93 588 2817 1363 1575 184 
94 613 2914 1453 1652 200 
95 633 3049 1570 1794 215 
96 684 3224 1651 1901 233 
97 720 3339 1773 1972 251 
98 779 3483 1867 2052 278 
99 791 3652 1951 2211 286 
100 808 3787 1986 2371 286 
101 824 3942 2084 2572 270 
102 872 4035 2224 2682 278 
103 888 4160 2379 2818 269 
104 931 4256 2501 2975 275 
105 955 4423 2606 3105 289 
106 989 4704 2756 3211 330 
107 1057 4879 2943 3417 353 
108 1115 5018 3061 3606 374 
109 1171 5216 3193 3752 413 
110 1254 5362 3326 3875 423 
111 1326 5518 3423 4098 445 
112 1377 5776 3602 4260 478 
113 1450 5955 3773 4449 525 
114 1543 6218 3999 4605 584 
115 1595 6383 4282 4756 615 
116 1693 6687 4489 4971 643 
117 1831 6965 4619 5186 708 
118 1851 7217 4809 5312 707 
119 1938 7522 5044 5522 786 
120 2000 7689 5250 5841 806 
121 2036 8029 5523 6064 820 
122 2116 8209 5777 6275 834 
123 2225 8355 5953 6579 869 
124 2335 8710 6285 6828 908 
125 2437 9020 6583 7094 965 
126 2540 9346 6879 7344 1023 
127 2663 9670 7219 7591 1014 
128 2674 9924 7512 7917 1039 
129 2762 10106 7727 8298 1060 
130 2897 10204 7969 8666 1104 
131 2972 10463 8365 9073 1160 
132 3015 10667 8637 9381 1215 
133 3038 10978 8911 9603 1313 
134 3229 11194 9154 9909 1388 
135 3348 11330 9626 10308 1436 
136 3440 11380 9772 10518 1433 
137 3596 11544 10099 10800 1451 
138 3724 11635 10312 10980 1513 
139 3882 11796 10656 11266 1576 
140 3960 12016 11138 11505 1604 
141 4058 12116 11504 11828 1665 
142 4078 12175 11873 12118 1689 
143 4227 12313 12108 12406 1781 
144 4309 12394 12338 12687 1821 
145 4410 12465 12553 13187 1843 
146 4398 12489 12909 13409 1951 
147 4562 12656 13304 13573 2006 
148 4643 12700 13542 13946 2024 
149 4716 12637 13650 14248 2055 
150 4771 12645 14032 14458 2134 
151 4789 12809 14203 14326 2190 
152 4922 12880 14501 14383 2254 
153 4951 12797 14611 14760 2354 
154 5020 12650 14855 15036 2447 
155 4995 12532 15078 15222 2427 
156 5046 12634 15377 15404 2439 
157 5038 12503 15642 15416 2513 
158 5016 12383 15807 15504 2513 
159 4941 12404 15825 15581 2532 
160 4936 12219 15835 15763 2555 
161 4976 12065 15948 15941 2555 
162 5010 11870 15910 15796 2498 
163 5019 11506 15861 15874 2561 
164 4942 11384 15840 15919 2582 
165 4911 11127 15634 15977 2631 
166 4910 10968 15573 15940 2601 
167 4933 10696 15522 15983 2658 
168 4968 10595 15434 15830 2662 
169 5070 10453 15391 15822 2679 
170 4895 10222 15359 15932 2696 
171 4852 9987 15334 15960 2736 
172 4907 9726 15118 15972 2656 
173 4915 9511 15167 15819 2673 
174 4886 9187 14990 15775 2639 
175 4859 9011 14940 15717 2563 
176 4772 8878 14890 15598 2572 
177 4730 8645 14765 15228 2631 
178 4649 8482 14641 15020 2619 
179 4600 8151 14617 14648 2628 
180 4539 7948 14368 14351 2608 
181 4437 7710 14163 14093 2597 
182 4362 7325 13941 13813 2552 
183 4285 7235 13604 13479 2521 
184 4180 6909 13344 12996 2523 
185 4019 6730 13058 12726 2538 
186 3941 6559 12742 12470 2505 
187 3856 6205 12381 12269 2480 
188 3750 6059 12133 11990 2431 
189 3617 5880 11825 11698 2346 
190 3618 5746 11566 11424 2272 
191 3560 5567 11291 11103 2223 
192 3511 5409 11086 10825 2177 
193 3395 5201 10670 10646 2104 
194 3299 4893 10454 10398 2060 
195 3236 4722 10047 10187 2065 
196 3113 4516 9690 9794 2022 
197 3058 4349 9552 9440 1925 
198 2940 4245 9151 9054 1968 
199 2825 4124 8805 8771 1871 
200 2762 3981 8546 8376 1775 
201 2643 3869 8294 8084 1720 
202 2565 3726 8048 7832 1574 
203 2483 3550 7809 7635 1573 
204 2425 3429 7605 7303 1574 
205 2344 3257 7389 6950 1509 
206 2209 3165 7175 6598 1462 
207 2135 3120 7136 6325 1437 
208 2052 2982 6886 6126 1395 
209 1998 2838 6640 5855 1344 
210 1907 2775 6359 5704 1278 
211 1893 2673 6171 5435 1252 
212 1818 2593 5921 5283 1186 
213 1717 2506 5729 5188 1115 
214 1676 2400 5573 4978 1071 
215 1619 2272 5409 4808 1033 
216 1593 2150 5207 4603 986 
217 1548 2069 5018 4381 979 
218 1547 1930 4817 4214 947 
219 1478 1900 4533 4091 945 
220 1437 1877 4245 3975 907 
221 1395 1815 4045 3842 918 
222 1284 1748 3950 3667 883 
223 1179 1684 3815 3529 846 
224 1186 1606 3665 3307 822 
225 1132 1486 3457 3159 798 
226 1131 1460 3323 2996 738 
227 1079 1376 3160 2877 668 
228 1006 1341 3070 2726 634 
229 968 1328 3032 2596 592 
230 937 1228 2918 2454 619 
231 880 1203 2803 2285 593 
232 818 1144 2785 2194 575 
233 768 1105 2739 2139 518 
234 702 1082 2614 2096 509 
235 676 1050 2496 1976 472 
236 650 1002 2438 1911 426 
237 605 910 2317 1805 413 
238 574 904 2196 1713 387 
239 569 857 2076 1653 376 
240 581 841 2020 1575 347 
241 573 795 1892 1501 341 
242 564 722 1794 1449 335 
243 566 720 1732 1392 321 
244 532 722 1644 1329 325 
245 508 696 1597 1270 328 
246 483 650 1576 1199 331 
247 480 604 1541 1151 335 
248 463 598 1517 1133 352 
249 451 608 1427 1071 325 
250 408 582 1390 1017 335 
251 375 563 1344 1043 320 
252 361 540 1312 1006 307 
253 362 493 1243 943 278 
254 321 442 1163 943 256 
255 296 425 1058 933 228 
256 299 418 1037 903 209 
257 307 402 1006 893 204 
258 290 391 963 825 199 
259 297 383 937 787 186 
260 299 383 852 718 161 
261 284 386 819 711 159 
262 272 375 788 678 144 
263 277 359 748 663 127 
264 268 320 697 590 129 
265 237 293 666 569 120 
266 223 281 619 564 118 
267 207 301 562 534 114 
268 184 284 515 500 116 
269 179 256 480 446 104 
270 187 248 447 414 106 
271 189 266 422 409 94 
272 172 252 387 389 100 
273 166 236 368 383 94 
274 152 218 364 369 94 
275 148 191 333 349 99 
276 141 183 314 336 91 
277 129 171 307 313 91 
278 107 175 287 281 84 
279 118 171 278 269 76 
280 122 149 253 249 65 
281 107 139 271 234 69 
282 98 142 238 204 61 
283 85 142 214 193 49 
284 76 134 186 192 51 
285 69 123 176 189 41 
286 68 115 166 180 38 
287 71 122 157 183 39 
288 71 123 154 186 40 
289 64 121 163 184 47 
290 54 133 142 192 49 
291 55 120 140 175 42 
292 72 98 132 187 39 
293 69 89 143 187 38 
294 68 81 144 189 35 
295 71 82 137 173 34 
296 66 81 145 172 31 
297 56 67 147 167 27 
298 51 66 147 157 29 
299 53 54 140 156 26 
300 43 50 123 137 26 
301 41 51 117 145 29 
302 38 49 113 160 36 
303 41 57 114 157 36 
304 39 50 107 146 38 
305 40 53 98 152 47 
306 37 55 80 144 39 
307 43 52 85 131 35 
308 50 45 80 122 33 
309 50 38 87 129 31 
310 47 37 84 131 28 
311 49 38 84 114 30 
312 43 42 87 122 23 
313 36 41 93 125 23 
314 36 45 80 114 24 
315 37 44 91 109 23 
316 29 31 86 104 19 
317 26 28 86 105 28 
318 29 25 84 97 21 
319 31 27 87 94 23 
320 26 19 75 95 22 
321 23 16 79 86 23 
322 22 21 70 76 16 
323 21 13 68 73 15 
324 20 13 72 68 16 
325 14 13 67 69 17 
326 10 9 75 71 21 
327 12 10 67 67 21 
328 11 14 63 61 20 
329 10 14 62 56 20 
330 14 14 56 56 21 
331 17 12 43 64 19 
332 12 8 52 63 18 
333 13 5 56 57 14 
334 13 3 55 50 13 
335 12 1 58 44 14 
336 12 2 55 42 19 
337 11 4 43 36 19 
338 9 3 44 35 16 
339 8 5 44 35 17 
340 8 5 35 31 17 
341 10 5 28 25 18 
342 12 5 28 24 18 
343 11 5 23 29 17 
344 6 3 22 25 20 
345 9 3 21 22 18 
346 10 3 24 24 20 
347 11 3 20 19 24 
348 9 4 18 18 19 
349 8 4 17 12 18 
350 8 2 13 15 19 
351 6 2 13 17 15 
352 5 3 9 16 15 
353 6 3 12 14 14 
354 4 0 12 21 16 
355 4 0 8 17 15 
356 4 0 6 14 15 
357 1 0 6 13 13 
358 0 0 3 14 9 
359 0 0 4 14 11 
360 0 1 6 11 8 
361 0 0 8 9 5 
362 0 0 8 9 4 
363 0 0 10 10 3 
364 0 0 7 9 3 
365 0 0 3 12 2 
366 0 0 3 10 2 
367 0 0 1 8 4 
368 0 0 2 9 3 
369 0 0 3 8 4 
370 0 0 2 4 2 
371 0 0 1 3 1 
372 0 0 2 3 1 
373 0 0 2 4 1 
374 0 0 1 4 1 
375 0 0 4 2 0 
376 0 0 3 0 0 
377 1 0 1 0 0 
378 1 0 2 0 0 
379 1 0 1 0 0 
380 1 0 0 0 0 
381 1 0 0 0 0 
382 0 0 0 0 0 
