1 0 19 0 0 0 
2 0 17 0 0 0 
3 0 16 1 0 0 
4 0 14 1 0 0 
5 0 10 1 0 0 
6 1 13 1 0 0 
7 1 14 1 1 0 
8 1 11 0 2 0 
9 1 12 0 2 0 
10 2 14 0 1 0 
11 1 16 0 5 0 
12 0 18 0 3 0 
13 0 12 0 3 0 
14 0 18 0 2 0 
15 0 16 1 2 0 
16 0 12 1 4 0 
17 0 12 2 5 0 
18 0 12 1 3 0 
19 0 11 1 2 0 
20 0 8 2 3 0 
21 0 9 2 4 0 
22 1 10 1 7 0 
23 2 11 1 8 0 
24 3 16 2 13 0 
25 4 16 3 10 0 
26 3 22 5 10 0 
27 2 16 7 9 0 
28 1 12 7 5 0 
29 1 9 7 10 0 
30 0 14 3 10 0 
31 2 13 2 9 0 
32 1 18 1 8 0 
33 3 25 2 10 0 
34 4 22 1 11 0 
35 4 22 4 12 0 
36 5 34 1 9 0 
37 3 36 2 9 0 
38 2 31 1 6 0 
39 4 33 6 7 0 
40 4 26 10 8 0 
41 5 22 11 4 0 
42 4 31 9 5 0 
43 6 26 6 5 0 
44 7 27 8 5 0 
45 6 29 5 5 0 
46 5 20 6 6 0 
47 4 23 7 6 1 
48 5 29 8 12 2 
49 3 37 5 11 0 
50 3 40 4 8 0 
51 1 44 3 10 0 
52 1 37 1 9 0 
53 1 39 0 12 1 
54 1 48 0 12 0 
55 1 41 1 15 0 
56 0 41 1 14 1 
57 0 45 3 15 2 
58 0 50 5 9 2 
59 0 57 9 8 2 
60 0 56 10 9 2 
61 0 50 9 9 0 
62 0 59 8 6 0 
63 0 59 7 4 0 
64 0 71 10 5 0 
65 2 79 11 7 0 
66 0 75 16 6 0 
67 1 76 18 7 0 
68 0 71 23 8 0 
69 1 73 18 13 0 
70 3 75 27 12 0 
71 4 68 28 13 0 
72 4 66 26 18 0 
73 9 68 28 20 0 
74 7 65 29 18 0 
75 10 71 31 15 1 
76 13 78 39 15 2 
77 9 77 39 19 2 
78 16 80 31 24 4 
79 12 93 36 22 3 
80 13 101 41 29 2 
81 23 101 47 32 4 
82 29 114 53 35 4 
83 26 117 65 36 4 
84 23 119 82 35 4 
85 23 139 80 42 9 
86 17 152 84 43 9 
87 16 166 82 37 11 
88 16 191 88 43 10 
89 22 207 79 43 9 
90 34 211 89 48 11 
91 34 214 108 44 13 
92 40 222 120 45 16 
93 48 229 126 48 12 
94 53 247 113 64 15 
95 54 265 111 78 12 
96 48 265 121 79 15 
97 60 282 120 85 11 
98 64 283 129 98 13 
99 70 284 152 106 12 
100 68 276 151 113 14 
101 76 273 176 129 11 
102 74 286 185 141 11 
103 60 319 173 151 15 
104 74 314 186 170 17 
105 73 331 192 183 23 
106 66 362 207 199 23 
107 66 372 213 202 22 
108 72 400 224 190 20 
109 76 421 225 214 21 
110 83 465 231 224 24 
111 79 504 242 261 24 
112 100 556 224 279 22 
113 102 569 253 297 20 
114 112 592 262 324 21 
115 121 640 258 332 29 
116 108 627 289 344 34 
117 107 649 297 336 39 
118 105 649 334 361 40 
119 109 683 359 388 36 
120 108 722 389 389 39 
121 110 741 410 391 45 
122 131 728 429 419 39 
123 143 742 420 426 51 
124 148 798 484 442 49 
125 162 829 492 452 52 
126 164 848 513 454 57 
127 181 885 529 471 78 
128 182 909 536 494 84 
129 206 922 557 510 88 
130 218 992 575 534 89 
131 234 1036 604 566 93 
132 231 1046 646 631 107 
133 238 1100 692 690 122 
134 239 1099 694 735 121 
135 258 1169 737 757 134 
136 277 1267 788 768 136 
137 276 1313 868 798 145 
138 281 1344 916 869 166 
139 289 1407 983 929 165 
140 314 1481 1008 1011 177 
141 343 1546 1075 1010 188 
142 361 1652 1154 1047 188 
143 381 1684 1183 1106 192 
144 425 1715 1261 1171 190 
145 451 1815 1320 1240 215 
146 473 1929 1399 1257 207 
147 488 2070 1388 1325 207 
148 477 2167 1438 1384 217 
149 513 2274 1524 1482 234 
150 573 2361 1611 1566 254 
151 607 2535 1741 1663 252 
152 655 2667 1907 1751 262 
153 702 2815 2036 1865 269 
154 718 3004 2108 1917 273 
155 771 3113 2199 2028 318 
156 818 3272 2351 2170 327 
157 879 3387 2389 2280 337 
158 901 3626 2515 2370 356 
159 935 3793 2563 2485 373 
160 983 3931 2713 2649 373 
161 1012 4280 2806 2814 381 
162 1072 4501 2944 3013 419 
163 1114 4645 3040 3155 453 
164 1159 4851 3135 3284 500 
165 1192 5104 3282 3483 528 
166 1242 5241 3438 3553 555 
167 1312 5434 3603 3717 614 
168 1360 5676 3681 3960 656 
169 1363 5874 3777 4190 691 
170 1426 6073 3976 4344 719 
171 1490 6316 4129 4512 757 
172 1523 6592 4368 4750 801 
173 1581 6795 4574 4973 851 
174 1678 7034 4777 5282 920 
175 1681 7265 4987 5492 919 
176 1732 7503 5129 5711 969 
177 1842 7699 5324 5991 1015 
178 1962 7870 5509 6264 1089 
179 2010 8197 5766 6465 1161 
180 2099 8423 5933 6696 1214 
181 2167 8601 6210 6892 1241 
182 2316 8741 6476 7167 1207 
183 2410 8986 6679 7424 1228 
184 2457 9322 6902 7637 1301 
185 2546 9522 7098 7826 1304 
186 2660 9759 7383 8077 1334 
187 2791 10011 7605 8423 1361 
188 2887 10268 7964 8694 1384 
189 2958 10393 8201 8951 1409 
190 2992 10737 8477 9336 1421 
191 3099 10845 8731 9547 1467 
192 3249 11081 8901 9918 1520 
193 3331 11407 9140 10180 1596 
194 3419 11668 9490 10493 1604 
195 3491 11728 9884 10808 1695 
196 3538 11877 10153 10983 1713 
197 3620 11899 10329 11363 1779 
198 3709 12054 10702 11743 1823 
199 3742 12276 11116 11960 1822 
200 3750 12413 11396 12339 1828 
201 3856 12513 11684 12549 1938 
202 3905 12605 11836 12767 2056 
203 4031 12741 12294 13028 2090 
204 4213 12911 12663 13225 2183 
205 4294 13021 12914 13485 2230 
206 4332 13023 12983 13615 2259 
207 4379 12930 13038 13987 2354 
208 4369 12970 13474 14371 2441 
209 4394 12877 13639 14532 2476 
210 4522 12970 13793 14741 2507 
211 4595 12930 13883 14744 2484 
212 4650 13021 14208 14850 2480 
213 4704 13014 14554 15117 2496 
214 4652 12897 14843 15209 2548 
215 4713 12766 14926 15116 2577 
216 4771 12529 14910 15207 2629 
217 4782 12442 14990 15260 2646 
218 4875 12332 15031 15237 2701 
219 4933 12139 15191 15169 2766 
220 4912 11892 15250 15172 2763 
221 4854 11634 15271 15219 2799 
222 4874 11415 15223 15187 2769 
223 4946 11049 15256 15066 2777 
224 4937 10750 15361 15114 2779 
225 4934 10635 15276 15270 2728 
226 4933 10312 15487 15184 2752 
227 4863 10151 15536 14905 2786 
228 4819 9833 15411 14955 2729 
229 4693 9812 15320 14735 2712 
230 4792 9500 15210 14538 2688 
231 4730 9190 15044 14309 2630 
232 4772 8996 14899 14277 2604 
233 4841 8851 14633 14101 2588 
234 4749 8560 14359 13980 2605 
235 4623 8451 14130 13758 2513 
236 4524 8121 14090 13559 2533 
237 4347 7852 13949 13431 2575 
238 4296 7656 13719 13204 2519 
239 4234 7468 13501 13010 2503 
240 4182 7279 13258 12987 2557 
241 4088 7080 12820 12653 2475 
242 3914 6932 12726 12301 2438 
243 3809 6768 12651 11867 2354 
244 3813 6454 12449 11567 2325 
245 3648 6210 12118 11240 2289 
246 3670 6059 11940 10996 2284 
247 3558 5860 11758 10766 2185 
248 3482 5640 11476 10441 2144 
249 3393 5377 11298 10097 2043 
250 3335 5166 11065 9844 1992 
251 3258 5047 11038 9436 1992 
252 3146 4875 10673 9164 1959 
253 3189 4700 10258 8915 1886 
254 3064 4522 10024 8749 1826 
255 3005 4415 9870 8546 1782 
256 2847 4224 9542 8274 1725 
257 2747 4057 9337 8015 1691 
258 2688 3954 9075 7795 1579 
259 2580 3797 8870 7506 1557 
260 2552 3674 8666 7285 1479 
261 2476 3530 8356 7074 1462 
262 2466 3353 8041 6831 1394 
263 2372 3239 7834 6552 1375 
264 2304 3162 7471 6203 1383 
265 2207 2919 7138 6022 1340 
266 2122 2830 6933 5772 1299 
267 2050 2738 6762 5615 1227 
268 1987 2622 6500 5413 1187 
269 1855 2458 6315 5252 1140 
270 1792 2364 6120 5022 1113 
271 1684 2308 5916 4828 1070 
272 1600 2226 5720 4756 1044 
273 1562 2140 5482 4543 1012 
274 1527 2121 5412 4344 975 
275 1505 2004 5254 4173 968 
276 1443 1883 5080 4032 940 
277 1453 1876 4826 3941 900 
278 1378 1803 4696 3687 879 
279 1260 1732 4445 3571 893 
280 1210 1654 4308 3372 880 
281 1144 1578 4141 3174 850 
282 1081 1546 3903 3064 797 
283 1111 1493 3738 2995 787 
284 1060 1366 3594 2954 766 
285 1038 1301 3482 2878 777 
286 1008 1271 3292 2715 771 
287 982 1251 3226 2639 727 
288 934 1178 3113 2546 711 
289 919 1164 2951 2499 691 
290 869 1111 2801 2351 704 
291 845 1064 2756 2279 684 
292 807 1063 2644 2191 637 
293 769 998 2558 2097 607 
294 781 946 2472 2012 590 
295 757 902 2427 1940 581 
296 701 843 2345 1887 582 
297 667 787 2230 1821 583 
298 655 763 2142 1762 541 
299 626 715 2047 1745 514 
300 646 695 1970 1645 499 
301 650 691 1897 1585 475 
302 610 722 1869 1508 455 
303 557 700 1799 1439 456 
304 511 664 1708 1358 437 
305 501 642 1609 1308 407 
306 503 641 1575 1225 389 
307 458 612 1513 1160 366 
308 419 604 1370 1093 321 
309 412 600 1339 1052 310 
310 412 585 1265 969 299 
311 394 554 1176 926 289 
312 363 551 1139 882 294 
313 364 522 1099 861 291 
314 339 503 1038 868 286 
315 319 500 1023 864 274 
316 338 472 977 778 260 
317 313 459 907 743 261 
318 324 425 900 736 260 
319 312 397 866 702 250 
320 302 395 850 698 219 
321 287 380 832 671 208 
322 270 363 775 637 221 
323 265 353 757 619 223 
324 240 344 735 604 223 
325 240 335 710 582 207 
326 241 318 660 621 212 
327 236 299 650 635 204 
328 228 286 637 599 174 
329 191 280 619 557 174 
330 181 267 604 531 158 
331 177 230 583 501 150 
332 161 226 542 504 122 
333 163 218 536 477 111 
334 162 217 503 466 114 
335 162 219 473 465 105 
336 170 221 453 434 103 
337 160 201 436 446 90 
338 140 206 433 421 84 
339 140 206 422 398 80 
340 130 182 400 396 71 
341 116 166 369 403 77 
342 108 171 329 382 72 
343 117 177 296 375 75 
344 110 160 287 341 71 
345 110 141 254 323 77 
346 92 134 240 325 78 
347 84 140 231 310 80 
348 81 121 199 284 75 
349 84 122 177 267 69 
350 82 109 174 253 70 
351 90 107 183 258 63 
352 98 91 159 255 58 
353 85 88 159 265 54 
354 88 91 155 252 63 
355 75 78 133 231 55 
356 71 83 140 229 49 
357 63 74 135 212 48 
358 60 76 131 211 49 
359 58 70 105 200 54 
360 46 76 112 189 44 
361 42 79 114 180 35 
362 40 73 103 163 35 
363 30 71 91 155 34 
364 25 67 101 145 22 
365 25 64 98 159 22 
366 29 62 102 156 21 
367 27 54 105 147 26 
368 29 45 91 126 24 
369 27 36 82 128 24 
370 27 36 69 125 29 
371 28 38 59 110 24 
372 27 27 62 108 18 
373 17 21 67 92 15 
374 19 17 69 89 18 
375 20 17 58 84 14 
376 16 17 60 91 13 
377 14 17 62 102 12 
378 12 14 64 88 15 
379 14 12 61 75 10 
380 16 10 58 74 12 
381 18 9 56 80 14 
382 14 8 54 73 12 
383 9 4 50 66 13 
384 6 4 42 66 11 
385 5 3 41 66 12 
386 5 1 43 59 15 
387 4 2 40 61 16 
388 4 2 25 64 14 
389 3 2 28 60 17 
390 3 1 29 53 16 
391 5 2 32 47 18 
392 3 4 35 44 15 
393 3 3 33 47 14 
394 3 5 31 49 16 
395 4 3 29 55 15 
396 8 3 19 55 16 
397 10 2 20 56 18 
398 10 3 19 61 17 
399 7 3 15 53 20 
400 4 2 13 49 20 
401 3 1 14 41 19 
402 3 2 17 42 16 
403 2 1 17 43 17 
404 2 1 17 41 15 
405 2 2 20 38 20 
406 2 3 16 41 17 
407 3 5 18 42 18 
408 4 4 20 35 13 
409 7 6 19 29 9 
410 9 8 19 23 8 
411 9 12 19 19 10 
412 10 16 18 20 11 
413 7 10 19 20 9 
414 6 5 11 19 7 
415 8 4 12 17 6 
416 8 4 11 16 4 
417 9 7 12 16 4 
418 5 8 8 14 2 
419 1 11 7 14 2 
420 3 9 5 16 3 
421 4 9 6 14 4 
422 5 10 4 12 1 
423 6 11 3 10 0 
424 5 14 1 13 0 
425 2 10 1 15 0 
426 2 9 0 11 0 
427 4 9 1 6 0 
428 5 9 1 6 0 
429 5 9 5 4 0 
430 3 7 8 1 0 
431 2 6 10 1 0 
432 3 11 11 1 0 
433 4 9 11 1 0 
434 5 10 11 3 0 
435 1 11 12 5 0 
436 0 12 17 5 0 
437 2 9 13 3 0 
438 1 11 15 6 1 
439 2 12 15 7 1 
440 2 13 17 6 0 
441 2 17 18 7 0 
442 0 15 19 5 1 
443 0 15 18 3 1 
444 0 12 11 3 1 
445 1 14 10 3 0 
446 1 19 10 3 0 
447 2 14 12 3 0 
448 2 13 9 5 1 
449 1 12 7 4 1 
450 1 9 8 3 1 
451 1 11 6 4 1 
452 1 10 8 5 0 
453 0 9 10 6 0 
454 0 11 8 7 0 
455 1 9 11 7 0 
456 2 8 11 8 0 
457 2 11 11 6 0 
458 2 10 9 6 0 
459 2 12 10 3 0 
460 1 11 10 3 1 
461 0 10 11 3 1 
462 2 13 8 5 1 
463 1 10 10 5 1 
464 1 9 12 5 1 
465 1 8 9 5 1 
466 2 10 7 5 2 
467 0 7 7 5 2 
468 0 5 9 6 3 
469 0 8 9 3 3 
470 0 6 7 5 2 
471 0 6 7 6 1 
472 0 5 8 3 0 
473 0 6 7 2 0 
474 0 6 8 2 0 
475 0 3 6 2 0 
476 0 4 7 2 0 
477 0 2 4 1 0 
478 0 2 6 1 0 
479 0 2 4 1 0 
480 0 2 4 1 0 
481 1 1 3 1 0 
482 1 1 2 2 0 
483 1 1 3 2 0 
484 1 0 4 1 0 
485 2 0 2 3 0 
486 1 0 4 1 0 
487 2 0 3 1 0 
488 2 0 3 1 0 
489 2 0 2 1 0 
490 1 0 5 1 0 
491 1 0 4 1 0 
492 0 0 4 1 0 
493 0 0 3 1 0 
494 0 0 4 3 0 
495 0 1 4 1 0 
496 0 1 5 2 0 
497 0 1 6 2 0 
498 0 1 4 2 0 
499 0 1 4 1 0 
500 0 0 3 1 0 
501 0 0 3 2 0 
502 0 0 3 2 0 
503 0 0 3 1 0 
504 0 0 2 2 0 
505 0 0 1 2 0 
506 0 0 0 3 0 
507 0 0 0 2 0 
508 0 0 0 4 0 
509 0 0 0 6 0 
510 0 0 0 6 0 
511 0 0 0 6 0 
512 0 0 0 3 0 
513 1 0 0 2 0 
514 0 0 0 3 0 
515 0 0 0 2 0 
516 1 0 0 2 0 
517 1 0 1 1 0 
518 0 1 1 1 0 
519 0 3 1 1 0 
520 1 3 1 1 0 
521 2 4 1 1 0 
522 2 4 0 1 0 
523 2 3 0 1 0 
524 2 1 0 1 0 
525 3 3 0 0 0 
526 3 2 0 0 0 
527 1 0 0 0 0 
528 1 0 0 0 0 
529 1 0 0 0 0 
530 1 0 0 0 0 
531 1 0 0 0 0 
532 1 0 0 0 0 
533 1 0 0 0 0 
534 1 0 0 0 0 
535 1 0 0 0 0 
536 1 0 0 0 0 
537 1 0 0 0 0 
538 1 0 0 0 0 
539 1 0 0 0 0 
540 1 0 0 0 0 
541 1 0 0 0 0 
542 1 0 0 0 0 
543 1 0 0 0 0 
544 1 0 0 0 0 
545 0 0 0 0 0 
