1 0 16 0 0 0 
2 2 12 0 0 0 
3 1 18 0 0 0 
4 1 12 0 0 0 
5 0 12 0 0 0 
6 0 13 0 0 0 
7 0 13 0 0 0 
8 0 14 0 0 0 
9 1 18 0 0 0 
10 6 21 0 0 0 
11 3 26 0 0 0 
12 3 28 1 0 0 
13 2 25 3 0 0 
14 2 25 1 2 0 
15 2 33 1 1 0 
16 2 34 2 2 0 
17 0 36 1 1 0 
18 1 39 3 1 0 
19 0 51 3 0 0 
20 1 56 2 2 0 
21 1 59 2 3 0 
22 3 62 3 7 0 
23 9 73 5 6 0 
24 12 70 3 6 0 
25 12 65 1 4 0 
26 10 60 0 5 1 
27 8 60 0 3 1 
28 8 69 0 2 2 
29 11 74 3 1 3 
30 15 76 5 5 2 
31 18 71 7 5 3 
32 17 71 9 4 0 
33 16 81 10 4 0 
34 17 82 10 6 0 
35 15 87 10 9 0 
36 17 90 9 6 0 
37 16 118 9 6 0 
38 10 111 7 9 0 
39 12 117 8 9 1 
40 11 132 9 8 1 
41 11 137 6 11 1 
42 9 157 8 17 2 
43 11 165 8 22 1 
44 15 162 10 26 1 
45 17 173 13 26 2 
46 18 181 15 23 4 
47 18 183 10 26 5 
48 19 205 13 31 5 
49 21 208 22 35 6 
50 20 216 24 34 6 
51 24 211 27 41 8 
52 23 216 32 36 9 
53 25 220 38 44 6 
54 31 231 37 46 5 
55 33 241 41 44 4 
56 49 249 46 49 4 
57 41 245 50 53 6 
58 38 251 57 64 6 
59 40 250 74 65 5 
60 47 234 68 68 4 
61 57 259 71 69 2 
62 49 266 83 83 4 
63 52 292 86 100 4 
64 57 327 100 99 8 
65 59 357 105 103 10 
66 57 358 109 108 11 
67 71 356 130 117 12 
68 80 395 151 126 16 
69 87 419 156 127 18 
70 80 449 175 138 21 
71 84 488 167 145 26 
72 80 512 195 160 29 
73 82 511 204 171 29 
74 95 549 229 192 28 
75 119 557 248 224 32 
76 112 596 256 244 30 
77 107 620 283 262 32 
78 120 660 285 290 36 
79 117 691 294 291 35 
80 140 731 327 346 36 
81 144 778 332 338 28 
82 154 778 385 374 30 
83 143 811 424 421 37 
84 136 855 422 430 50 
85 131 889 456 470 52 
86 145 980 502 521 58 
87 160 1053 524 551 67 
88 187 1104 552 619 59 
89 197 1093 525 638 69 
90 218 1150 528 669 74 
91 241 1134 541 673 76 
92 251 1212 574 741 81 
93 227 1264 584 760 80 
94 243 1302 599 774 83 
95 263 1322 640 830 91 
96 278 1447 679 869 113 
97 299 1514 711 937 131 
98 290 1576 686 1012 138 
99 311 1605 712 1025 149 
100 318 1672 768 1060 149 
101 355 1763 845 1151 156 
102 356 1870 917 1196 150 
103 376 1998 939 1217 142 
104 402 2079 970 1285 149 
105 413 2201 1065 1401 158 
106 423 2295 1167 1466 163 
107 439 2363 1257 1580 176 
108 465 2472 1352 1639 194 
109 516 2648 1420 1704 215 
110 549 2720 1525 1847 222 
111 606 2826 1613 1902 258 
112 657 2973 1694 2032 251 
113 690 3104 1757 2168 289 
114 708 3217 1781 2278 283 
115 737 3375 1882 2352 304 
116 790 3448 1971 2534 305 
117 846 3585 2035 2675 323 
118 891 3738 2142 2844 352 
119 897 4049 2300 2986 365 
120 923 4182 2369 3162 363 
121 906 4311 2516 3282 357 
122 982 4462 2649 3476 373 
123 1052 4638 2744 3603 417 
124 1136 4956 2931 3767 450 
125 1166 5282 3059 3878 457 
126 1193 5506 3235 4114 458 
127 1217 5769 3418 4331 474 
128 1300 5967 3603 4447 492 
129 1374 6165 3773 4603 530 
130 1451 6289 3915 4888 538 
131 1501 6511 4121 5030 538 
132 1613 6735 4324 5156 570 
133 1712 7048 4442 5409 578 
134 1782 7335 4608 5689 615 
135 1886 7595 4846 5893 689 
136 1966 7807 5083 6084 699 
137 1994 8083 5323 6251 709 
138 2080 8361 5518 6611 761 
139 2213 8714 5773 6773 818 
140 2221 9014 6034 7014 900 
141 2351 9260 6262 7244 963 
142 2432 9457 6576 7452 982 
143 2476 9588 6798 7686 1040 
144 2544 9798 6914 7965 1099 
145 2624 10098 7215 8244 1149 
146 2750 10388 7632 8495 1209 
147 2807 10787 7825 8729 1248 
148 2928 11062 8010 9055 1290 
149 3029 11259 8254 9396 1377 
150 3116 11533 8526 9751 1390 
151 3141 11647 8804 9987 1450 
152 3258 11914 8979 10308 1497 
153 3359 12011 9375 10687 1517 
154 3408 12214 9773 10964 1523 
155 3584 12457 10143 11266 1544 
156 3684 12599 10487 11672 1593 
157 3796 12795 10811 11830 1646 
158 3879 12782 11060 11992 1703 
159 3919 12721 11403 12329 1731 
160 4020 12756 11829 12405 1843 
161 4037 12781 11994 12677 1910 
162 4038 12935 12164 12886 1984 
163 4127 12913 12529 13026 2119 
164 4238 12876 12763 13047 2169 
165 4218 13050 13115 13190 2245 
166 4294 13077 13381 13330 2327 
167 4452 13095 13642 13469 2378 
168 4553 13211 13892 13724 2476 
169 4670 13221 14058 13860 2511 
170 4687 13182 14181 14209 2621 
171 4711 13200 14393 14201 2707 
172 4763 13006 14561 14273 2726 
173 4786 12776 14877 14392 2731 
174 4829 12747 14918 14582 2841 
175 4824 12652 15071 14702 2848 
176 4900 12521 15085 14742 2810 
177 4861 12358 15219 14730 2864 
178 4802 12293 15422 14679 2871 
179 4842 12148 15527 14660 2902 
180 4793 11937 15683 14474 2965 
181 4726 11580 15904 14355 2925 
182 4750 11325 15784 14343 2958 
183 4766 11086 15892 14392 2977 
184 4872 10888 15859 14321 3020 
185 4804 10652 15535 14189 3037 
186 4815 10255 15340 13983 3022 
187 4735 10134 15318 13831 3016 
188 4672 9881 15253 13784 3030 
189 4723 9509 15112 13621 2991 
190 4641 9093 14955 13493 3042 
191 4647 8831 14950 13361 3013 
192 4546 8622 14750 13235 3044 
193 4450 8377 14614 13075 2940 
194 4335 8130 14405 13038 2979 
195 4335 7918 14130 13004 3007 
196 4339 7685 14118 12772 3022 
197 4228 7335 13908 12556 2996 
198 4188 7089 13783 12360 2944 
199 4204 6828 13422 12129 2919 
200 4180 6577 13210 11931 2880 
201 4031 6441 13023 11629 2863 
202 3873 6235 12749 11452 2767 
203 3784 6035 12473 11212 2757 
204 3719 5819 12196 10985 2673 
205 3570 5657 11913 10707 2684 
206 3506 5455 11777 10422 2622 
207 3452 5322 11390 10305 2531 
208 3362 5147 11338 10105 2516 
209 3338 4929 11210 9814 2450 
210 3210 4681 10931 9605 2366 
211 3137 4559 10576 9361 2351 
212 3064 4403 10307 8944 2327 
213 2975 4317 10160 8612 2296 
214 2873 4105 9850 8288 2223 
215 2820 4008 9493 8102 2132 
216 2710 3831 9274 7856 2004 
217 2638 3610 9024 7574 1951 
218 2582 3471 8843 7305 1882 
219 2553 3376 8698 7157 1826 
220 2504 3293 8292 6863 1827 
221 2428 3193 8203 6719 1760 
222 2412 3034 7905 6426 1672 
223 2402 2985 7672 6172 1599 
224 2321 2862 7380 6001 1537 
225 2240 2693 7161 5781 1481 
226 2133 2572 6952 5582 1425 
227 2014 2440 6726 5290 1340 
228 1956 2367 6453 5133 1308 
229 1825 2269 6347 4946 1314 
230 1799 2190 6114 4824 1219 
231 1708 2129 5921 4614 1160 
232 1661 2052 5717 4481 1171 
233 1580 1936 5410 4359 1115 
234 1515 1847 5161 4206 1057 
235 1473 1800 4990 4030 1022 
236 1421 1770 4717 3930 958 
237 1404 1665 4539 3723 894 
238 1328 1589 4401 3607 862 
239 1243 1523 4317 3426 844 
240 1236 1436 4191 3283 839 
241 1186 1376 4158 3195 825 
242 1139 1291 4036 2999 807 
243 1050 1237 3784 3014 797 
244 1038 1162 3622 2884 753 
245 986 1068 3518 2840 707 
246 961 1053 3327 2749 669 
247 948 993 3243 2647 597 
248 938 932 3116 2522 594 
249 907 899 2955 2387 579 
250 900 850 2833 2343 552 
251 861 827 2709 2212 542 
252 768 814 2580 2069 522 
253 749 785 2470 2023 514 
254 721 788 2398 1873 488 
255 692 736 2307 1817 442 
256 693 675 2241 1740 430 
257 640 671 2080 1657 400 
258 632 644 1919 1601 380 
259 572 609 1797 1545 361 
260 560 581 1715 1476 363 
261 505 567 1639 1417 359 
262 469 530 1588 1382 356 
263 454 528 1485 1299 328 
264 428 537 1436 1290 329 
265 427 523 1364 1240 322 
266 436 483 1316 1149 308 
267 401 498 1277 1121 284 
268 403 474 1189 1084 295 
269 361 461 1125 1096 272 
270 356 455 1053 1035 265 
271 347 438 1002 983 256 
272 316 445 972 945 248 
273 309 441 894 895 239 
274 289 422 884 837 220 
275 293 384 835 841 219 
276 291 372 803 828 189 
277 293 373 745 764 193 
278 282 341 755 710 185 
279 264 337 716 682 181 
280 250 304 687 684 184 
281 259 271 661 612 177 
282 243 262 632 584 168 
283 241 251 604 545 161 
284 231 241 549 523 154 
285 228 242 535 519 141 
286 205 238 537 512 130 
287 193 229 465 493 128 
288 167 234 457 474 127 
289 147 218 447 437 124 
290 126 216 443 437 133 
291 142 198 419 434 125 
292 130 207 416 397 112 
293 125 195 382 382 99 
294 128 196 372 338 90 
295 123 197 354 326 90 
296 124 205 357 302 82 
297 115 183 337 305 69 
298 121 181 321 286 64 
299 108 180 297 295 61 
300 107 181 267 282 57 
301 111 160 266 274 55 
302 112 160 259 261 57 
303 105 150 257 264 49 
304 93 152 221 256 48 
305 98 147 251 226 47 
306 84 133 234 209 47 
307 86 136 217 205 49 
308 83 120 211 193 48 
309 73 111 193 177 43 
310 73 109 184 186 49 
311 66 125 169 183 41 
312 60 122 173 176 43 
313 56 105 157 160 34 
314 59 107 162 155 26 
315 57 101 162 166 24 
316 62 93 152 153 21 
317 59 83 149 158 22 
318 54 85 141 166 25 
319 60 75 143 145 25 
320 60 64 131 134 23 
321 48 62 116 141 24 
322 43 63 111 138 22 
323 44 69 117 134 19 
324 42 78 123 131 21 
325 44 72 94 112 20 
326 38 73 100 94 17 
327 34 75 103 87 16 
328 33 78 104 96 23 
329 34 70 99 90 18 
330 29 60 97 75 15 
331 29 45 94 68 18 
332 32 43 95 66 21 
333 29 43 93 65 20 
334 32 43 94 65 21 
335 34 45 92 70 22 
336 36 45 100 69 27 
337 34 41 100 65 22 
338 31 36 95 60 23 
339 24 34 86 59 23 
340 26 31 87 55 26 
341 25 32 87 55 30 
342 25 29 90 59 33 
343 24 32 99 54 36 
344 19 32 116 47 37 
345 21 31 105 54 34 
346 19 34 80 62 33 
347 21 32 75 49 30 
348 19 23 78 47 28 
349 21 18 78 44 26 
350 23 18 76 35 27 
351 26 23 74 32 26 
352 25 24 77 33 27 
353 16 20 65 35 30 
354 18 19 67 36 21 
355 22 22 66 38 19 
356 24 29 61 38 22 
357 20 31 51 39 23 
358 19 33 51 35 19 
359 25 29 48 30 16 
360 25 30 41 29 14 
361 26 24 43 33 21 
362 25 16 39 31 17 
363 17 17 33 31 16 
364 15 12 37 24 17 
365 9 10 30 26 13 
366 10 11 26 36 13 
367 9 10 24 32 11 
368 9 12 24 24 11 
369 7 6 27 29 9 
370 6 5 28 25 8 
371 6 3 27 22 11 
372 5 4 29 22 11 
373 4 2 27 23 9 
374 5 3 35 23 7 
375 4 3 36 17 7 
376 2 3 30 12 9 
377 8 1 25 7 11 
378 8 1 24 9 7 
379 10 1 26 9 9 
380 11 3 31 9 9 
381 14 3 33 12 7 
382 17 4 35 10 3 
383 22 6 33 9 2 
384 17 8 29 8 3 
385 19 8 21 7 4 
386 12 6 20 4 3 
387 10 9 22 2 4 
388 12 8 19 3 3 
389 10 11 21 5 2 
390 9 10 25 4 1 
391 4 11 22 6 1 
392 3 9 17 7 1 
393 3 8 19 13 1 
394 4 6 17 16 0 
395 5 9 18 8 0 
396 7 11 16 7 0 
397 5 10 18 12 0 
398 6 9 20 15 0 
399 6 11 16 9 0 
400 4 13 18 8 0 
401 5 14 18 7 0 
402 5 10 17 5 0 
403 3 8 13 3 0 
404 4 6 13 3 0 
405 2 5 14 2 0 
406 3 3 14 3 0 
407 3 3 15 4 0 
408 3 2 15 4 0 
409 2 1 11 5 0 
410 2 1 12 7 0 
411 2 2 12 8 0 
412 2 3 10 5 0 
413 1 1 11 3 0 
414 1 1 9 3 0 
415 1 1 7 1 0 
416 2 0 6 2 0 
417 1 0 5 2 0 
418 1 0 5 2 0 
419 1 0 7 5 0 
420 1 0 5 3 1 
421 2 0 5 1 1 
422 1 0 2 0 0 
423 0 0 2 0 0 
424 0 0 5 0 0 
425 0 0 3 0 0 
426 0 0 2 0 0 
427 0 0 1 0 0 
428 0 0 0 0 0 
