1 0 8 0 0 0 
2 0 10 0 0 0 
3 0 17 0 0 0 
4 0 16 0 0 0 
5 0 13 0 0 0 
6 0 14 0 0 0 
7 1 12 0 1 0 
8 1 11 0 1 0 
9 0 8 0 0 0 
10 0 7 0 0 0 
11 0 7 0 0 0 
12 0 8 0 0 0 
13 0 8 0 0 0 
14 0 10 0 0 0 
15 0 8 0 0 0 
16 0 5 0 0 0 
17 0 4 0 0 0 
18 0 5 0 0 0 
19 0 5 0 0 0 
20 0 7 0 0 0 
21 0 7 0 0 0 
22 0 6 0 0 0 
23 0 12 0 0 0 
24 0 13 0 0 0 
25 0 18 0 0 0 
26 0 20 0 0 0 
27 0 20 0 0 0 
28 0 27 0 0 0 
29 0 28 2 0 0 
30 2 38 1 0 0 
31 2 41 1 0 0 
32 4 39 0 0 0 
33 4 39 0 0 0 
34 4 40 1 0 0 
35 4 32 1 0 0 
36 4 28 3 0 0 
37 3 41 2 0 1 
38 4 42 2 2 1 
39 4 45 2 2 1 
40 3 51 3 3 0 
41 3 55 5 3 0 
42 1 52 7 4 0 
43 1 47 8 3 0 
44 2 49 7 8 0 
45 2 50 4 13 0 
46 1 63 2 15 0 
47 3 65 2 22 1 
48 3 73 1 27 2 
49 6 84 1 24 2 
50 9 79 4 33 1 
51 9 74 5 30 1 
52 9 81 11 25 1 
53 7 78 9 26 0 
54 10 71 11 28 0 
55 7 80 7 31 0 
56 9 82 8 27 0 
57 8 76 9 31 0 
58 16 74 10 38 0 
59 14 73 16 49 0 
60 11 65 28 56 0 
61 17 75 27 56 2 
62 22 73 25 58 2 
63 22 86 28 61 2 
64 19 99 29 74 3 
65 25 115 32 68 3 
66 24 135 39 81 0 
67 21 139 40 91 0 
68 20 152 54 103 1 
69 20 177 52 96 1 
70 25 187 64 86 1 
71 15 207 68 83 0 
72 12 216 74 100 1 
73 16 215 77 87 0 
74 17 217 91 99 0 
75 22 221 101 104 1 
76 31 240 104 111 1 
77 36 273 108 114 2 
78 39 317 118 132 1 
79 46 317 134 138 1 
80 52 349 126 143 5 
81 48 378 140 138 5 
82 54 401 153 141 6 
83 62 427 158 150 5 
84 63 430 180 156 4 
85 63 462 166 170 2 
86 64 499 178 178 7 
87 75 539 192 204 3 
88 84 568 212 206 3 
89 89 598 222 219 5 
90 105 596 233 237 6 
91 104 653 213 257 17 
92 94 694 223 273 15 
93 115 755 224 280 19 
94 123 787 229 305 20 
95 142 812 251 327 28 
96 149 858 277 327 32 
97 148 924 291 331 31 
98 156 983 308 345 33 
99 144 1030 338 355 36 
100 141 1083 343 389 34 
101 155 1097 367 423 33 
102 160 1187 400 447 43 
103 164 1235 431 445 39 
104 189 1291 460 483 49 
105 182 1340 478 525 42 
106 201 1400 501 545 45 
107 231 1436 539 583 59 
108 220 1455 574 625 59 
109 235 1478 655 635 64 
110 246 1570 703 647 77 
111 250 1668 716 651 75 
112 279 1763 754 680 89 
113 309 1787 792 738 103 
114 311 1865 859 816 100 
115 335 1959 921 890 103 
116 369 2049 972 973 109 
117 393 2141 1066 1025 124 
118 406 2254 1088 1053 127 
119 443 2387 1174 1097 143 
120 489 2514 1234 1177 156 
121 489 2670 1272 1218 163 
122 511 2797 1322 1293 181 
123 509 2931 1356 1337 187 
124 567 3038 1389 1465 188 
125 596 3189 1470 1560 182 
126 624 3270 1592 1614 188 
127 664 3445 1712 1706 179 
128 653 3536 1864 1819 188 
129 682 3627 1969 1987 204 
130 737 3775 2118 2076 217 
131 775 3860 2218 2133 231 
132 807 3954 2253 2150 244 
133 893 4137 2382 2296 233 
134 967 4365 2516 2465 242 
135 973 4522 2626 2605 251 
136 987 4839 2844 2744 275 
137 1037 5069 2996 2880 269 
138 1090 5344 3124 3049 287 
139 1138 5578 3296 3202 305 
140 1203 5696 3432 3341 329 
141 1300 5844 3591 3490 352 
142 1384 6129 3709 3566 365 
143 1408 6412 3809 3714 415 
144 1460 6526 4000 3941 446 
145 1563 6850 4204 4099 506 
146 1604 7329 4372 4366 549 
147 1690 7490 4558 4540 580 
148 1762 7815 4720 4732 589 
149 1842 7993 4992 4963 587 
150 1949 8226 5262 5156 589 
151 2014 8415 5484 5361 660 
152 2078 8446 5817 5585 674 
153 2152 8592 5957 5756 720 
154 2251 8733 6119 6017 761 
155 2255 8874 6491 6302 821 
156 2345 9101 6890 6626 860 
157 2465 9254 7222 6865 904 
158 2515 9566 7603 7264 908 
159 2623 9847 7786 7622 933 
160 2634 9894 8074 7800 979 
161 2702 10060 8325 7986 1045 
162 2807 10122 8623 8267 1105 
163 2922 10464 8785 8639 1122 
164 3109 10650 9108 9070 1180 
165 3178 10860 9319 9554 1244 
166 3277 11076 9641 9858 1302 
167 3321 11234 9948 10243 1390 
168 3398 11397 10288 10525 1464 
169 3518 11645 10513 10858 1522 
170 3625 11901 10756 11137 1545 
171 3702 11964 10997 11334 1649 
172 3749 12071 11315 11712 1641 
173 3781 12151 11353 11926 1643 
174 3912 12262 11577 12146 1663 
175 4157 12452 11846 12333 1710 
176 4244 12454 12102 12641 1673 
177 4227 12527 12213 13009 1750 
178 4280 12662 12311 13513 1800 
179 4398 12765 12535 13695 1917 
180 4443 12705 12803 14012 1978 
181 4536 12700 13022 14267 2023 
182 4605 12704 13190 14561 2073 
183 4635 12708 13497 14750 2081 
184 4537 12648 13713 14951 2190 
185 4515 12415 13964 15104 2213 
186 4591 12327 14185 15274 2338 
187 4627 12026 14187 15292 2398 
188 4724 11997 14274 15343 2497 
189 4676 11886 14321 15523 2572 
190 4621 11693 14545 15637 2628 
191 4665 11440 14659 15723 2672 
192 4672 11320 14668 15800 2707 
193 4747 11162 14822 15701 2695 
194 4794 10981 14834 15595 2781 
195 4784 10765 14961 15421 2885 
196 4809 10458 15020 15384 2889 
197 4831 10262 15182 15557 2889 
198 4774 10175 15288 15668 2909 
199 4726 9899 15404 15587 2972 
200 4716 9527 15147 15521 2968 
201 4718 9399 15067 15489 2938 
202 4707 9214 14902 15438 2916 
203 4702 8954 14928 15246 2965 
204 4681 8817 14748 15199 2957 
205 4687 8652 14587 15089 3023 
206 4634 8555 14606 14906 3002 
207 4579 8330 14472 14646 3038 
208 4572 8055 14405 14532 2997 
209 4495 7849 14259 14172 3056 
210 4494 7658 14007 13918 2986 
211 4408 7424 13683 13744 3053 
212 4331 7264 13625 13489 3025 
213 4342 7032 13425 13226 2958 
214 4192 6753 13169 13030 2813 
215 4097 6542 13012 12791 2752 
216 4029 6386 12677 12526 2780 
217 3963 6098 12317 12200 2697 
218 3865 5914 12085 11928 2631 
219 3801 5723 11918 11562 2689 
220 3796 5551 11754 11280 2629 
221 3687 5385 11501 10959 2648 
222 3563 5255 11262 10732 2540 
223 3480 5123 10913 10569 2496 
224 3406 4925 10512 10469 2406 
225 3372 4778 10225 10152 2331 
226 3286 4500 9888 9823 2260 
227 3178 4392 9643 9611 2224 
228 3120 4265 9422 9290 2192 
229 2969 4153 9133 9069 2146 
230 2864 4068 9031 8782 2071 
231 2809 3976 8763 8349 2009 
232 2705 3871 8558 8054 1966 
233 2621 3717 8228 7784 1960 
234 2564 3562 7985 7675 1937 
235 2545 3520 7651 7360 1869 
236 2549 3383 7426 7189 1805 
237 2440 3280 7260 6860 1724 
238 2327 3148 6967 6648 1692 
239 2203 3003 6688 6427 1637 
240 2104 2885 6343 6181 1518 
241 2027 2787 6207 6010 1477 
242 1944 2674 6106 5818 1395 
243 1824 2657 5858 5545 1379 
244 1766 2534 5778 5338 1314 
245 1719 2380 5608 5051 1285 
246 1662 2248 5371 4901 1254 
247 1627 2078 5164 4737 1236 
248 1620 2015 4972 4601 1178 
249 1517 1951 4758 4419 1168 
250 1464 1846 4592 4341 1105 
251 1423 1740 4445 4186 1059 
252 1412 1625 4228 3967 1038 
253 1352 1557 4064 3815 968 
254 1331 1462 3937 3663 929 
255 1284 1449 3846 3563 934 
256 1208 1401 3674 3375 873 
257 1179 1371 3589 3229 866 
258 1105 1359 3511 3140 826 
259 1118 1258 3387 3011 770 
260 1067 1170 3198 2951 753 
261 1015 1120 3128 2810 725 
262 1006 1130 3023 2707 710 
263 979 1104 2869 2539 688 
264 955 1028 2816 2458 663 
265 894 982 2783 2370 670 
266 875 926 2723 2251 627 
267 858 834 2637 2156 608 
268 803 829 2521 2119 599 
269 739 795 2350 2042 566 
270 745 795 2260 1950 543 
271 736 739 2151 1837 509 
272 694 693 2086 1749 494 
273 650 680 2056 1687 466 
274 614 683 1953 1667 459 
275 579 664 1874 1622 412 
276 535 637 1763 1523 375 
277 532 595 1751 1453 343 
278 514 591 1618 1392 326 
279 502 563 1555 1338 314 
280 459 521 1487 1282 322 
281 420 508 1408 1204 324 
282 398 467 1325 1167 301 
283 366 469 1268 1129 289 
284 369 437 1197 1077 260 
285 347 424 1129 1062 253 
286 322 407 1129 1012 226 
287 307 380 1084 976 204 
288 273 366 1076 907 202 
289 265 346 1021 877 190 
290 288 333 970 856 179 
291 292 322 934 838 177 
292 267 328 933 839 171 
293 236 310 901 820 165 
294 212 300 853 778 159 
295 199 280 825 760 151 
296 202 264 784 746 124 
297 213 242 777 707 115 
298 185 229 733 675 97 
299 167 217 679 678 90 
300 165 198 701 659 86 
301 153 183 645 634 93 
302 149 173 607 635 90 
303 149 157 599 621 85 
304 162 156 573 581 82 
305 160 160 579 521 89 
306 161 159 561 508 84 
307 174 152 527 503 73 
308 178 147 491 475 74 
309 159 144 449 455 69 
310 149 134 434 447 76 
311 144 129 418 402 78 
312 140 132 407 384 70 
313 131 133 379 374 64 
314 132 122 359 363 71 
315 132 114 358 321 72 
316 127 96 347 316 76 
317 120 93 333 284 77 
318 109 83 310 269 77 
319 98 72 296 262 70 
320 98 69 308 261 67 
321 92 67 299 257 66 
322 89 65 278 270 59 
323 79 69 260 231 64 
324 71 60 228 238 58 
325 54 64 218 235 48 
326 53 69 210 215 38 
327 52 76 218 204 31 
328 45 91 236 169 32 
329 38 97 242 168 37 
330 38 97 225 163 38 
331 33 81 195 156 37 
332 38 84 181 158 37 
333 42 80 185 149 40 
334 45 68 175 168 29 
335 51 67 164 155 30 
336 58 67 150 148 28 
337 52 66 138 134 26 
338 58 60 128 124 30 
339 52 61 118 108 27 
340 46 59 121 112 25 
341 38 58 120 107 23 
342 39 48 120 105 22 
343 31 55 118 97 21 
344 33 60 108 96 23 
345 34 72 114 102 16 
346 32 63 116 102 15 
347 30 50 120 97 13 
348 24 48 118 91 10 
349 15 50 102 87 8 
350 15 55 80 75 9 
351 14 56 79 61 11 
352 18 51 61 59 10 
353 19 45 63 59 4 
354 17 48 68 50 4 
355 17 46 63 50 4 
356 20 43 55 46 5 
357 23 32 63 41 7 
358 23 39 62 38 6 
359 27 42 53 39 6 
360 22 44 55 39 6 
361 23 34 51 31 4 
362 18 30 55 30 4 
363 15 32 53 34 3 
364 12 25 52 37 3 
365 13 29 44 35 3 
366 11 32 40 34 2 
367 8 27 33 38 5 
368 9 21 41 34 5 
369 10 16 45 30 5 
370 12 12 48 31 4 
371 9 9 45 26 4 
372 12 12 43 19 5 
373 12 14 36 19 5 
374 10 13 39 24 5 
375 7 12 42 22 6 
376 3 8 36 25 7 
377 4 11 39 23 11 
378 3 10 37 28 12 
379 2 6 31 24 9 
380 4 7 35 25 6 
381 3 9 35 32 4 
382 3 7 31 29 3 
383 2 7 25 30 1 
384 2 5 25 26 1 
385 4 7 27 24 1 
386 2 6 27 22 1 
387 2 5 27 15 3 
388 4 6 25 13 3 
389 4 10 24 10 4 
390 1 8 29 8 4 
391 0 6 24 6 3 
392 0 5 24 5 5 
393 0 2 28 6 5 
394 0 0 31 8 4 
395 0 0 24 10 3 
396 0 0 20 11 2 
397 0 0 14 12 1 
398 0 0 10 14 1 
399 0 0 9 11 1 
400 0 0 7 12 1 
401 0 0 5 8 2 
402 0 0 5 8 2 
403 0 0 3 7 2 
404 0 0 2 8 3 
405 0 0 2 4 0 
406 0 0 2 5 0 
407 1 0 1 3 0 
408 1 0 1 2 0 
409 0 0 1 2 0 
410 0 0 1 1 0 
411 0 0 1 0 0 
412 0 0 0 0 0 
