1 0 11 0 0 0 
2 0 9 0 0 0 
3 0 7 0 0 0 
4 0 9 0 0 0 
5 0 9 0 0 0 
6 0 7 0 0 0 
7 0 6 0 0 0 
8 0 9 0 0 0 
9 0 8 0 0 0 
10 0 5 0 0 0 
11 0 5 0 0 0 
12 0 8 0 0 0 
13 0 13 0 0 0 
14 0 12 0 0 0 
15 0 16 0 0 0 
16 0 17 0 0 0 
17 0 20 0 0 0 
18 0 23 0 0 0 
19 0 20 1 0 0 
20 0 23 1 0 0 
21 0 18 1 0 0 
22 0 14 1 0 0 
23 0 15 1 0 0 
24 0 14 1 1 0 
25 1 14 1 2 0 
26 4 7 1 2 0 
27 4 4 2 8 0 
28 4 3 3 8 0 
29 2 5 4 7 0 
30 4 3 3 6 0 
31 2 2 6 11 0 
32 2 1 9 9 0 
33 1 1 15 11 0 
34 1 1 18 6 0 
35 3 1 20 4 0 
36 4 0 19 5 0 
37 2 0 21 4 0 
38 2 0 22 2 0 
39 1 0 25 2 0 
40 1 0 23 3 0 
41 2 0 26 1 0 
42 2 0 27 3 0 
43 2 0 33 2 0 
44 2 1 31 5 0 
45 4 0 35 8 0 
46 3 2 34 12 0 
47 2 3 36 13 1 
48 3 3 39 18 1 
49 5 4 40 19 1 
50 4 1 38 19 1 
51 4 1 33 24 3 
52 5 1 29 27 4 
53 9 1 37 34 5 
54 7 2 39 36 3 
55 8 3 39 29 2 
56 10 2 30 28 2 
57 10 3 27 36 2 
58 14 3 27 30 2 
59 13 3 25 25 2 
60 16 2 21 14 0 
61 21 3 21 16 0 
62 16 5 25 15 0 
63 12 7 27 18 0 
64 11 7 28 18 0 
65 6 11 35 21 0 
66 7 11 41 21 0 
67 11 17 47 13 0 
68 9 19 53 14 0 
69 10 25 54 12 0 
70 8 33 51 9 1 
71 10 38 62 11 0 
72 6 39 71 13 0 
73 5 39 68 19 0 
74 11 48 69 18 0 
75 11 51 73 26 0 
76 18 47 74 24 0 
77 21 44 68 22 0 
78 21 47 67 28 0 
79 26 42 73 33 1 
80 28 54 76 37 0 
81 28 57 74 43 0 
82 27 63 79 44 1 
83 32 67 80 46 5 
84 33 77 82 56 6 
85 31 81 83 62 5 
86 31 82 73 76 1 
87 35 83 77 78 0 
88 43 90 79 85 0 
89 41 99 94 80 0 
90 44 114 104 86 2 
91 46 123 104 76 1 
92 40 124 121 71 1 
93 37 138 134 71 1 
94 35 148 128 75 2 
95 33 148 116 87 3 
96 33 155 122 96 5 
97 34 185 121 99 3 
98 41 205 118 100 4 
99 47 223 134 114 4 
100 45 243 137 121 6 
101 50 251 144 131 6 
102 53 252 144 147 9 
103 49 268 151 160 10 
104 50 278 166 146 13 
105 47 301 167 169 16 
106 47 314 180 182 19 
107 50 343 186 185 18 
108 40 349 182 185 23 
109 42 378 174 194 19 
110 53 410 196 192 19 
111 55 450 212 212 24 
112 61 481 202 221 23 
113 74 520 222 235 23 
114 91 552 218 226 26 
115 100 569 223 252 30 
116 101 584 228 256 30 
117 103 645 242 263 33 
118 102 626 257 273 34 
119 108 674 266 283 29 
120 124 754 294 282 37 
121 130 824 298 293 38 
122 133 810 302 337 39 
123 140 806 324 364 42 
124 139 820 353 390 46 
125 146 883 406 405 42 
126 157 973 448 448 48 
127 174 1019 459 466 52 
128 199 1057 500 476 63 
129 200 1086 546 519 71 
130 216 1078 592 524 75 
131 237 1126 620 551 90 
132 245 1176 662 599 98 
133 251 1183 719 629 107 
134 282 1246 752 722 118 
135 283 1337 766 769 128 
136 306 1393 826 839 134 
137 310 1423 865 909 129 
138 304 1471 908 969 131 
139 327 1538 974 1032 141 
140 361 1638 1092 1087 149 
141 375 1749 1100 1139 158 
142 403 1853 1185 1187 150 
143 437 1979 1206 1227 167 
144 456 2074 1291 1261 179 
145 478 2200 1379 1368 175 
146 516 2374 1444 1420 181 
147 522 2439 1529 1557 196 
148 562 2519 1605 1552 215 
149 580 2572 1658 1629 207 
150 608 2701 1785 1735 207 
151 646 2862 1853 1813 210 
152 692 3097 1914 1938 215 
153 714 3170 2042 1997 230 
154 762 3348 2168 2157 271 
155 820 3464 2292 2279 272 
156 866 3590 2363 2518 303 
157 900 3740 2424 2700 353 
158 969 3931 2569 2803 374 
159 942 4084 2747 2938 394 
160 998 4230 2881 3031 420 
161 1081 4327 3047 3244 408 
162 1116 4479 3180 3412 430 
163 1142 4603 3304 3632 445 
164 1142 4908 3454 3822 462 
165 1165 5185 3519 3920 473 
166 1272 5489 3685 4158 482 
167 1303 5753 3822 4354 510 
168 1325 6054 3976 4473 522 
169 1357 6407 4189 4582 547 
170 1437 6699 4316 4718 557 
171 1529 6906 4448 5001 626 
172 1574 7072 4656 5237 678 
173 1660 7267 4921 5442 734 
174 1748 7413 5058 5635 760 
175 1816 7733 5283 5802 804 
176 1837 7918 5598 6036 895 
177 1906 8188 5834 6281 915 
178 2009 8397 6025 6558 953 
179 2082 8500 6286 6793 995 
180 2148 8811 6429 6991 1069 
181 2284 9119 6695 7298 1099 
182 2412 9351 7062 7597 1171 
183 2498 9585 7217 7806 1204 
184 2569 9843 7441 8155 1255 
185 2688 10123 7657 8400 1370 
186 2837 10313 7890 8754 1426 
187 2889 10502 8193 9041 1473 
188 2978 10828 8454 9307 1521 
189 2997 10982 8839 9625 1568 
190 3083 11276 9048 9958 1657 
191 3205 11545 9262 10224 1666 
192 3242 11784 9564 10451 1781 
193 3360 12017 9867 10752 1822 
194 3516 12277 10225 11023 1974 
195 3622 12437 10421 11236 1975 
196 3732 12580 10660 11575 2058 
197 3801 12695 10903 11930 2091 
198 3863 12872 11334 12242 2195 
199 4077 13020 11699 12496 2210 
200 4184 13082 12048 12757 2234 
201 4262 13101 12121 13006 2301 
202 4352 13130 12547 13304 2330 
203 4499 12999 12784 13621 2371 
204 4623 13094 13164 14015 2506 
205 4620 13043 13409 14148 2553 
206 4749 12940 13635 14533 2624 
207 4828 12917 13831 14561 2704 
208 4993 12881 13933 14653 2752 
209 4954 12786 14142 14930 2848 
210 5010 12663 14433 15231 2905 
211 5084 12532 14567 15524 2919 
212 5053 12550 14854 15597 2981 
213 5098 12478 15185 15668 3075 
214 5156 12324 15300 15758 3116 
215 5224 12247 15389 15852 3129 
216 5368 12099 15533 15915 3254 
217 5324 11958 15710 16236 3322 
218 5270 11833 15823 16256 3295 
219 5229 11602 15853 16348 3300 
220 5134 11254 15866 16288 3258 
221 5224 11087 15790 16207 3284 
222 5248 10802 15784 16123 3231 
223 5088 10607 15794 15968 3245 
224 5084 10514 15828 15753 3193 
225 5091 10342 15708 15724 3207 
226 5114 10049 15516 15637 3142 
227 5064 9735 15629 15431 3164 
228 4998 9544 15578 15233 3224 
229 4964 9331 15477 15174 3186 
230 4922 9131 15291 14996 3084 
231 4807 8726 15336 14791 3084 
232 4779 8538 15292 14537 3057 
233 4756 8456 15090 14328 3030 
234 4700 8224 15024 14077 3007 
235 4655 7979 14740 13803 3012 
236 4655 7752 14447 13590 2987 
237 4577 7551 14134 13198 2954 
238 4491 7284 13888 12951 2838 
239 4458 7195 13582 12715 2724 
240 4352 6964 13236 12469 2649 
241 4268 6818 12951 12347 2627 
242 4185 6618 12640 12070 2590 
243 4027 6349 12447 11661 2509 
244 3937 6052 12143 11247 2513 
245 3866 5930 11943 10930 2441 
246 3736 5744 11558 10823 2395 
247 3587 5664 11231 10410 2314 
248 3508 5393 10902 10091 2266 
249 3357 5147 10597 9882 2162 
250 3217 5071 10372 9702 2066 
251 3191 4853 10046 9360 1981 
252 3086 4704 9764 9026 1941 
253 2958 4483 9500 8644 1926 
254 2896 4303 9213 8517 1883 
255 2854 4200 8877 8263 1837 
256 2734 4119 8682 8064 1793 
257 2653 3972 8339 7659 1800 
258 2573 3796 8194 7359 1715 
259 2471 3605 7966 7079 1687 
260 2436 3560 7743 6876 1612 
261 2350 3345 7365 6613 1517 
262 2234 3172 7083 6390 1471 
263 2162 3026 6858 6210 1456 
264 2072 2893 6623 5979 1454 
265 2073 2795 6462 5754 1372 
266 2000 2644 6243 5607 1282 
267 1916 2562 6011 5393 1221 
268 1846 2480 5848 5174 1249 
269 1797 2315 5701 4912 1194 
270 1778 2204 5390 4746 1210 
271 1707 2154 5296 4621 1172 
272 1606 2015 5062 4431 1144 
273 1548 2008 4905 4182 1094 
274 1512 1893 4709 4060 1052 
275 1451 1766 4494 3853 1046 
276 1387 1675 4281 3632 997 
277 1337 1580 4136 3509 931 
278 1328 1489 3908 3403 883 
279 1287 1400 3715 3234 863 
280 1193 1409 3606 3169 835 
281 1112 1387 3466 3065 824 
282 1091 1335 3285 2980 726 
283 1039 1282 3171 2857 677 
284 1004 1270 3015 2831 626 
285 994 1242 2909 2706 591 
286 977 1187 2803 2601 569 
287 970 1106 2667 2561 547 
288 868 1081 2543 2443 525 
289 855 1061 2402 2286 495 
290 823 998 2280 2224 479 
291 788 1020 2200 2134 460 
292 724 985 2125 2006 444 
293 645 901 2044 1948 434 
294 622 812 1945 1886 400 
295 619 768 1869 1752 374 
296 593 772 1862 1686 366 
297 547 747 1801 1655 371 
298 528 716 1740 1558 374 
299 510 693 1674 1520 371 
300 511 655 1602 1412 352 
301 508 637 1525 1308 330 
302 432 597 1456 1231 313 
303 420 543 1454 1215 302 
304 433 544 1383 1152 285 
305 417 517 1337 1107 263 
306 422 491 1246 1011 251 
307 399 484 1167 979 244 
308 385 472 1100 927 248 
309 372 452 1038 888 243 
310 331 435 1038 846 213 
311 317 408 1015 790 203 
312 289 386 976 751 208 
313 281 384 973 733 213 
314 268 367 938 715 203 
315 274 338 898 690 188 
316 252 316 830 682 168 
317 240 303 769 654 157 
318 234 256 734 646 156 
319 222 234 676 634 142 
320 217 230 624 604 139 
321 210 197 585 543 132 
322 203 188 551 502 120 
323 188 172 501 482 115 
324 173 162 511 449 112 
325 173 153 458 445 108 
326 169 151 450 432 107 
327 161 164 460 410 107 
328 148 159 440 380 99 
329 135 165 421 344 104 
330 123 179 384 337 93 
331 121 175 383 326 85 
332 120 175 368 312 73 
333 110 170 360 313 69 
334 95 176 347 307 75 
335 90 153 341 290 82 
336 82 152 337 290 82 
337 87 140 321 290 82 
338 98 125 337 287 73 
339 90 123 309 273 62 
340 90 119 278 254 64 
341 90 117 248 235 68 
342 84 114 249 209 70 
343 78 111 237 211 66 
344 70 110 236 222 61 
345 71 106 238 212 50 
346 64 101 216 213 43 
347 65 98 219 217 46 
348 60 112 228 220 40 
349 59 115 226 196 42 
350 51 117 215 194 39 
351 53 108 210 174 43 
352 40 99 212 158 39 
353 37 115 205 144 42 
354 43 108 177 147 41 
355 53 88 162 139 38 
356 56 86 177 125 26 
357 58 68 186 129 23 
358 53 59 186 125 22 
359 41 58 171 120 16 
360 35 52 141 104 12 
361 31 45 129 98 11 
362 29 43 129 85 10 
363 22 40 116 77 10 
364 17 50 107 69 11 
365 20 48 94 61 10 
366 18 42 77 59 9 
367 18 40 76 48 12 
368 15 41 67 41 13 
369 16 41 59 36 8 
370 14 48 62 33 11 
371 10 41 52 33 11 
372 11 43 49 37 10 
373 11 43 49 32 12 
374 7 42 42 30 11 
375 12 41 35 33 9 
376 10 42 36 32 5 
377 12 44 36 30 6 
378 14 37 32 28 8 
379 10 33 27 23 6 
380 9 32 22 24 6 
381 7 45 26 18 4 
382 6 30 25 15 2 
383 3 31 26 14 2 
384 6 25 26 15 2 
385 5 20 25 15 3 
386 5 16 30 13 4 
387 4 16 21 9 2 
388 4 19 22 7 2 
389 4 17 21 8 1 
390 6 16 18 9 1 
391 4 17 21 10 1 
392 8 14 17 15 0 
393 11 11 19 17 0 
394 10 13 24 9 0 
395 6 16 25 5 0 
396 5 17 26 6 0 
397 3 13 24 7 0 
398 1 13 23 8 0 
399 1 18 23 10 0 
400 0 15 26 11 0 
401 0 14 26 9 0 
402 3 12 26 4 0 
403 2 11 27 2 0 
404 1 12 27 1 0 
405 1 13 22 1 0 
406 1 13 16 2 0 
407 2 12 15 3 0 
408 1 13 9 3 0 
409 0 10 10 3 0 
410 0 12 6 2 0 
411 1 15 4 1 0 
412 1 11 2 4 0 
413 3 11 1 5 0 
414 3 13 1 3 0 
415 2 13 1 3 0 
416 1 10 1 3 0 
417 0 10 1 1 0 
418 0 9 2 2 0 
419 0 7 2 0 0 
420 0 7 2 0 0 
421 0 6 1 0 0 
422 0 5 1 0 0 
423 0 5 0 0 0 
424 0 4 0 0 0 
425 1 3 0 0 0 
426 2 3 0 0 0 
427 1 2 0 0 0 
428 1 2 0 0 0 
429 1 2 0 0 0 
430 1 2 0 0 0 
431 1 1 0 0 0 
432 1 1 0 0 0 
433 0 1 0 0 0 
434 0 0 0 0 0 
