1 0 4 0 0 0 
2 0 2 0 0 0 
3 0 2 1 0 0 
4 0 0 0 0 0 
5 0 4 0 0 0 
6 0 2 0 0 0 
7 0 0 0 0 0 
8 0 1 1 0 0 
9 0 0 0 0 0 
10 0 0 0 0 0 
11 0 1 0 0 0 
12 0 0 0 0 0 
13 0 2 0 0 0 
14 0 1 0 0 0 
15 0 3 0 0 0 
16 1 3 0 0 0 
17 0 1 0 0 0 
18 0 0 0 0 0 
19 0 2 0 0 0 
20 0 3 0 0 0 
21 0 0 0 0 0 
22 0 2 0 0 0 
23 0 1 0 0 0 
24 0 0 0 0 0 
25 0 1 0 0 0 
26 0 2 0 0 0 
27 0 2 0 0 0 
28 0 1 0 0 0 
29 0 1 0 0 0 
30 0 0 0 0 0 
31 0 2 0 0 0 
32 0 1 0 0 0 
33 0 3 1 0 0 
34 0 2 0 0 0 
35 0 1 0 0 0 
36 0 2 0 0 0 
37 0 0 0 0 0 
38 0 1 0 0 0 
39 1 1 0 0 0 
40 0 1 0 0 0 
41 0 2 0 0 0 
42 0 6 0 0 0 
43 0 3 0 0 0 
44 0 2 0 0 0 
45 0 0 0 0 0 
46 0 5 0 0 0 
47 0 0 0 0 0 
48 0 2 0 0 0 
49 0 1 0 0 0 
50 0 1 0 0 0 
51 0 2 0 0 0 
52 0 1 0 0 0 
53 0 6 0 0 0 
54 0 3 0 0 0 
55 0 5 0 0 0 
56 0 2 0 0 0 
57 0 2 0 0 0 
58 0 6 0 0 0 
59 0 2 0 1 0 
60 0 3 0 0 0 
61 1 5 0 0 0 
62 0 4 0 0 0 
63 0 3 0 0 0 
64 0 5 0 0 0 
65 0 9 0 0 0 
66 0 2 0 0 0 
67 2 6 0 0 0 
68 0 4 0 1 0 
69 1 2 0 0 0 
70 0 1 0 2 0 
71 1 2 0 0 0 
72 1 4 0 0 0 
73 1 6 1 0 0 
74 1 7 0 0 0 
75 0 8 0 0 0 
76 0 4 0 0 0 
77 2 4 1 0 0 
78 0 8 0 1 0 
79 1 12 0 1 0 
80 0 11 0 0 1 
81 2 11 1 1 0 
82 3 13 0 1 0 
83 4 11 1 0 0 
84 2 14 0 2 0 
85 3 23 4 3 0 
86 5 21 0 1 0 
87 2 21 0 1 0 
88 5 24 0 4 2 
89 2 20 2 3 1 
90 1 26 2 1 2 
91 6 20 0 3 4 
92 4 20 0 2 0 
93 6 27 1 1 0 
94 0 25 0 4 0 
95 5 20 1 1 0 
96 3 21 3 6 1 
97 7 26 2 6 0 
98 5 19 1 2 0 
99 3 30 5 2 0 
100 2 40 7 2 0 
101 1 42 9 5 0 
102 3 31 4 6 0 
103 4 40 11 6 0 
104 8 31 7 11 0 
105 3 42 7 7 0 
106 6 51 9 17 0 
107 8 46 4 7 0 
108 2 42 4 16 0 
109 1 45 4 10 0 
110 2 44 7 14 0 
111 2 37 11 8 0 
112 5 26 12 16 1 
113 1 42 13 21 0 
114 5 35 18 20 0 
115 8 39 10 9 1 
116 7 38 13 20 3 
117 11 46 11 21 0 
118 3 44 15 20 1 
119 8 50 19 16 1 
120 5 46 12 18 2 
121 14 53 16 30 3 
122 10 57 17 17 2 
123 8 49 12 26 0 
124 7 54 17 19 0 
125 11 55 22 26 6 
126 16 61 14 30 2 
127 8 56 28 31 2 
128 6 69 32 24 6 
129 15 65 27 29 3 
130 13 69 30 23 4 
131 16 81 26 32 6 
132 18 95 27 32 4 
133 12 101 31 37 3 
134 21 94 23 38 8 
135 20 98 54 58 5 
136 37 91 33 49 3 
137 27 85 51 58 9 
138 24 100 38 60 4 
139 27 128 53 59 8 
140 27 108 58 56 4 
141 23 116 36 54 8 
142 25 125 64 67 5 
143 27 140 59 58 6 
144 31 138 53 77 8 
145 32 155 71 80 10 
146 34 150 80 91 6 
147 31 166 78 93 3 
148 45 193 108 94 8 
149 40 170 106 102 11 
150 53 219 128 105 12 
151 57 243 124 130 11 
152 51 218 107 140 9 
153 50 252 111 137 4 
154 63 235 118 139 9 
155 47 253 123 133 9 
156 63 255 123 142 15 
157 62 285 121 190 9 
158 56 305 138 184 16 
159 66 362 139 195 18 
160 71 325 152 216 14 
161 59 377 138 239 20 
162 75 392 163 243 25 
163 83 418 206 246 30 
164 85 423 195 250 32 
165 103 462 205 266 34 
166 99 472 197 257 30 
167 82 492 238 263 37 
168 97 536 265 305 36 
169 113 600 260 286 44 
170 132 577 271 345 39 
171 139 612 299 362 49 
172 116 630 304 373 44 
173 122 620 329 349 55 
174 119 677 361 383 50 
175 156 659 335 403 57 
176 172 686 343 448 55 
177 141 721 390 458 50 
178 174 788 413 503 43 
179 154 772 449 479 40 
180 176 870 445 493 47 
181 190 893 420 540 38 
182 179 941 553 592 51 
183 188 996 511 628 48 
184 226 989 526 614 53 
185 208 1112 588 697 67 
186 226 1161 589 729 75 
187 244 1111 635 721 76 
188 250 1119 658 826 64 
189 301 1271 718 892 68 
190 271 1326 739 879 85 
191 276 1346 750 918 111 
192 335 1490 791 1046 95 
193 317 1450 869 1039 111 
194 359 1553 913 1023 142 
195 365 1584 935 1140 137 
196 351 1713 919 1241 108 
197 386 1716 1064 1207 156 
198 383 1791 1043 1328 167 
199 403 1882 1117 1339 160 
200 447 1940 1181 1479 161 
201 438 1982 1208 1562 186 
202 484 2114 1356 1581 174 
203 497 2202 1376 1604 170 
204 552 2196 1373 1685 215 
205 566 2400 1504 1779 225 
206 503 2496 1531 1802 222 
207 642 2594 1627 1825 235 
208 637 2553 1657 1972 274 
209 722 2690 1726 2053 254 
210 687 2721 1926 2052 304 
211 777 2887 1887 2163 262 
212 785 2953 1985 2241 299 
213 851 2999 2048 2405 300 
214 791 3015 2175 2383 325 
215 827 3084 2272 2480 341 
216 919 3090 2239 2474 360 
217 883 3138 2419 2563 336 
218 955 3223 2450 2756 351 
219 927 3347 2599 2820 387 
220 1001 3394 2697 2898 411 
221 1013 3518 2826 2970 416 
222 982 3450 2974 3015 425 
223 1051 3614 3192 3113 436 
224 1062 3627 3178 3371 461 
225 1058 3733 3179 3505 459 
226 1111 3759 3420 3519 491 
227 1206 3775 3479 3534 554 
228 1163 3930 3484 3597 592 
229 1222 3846 3573 3686 588 
230 1199 3917 3698 3917 579 
231 1274 3904 3826 3904 577 
232 1306 3955 4023 4027 582 
233 1365 3963 3920 4073 693 
234 1363 3932 4041 4183 621 
235 1441 3956 4277 4005 623 
236 1353 3871 4268 4180 715 
237 1406 4014 4388 4351 719 
238 1473 3982 4402 4417 701 
239 1520 4037 4551 4396 751 
240 1497 3983 4695 4759 732 
241 1523 3864 4731 4506 736 
242 1577 3911 4767 4707 770 
243 1590 3823 4936 4845 778 
244 1656 3878 4990 4955 869 
245 1612 3798 4892 4888 855 
246 1594 3851 5014 4732 887 
247 1651 3837 5007 4940 834 
248 1630 3781 5108 4943 844 
249 1612 3702 5126 4950 826 
250 1650 3807 5158 4876 899 
251 1623 3786 5223 4980 936 
252 1706 3681 5185 4967 906 
253 1614 3743 5241 4821 904 
254 1653 3792 5278 5012 989 
255 1734 3412 5310 5027 981 
256 1711 3495 5221 5086 990 
257 1659 3514 5143 4971 951 
258 1624 3348 5166 4863 988 
259 1685 3300 5159 4969 952 
260 1605 3172 5205 4882 1046 
261 1615 3156 5162 4840 985 
262 1625 3118 5162 4881 1013 
263 1575 2947 4986 4807 977 
264 1625 3028 4992 4697 959 
265 1518 2945 4774 4702 1009 
266 1511 2773 4879 4641 994 
267 1512 2707 4685 4616 1019 
268 1460 2678 4717 4656 1053 
269 1492 2475 4590 4425 1017 
270 1519 2503 4486 4533 1003 
271 1511 2419 4420 4445 1021 
272 1437 2389 4336 4348 929 
273 1387 2223 4327 4347 908 
274 1378 2195 4352 4285 917 
275 1390 2116 4263 4022 907 
276 1315 2058 4118 4141 807 
277 1252 2010 3949 3852 849 
278 1239 1993 3988 3774 876 
279 1141 1784 3879 3731 846 
280 1222 1727 3709 3612 836 
281 1165 1737 3627 3562 806 
282 1189 1657 3642 3449 752 
283 1063 1555 3597 3323 805 
284 1107 1466 3452 3223 780 
285 1032 1426 3363 3105 733 
286 1068 1399 3213 2946 738 
287 1080 1353 3133 2899 787 
288 1016 1306 3018 2802 670 
289 976 1282 2898 2654 668 
290 962 1197 2845 2549 659 
291 919 1165 2730 2496 636 
292 866 1186 2735 2512 568 
293 894 1152 2671 2417 635 
294 778 1107 2510 2394 596 
295 760 1052 2432 2282 573 
296 764 964 2412 2195 548 
297 746 951 2357 2155 597 
298 764 972 2285 2025 575 
299 713 936 2283 1971 506 
300 696 902 2148 1926 501 
301 623 902 2053 1851 474 
302 643 845 1952 1874 427 
303 620 805 1875 1823 469 
304 604 759 1846 1674 451 
305 563 765 1834 1653 420 
306 563 743 1703 1606 438 
307 520 687 1732 1521 366 
308 514 645 1668 1416 372 
309 492 650 1556 1393 341 
310 528 640 1476 1404 302 
311 443 623 1526 1313 368 
312 453 549 1418 1311 306 
313 480 552 1435 1206 319 
314 447 518 1312 1185 293 
315 401 536 1183 1055 304 
316 408 500 1214 1011 261 
317 380 477 1117 991 281 
318 397 473 1168 969 273 
319 368 468 1062 952 245 
320 363 392 1015 872 254 
321 342 398 978 839 220 
322 315 360 916 804 254 
323 291 345 878 839 208 
324 286 366 842 824 204 
325 264 352 866 706 198 
326 273 355 862 741 190 
327 249 307 736 678 167 
328 224 296 719 638 199 
329 228 308 714 584 174 
330 209 270 690 616 174 
331 206 272 718 562 154 
332 195 260 674 559 136 
333 221 236 570 491 147 
334 204 226 614 510 127 
335 209 219 606 502 127 
336 188 204 577 487 125 
337 178 188 587 434 129 
338 167 184 546 433 123 
339 158 201 554 437 111 
340 153 171 521 454 101 
341 173 170 509 427 119 
342 124 167 452 405 104 
343 148 143 440 381 110 
344 140 135 370 341 93 
345 155 128 358 361 81 
346 124 117 339 347 78 
347 100 142 351 340 85 
348 115 120 313 330 70 
349 117 119 285 311 73 
350 113 116 297 261 67 
351 99 108 265 249 68 
352 72 87 262 249 62 
353 79 99 276 265 54 
354 63 104 239 245 59 
355 75 89 255 238 56 
356 74 79 261 200 69 
357 54 73 236 216 60 
358 72 68 183 196 55 
359 61 55 203 180 60 
360 54 68 195 166 56 
361 60 57 189 170 51 
362 65 57 194 153 42 
363 42 51 183 162 47 
364 51 69 159 147 40 
365 47 50 157 118 41 
366 50 53 151 142 45 
367 51 37 129 126 52 
368 30 46 149 127 40 
369 29 47 130 125 36 
370 39 24 129 120 38 
371 36 43 148 127 31 
372 37 43 130 114 37 
373 39 34 115 117 28 
374 40 41 121 121 31 
375 43 34 122 94 29 
376 39 26 76 109 21 
377 38 43 102 77 18 
378 29 46 126 76 23 
379 32 34 106 78 21 
380 31 28 104 62 22 
381 17 27 76 65 16 
382 29 23 98 57 19 
383 19 21 72 67 15 
384 24 16 68 54 12 
385 19 19 60 53 9 
386 15 22 59 58 11 
387 11 17 55 53 15 
388 14 17 64 49 11 
389 16 17 58 52 9 
390 17 18 50 35 6 
391 8 11 44 40 8 
392 19 26 42 39 10 
393 12 10 42 31 8 
394 14 18 35 22 12 
395 16 15 27 30 11 
396 12 8 36 21 5 
397 13 7 33 24 11 
398 9 10 23 32 8 
399 9 13 31 23 10 
400 15 9 16 23 13 
401 7 10 21 23 5 
402 5 8 18 23 12 
403 12 11 18 23 11 
404 10 12 23 23 11 
405 13 11 19 27 7 
406 7 12 15 20 4 
407 10 14 17 25 4 
408 4 17 21 14 10 
409 7 7 25 10 9 
410 6 12 14 10 11 
411 8 16 11 11 7 
412 11 7 24 13 9 
413 11 5 17 11 6 
414 7 9 18 6 4 
415 11 9 20 7 3 
416 5 10 8 5 1 
417 11 10 15 10 1 
418 10 7 8 9 3 
419 6 7 11 9 0 
420 3 6 6 11 2 
421 10 10 7 6 0 
422 9 7 5 6 3 
423 6 0 5 9 0 
424 1 3 4 6 2 
425 7 6 4 3 1 
426 8 3 6 7 2 
427 7 4 3 4 5 
428 3 7 3 4 1 
429 2 4 7 0 3 
430 4 2 4 4 7 
431 3 1 7 5 7 
432 1 1 6 1 0 
433 0 1 5 0 1 
434 3 0 8 1 1 
435 3 0 9 1 1 
436 0 0 10 0 1 
437 0 0 5 1 3 
438 1 0 3 1 2 
439 2 0 5 0 1 
440 0 0 1 0 2 
441 0 0 4 0 0 
442 0 0 5 0 0 
443 0 0 3 0 0 
444 0 0 5 0 1 
445 0 0 5 1 1 
446 0 0 8 0 0 
447 0 0 8 0 1 
448 0 0 9 0 0 
449 1 0 5 0 0 
450 0 0 6 1 0 
451 0 0 6 0 0 
452 0 0 4 1 0 
453 0 0 7 0 0 
454 1 0 5 0 0 
455 0 0 9 0 0 
456 0 0 4 0 0 
457 0 0 11 0 0 
458 0 0 6 0 0 
459 0 0 6 1 0 
460 0 0 11 0 0 
461 0 0 10 0 0 
462 0 0 6 0 0 
463 0 0 5 0 0 
464 0 0 4 0 0 
465 0 0 2 0 0 
466 0 0 1 0 0 
467 1 0 2 0 0 
468 0 0 0 0 0 
469 0 0 0 0 0 
470 2 0 0 0 0 
471 0 0 1 0 1 
472 1 0 0 0 0 
473 3 0 1 0 0 
474 0 0 0 0 0 
475 1 0 0 0 0 
476 0 0 0 1 0 
477 0 0 0 0 0 
478 0 0 0 0 0 
479 0 0 0 0 0 
