1 0 9 0 0 0 
2 0 12 0 0 0 
3 0 13 0 0 0 
4 0 8 0 0 0 
5 0 8 0 0 0 
6 0 10 0 0 0 
7 0 9 0 1 0 
8 0 12 0 1 0 
9 0 10 0 2 0 
10 0 12 0 3 0 
11 0 18 0 2 0 
12 2 21 0 1 0 
13 3 22 0 1 0 
14 2 30 0 3 0 
15 1 29 0 2 0 
16 1 25 0 1 0 
17 1 24 0 2 0 
18 1 25 0 4 0 
19 2 19 0 4 0 
20 2 26 0 5 0 
21 2 23 0 8 0 
22 2 24 1 8 0 
23 3 21 2 11 0 
24 2 26 3 10 0 
25 4 35 3 9 0 
26 4 35 1 7 0 
27 3 39 2 10 0 
28 4 40 2 7 0 
29 5 45 4 3 0 
30 4 43 6 2 0 
31 3 56 6 2 0 
32 2 64 6 2 0 
33 2 63 7 2 0 
34 1 64 7 3 1 
35 1 66 0 6 1 
36 3 71 1 8 0 
37 2 80 1 6 0 
38 5 84 4 5 0 
39 9 99 1 11 0 
40 12 109 2 12 1 
41 10 120 1 11 2 
42 6 127 1 15 3 
43 7 140 4 22 4 
44 8 134 6 31 4 
45 9 151 11 35 4 
46 14 171 9 38 4 
47 21 206 11 36 2 
48 17 252 16 44 2 
49 20 275 18 49 3 
50 18 285 25 65 4 
51 21 296 34 84 4 
52 21 313 29 89 1 
53 22 331 34 97 3 
54 29 360 41 106 3 
55 28 370 51 107 4 
56 31 399 63 132 3 
57 27 445 79 125 4 
58 37 458 82 133 4 
59 44 460 85 138 5 
60 57 474 94 132 9 
61 57 512 112 137 10 
62 61 536 120 141 9 
63 69 556 117 152 11 
64 79 566 130 158 11 
65 76 620 148 177 13 
66 79 629 175 194 13 
67 79 665 187 205 9 
68 87 686 196 210 9 
69 80 735 219 223 6 
70 87 773 230 228 8 
71 119 769 258 247 10 
72 123 815 268 268 14 
73 138 863 279 291 14 
74 145 911 291 287 15 
75 144 916 322 266 13 
76 148 980 345 324 21 
77 158 1008 397 368 20 
78 159 1077 406 375 19 
79 165 1121 450 406 22 
80 193 1158 478 437 22 
81 194 1253 507 471 20 
82 199 1289 518 497 27 
83 222 1416 526 520 30 
84 237 1501 549 570 26 
85 266 1647 561 615 37 
86 253 1718 600 691 46 
87 263 1788 623 724 49 
88 292 1861 664 736 44 
89 319 1943 689 789 54 
90 363 2115 735 853 49 
91 397 2148 779 896 51 
92 416 2285 829 972 53 
93 444 2399 924 1002 57 
94 475 2544 942 1054 63 
95 479 2708 1022 1122 61 
96 482 2862 1067 1218 64 
97 499 3018 1159 1252 84 
98 528 3057 1270 1320 93 
99 566 3145 1359 1414 98 
100 612 3338 1451 1461 121 
101 624 3484 1547 1551 116 
102 631 3688 1670 1637 130 
103 658 3856 1809 1744 156 
104 668 4058 1881 1883 140 
105 684 4234 1935 1979 154 
106 750 4493 2076 2136 184 
107 798 4675 2132 2236 191 
108 820 4944 2228 2282 208 
109 924 5265 2337 2416 223 
110 947 5399 2498 2495 241 
111 1039 5549 2681 2705 288 
112 1114 5817 2812 2886 338 
113 1117 6043 3001 3083 406 
114 1155 6308 3172 3308 421 
115 1205 6587 3373 3460 406 
116 1261 6846 3516 3673 453 
117 1335 7136 3541 3896 501 
118 1411 7446 3708 4120 542 
119 1551 7772 3835 4396 584 
120 1633 8011 4162 4602 586 
121 1708 8298 4368 4779 621 
122 1817 8610 4544 4987 670 
123 1952 8943 4730 5316 714 
124 1992 9282 5005 5492 755 
125 2097 9476 5357 5727 830 
126 2182 9663 5581 5948 861 
127 2294 9952 5705 6150 903 
128 2372 10253 6030 6508 975 
129 2405 10579 6206 6780 1025 
130 2448 10749 6503 7168 1059 
131 2515 10893 6776 7546 1129 
132 2589 11264 7207 7915 1166 
133 2724 11507 7535 8178 1221 
134 2778 11797 7755 8419 1244 
135 2873 11964 8185 8688 1275 
136 2937 12166 8453 9035 1310 
137 3026 12432 8843 9381 1365 
138 3095 12464 9116 9762 1402 
139 3160 12498 9372 10004 1503 
140 3297 12448 9671 10319 1624 
141 3412 12426 9981 10778 1661 
142 3475 12451 10259 11084 1730 
143 3638 12574 10597 11403 1818 
144 3732 12647 10791 11646 1885 
145 3894 12763 11027 11915 1968 
146 4101 12712 11287 12228 2051 
147 4143 12756 11537 12432 2039 
148 4186 12858 11928 12649 2138 
149 4171 12907 12286 12985 2160 
150 4285 12823 12595 13271 2211 
151 4331 12753 13039 13639 2219 
152 4462 12557 13218 13959 2300 
153 4559 12569 13596 14127 2399 
154 4603 12567 14013 14384 2449 
155 4740 12409 14352 14605 2596 
156 4734 12417 14498 14682 2628 
157 4761 12354 14739 14767 2674 
158 4748 12318 14869 14993 2738 
159 4884 12168 15101 15188 2794 
160 4897 12197 15206 15378 2868 
161 4964 12111 15327 15492 2869 
162 4973 11990 15529 15622 2917 
163 4979 11755 15911 15866 3007 
164 4953 11554 16036 15957 3009 
165 4985 11324 16232 15976 3125 
166 5018 10997 16370 16080 3187 
167 5070 10692 16269 16189 3316 
168 5062 10438 16397 16209 3330 
169 5221 10246 16583 16231 3324 
170 5285 10096 16602 16324 3409 
171 5239 9900 16727 16497 3382 
172 5216 9615 16588 16495 3426 
173 5166 9364 16523 16426 3484 
174 5137 9032 16511 16442 3459 
175 5096 8781 16225 16260 3439 
176 5040 8600 15991 16211 3422 
177 5009 8494 16001 16103 3359 
178 4871 8305 15804 16052 3380 
179 4786 8247 15676 15936 3332 
180 4721 8003 15621 15675 3318 
181 4771 7713 15412 15459 3311 
182 4785 7478 15300 15330 3205 
183 4702 7269 15068 15192 3199 
184 4613 7093 14910 15048 3171 
185 4590 6888 14708 14800 3157 
186 4516 6633 14512 14660 3086 
187 4477 6507 14207 14155 3029 
188 4400 6411 14010 13900 2936 
189 4310 6184 13842 13720 2860 
190 4285 5950 13552 13273 2825 
191 4280 5805 13388 12998 2827 
192 4145 5644 13008 12717 2824 
193 4100 5447 12705 12314 2675 
194 3933 5323 12617 11925 2636 
195 3840 5208 12392 11461 2607 
196 3790 5062 11856 11158 2557 
197 3720 4985 11723 10829 2502 
198 3653 4828 11471 10493 2430 
199 3507 4629 11211 10093 2394 
200 3380 4482 10816 9852 2336 
201 3216 4355 10551 9558 2268 
202 3090 4080 10273 9251 2291 
203 3055 3980 10010 9132 2216 
204 2940 3807 9672 8918 2173 
205 2854 3713 9452 8657 2107 
206 2831 3670 9221 8349 2036 
207 2780 3626 8984 8102 1935 
208 2695 3467 8733 7891 1810 
209 2556 3332 8435 7706 1755 
210 2545 3170 8156 7347 1723 
211 2457 3071 7953 7136 1633 
212 2370 2901 7518 6778 1544 
213 2255 2839 7202 6405 1490 
214 2191 2743 6855 6135 1462 
215 2081 2603 6686 5926 1386 
216 1995 2539 6446 5814 1291 
217 1924 2445 6198 5504 1274 
218 1843 2344 5927 5353 1254 
219 1767 2225 5743 5156 1224 
220 1708 2143 5431 4959 1187 
221 1702 2032 5254 4728 1161 
222 1631 1939 5069 4577 1175 
223 1536 1896 4806 4443 1098 
224 1447 1825 4762 4229 1030 
225 1419 1791 4582 4057 956 
226 1375 1673 4434 3890 948 
227 1343 1563 4235 3694 915 
228 1309 1501 4037 3553 865 
229 1253 1437 3929 3467 790 
230 1193 1361 3690 3276 765 
231 1129 1330 3588 3205 730 
232 1092 1316 3447 3101 710 
233 1078 1205 3370 2978 696 
234 1019 1209 3233 2943 687 
235 983 1157 3062 2812 673 
236 951 1069 2920 2753 641 
237 911 1022 2782 2648 607 
238 864 1011 2616 2466 578 
239 800 950 2525 2342 536 
240 772 927 2383 2214 515 
241 702 926 2306 2152 474 
242 695 898 2256 2028 433 
243 671 842 2169 1919 430 
244 646 802 2113 1847 403 
245 630 766 2067 1711 365 
246 619 741 2016 1616 359 
247 623 695 1946 1537 340 
248 610 660 1840 1476 307 
249 592 599 1705 1392 331 
250 539 577 1652 1311 326 
251 482 574 1575 1232 287 
252 457 544 1464 1171 292 
253 463 524 1368 1146 263 
254 427 496 1330 1113 265 
255 404 520 1331 1096 245 
256 364 453 1258 1072 262 
257 340 459 1207 1006 237 
258 343 443 1215 1006 235 
259 338 419 1111 943 231 
260 299 398 1089 918 211 
261 313 374 1086 879 198 
262 300 360 1021 804 186 
263 276 355 993 749 180 
264 272 334 966 693 163 
265 264 331 897 648 156 
266 258 313 827 642 167 
267 257 293 791 641 161 
268 238 269 746 592 145 
269 220 246 708 592 123 
270 231 248 630 557 106 
271 197 230 624 526 107 
272 182 228 571 516 95 
273 193 229 537 475 86 
274 161 231 500 467 85 
275 173 216 452 433 88 
276 160 200 459 395 73 
277 163 189 439 353 72 
278 155 180 407 342 74 
279 136 168 380 330 84 
280 130 168 390 302 77 
281 119 165 399 312 76 
282 115 153 363 294 71 
283 104 156 332 277 67 
284 108 151 304 259 58 
285 100 139 288 229 53 
286 92 141 274 216 41 
287 98 140 294 211 35 
288 97 137 288 203 33 
289 102 129 292 201 39 
290 87 117 281 205 46 
291 99 115 268 204 46 
292 100 117 258 200 43 
293 83 117 239 198 53 
294 75 114 213 182 51 
295 76 109 198 167 42 
296 73 100 204 168 36 
297 66 105 195 162 35 
298 62 93 190 146 37 
299 67 94 164 138 36 
300 63 90 159 125 36 
301 68 71 151 127 36 
302 64 71 142 136 34 
303 55 69 144 128 38 
304 63 67 131 121 35 
305 61 69 114 108 28 
306 53 73 121 105 24 
307 49 56 109 109 27 
308 35 56 119 107 25 
309 28 62 115 113 27 
310 24 57 106 114 27 
311 22 51 96 114 24 
312 22 53 95 108 25 
313 26 51 91 107 22 
314 21 54 87 96 17 
315 19 55 74 81 14 
316 20 49 78 72 10 
317 19 45 72 61 5 
318 21 43 70 61 5 
319 18 44 70 56 5 
320 15 43 65 55 2 
321 13 35 45 52 3 
322 11 28 48 50 2 
323 7 31 39 50 4 
324 9 25 38 54 3 
325 10 26 33 53 4 
326 7 21 28 45 5 
327 6 17 28 39 8 
328 9 19 29 42 10 
329 8 18 27 38 8 
330 8 22 26 42 8 
331 10 17 24 46 10 
332 10 14 22 45 12 
333 10 14 18 44 12 
334 8 15 14 36 10 
335 4 13 16 30 7 
336 6 14 12 30 8 
337 5 11 10 26 10 
338 4 7 9 23 8 
339 2 6 11 20 6 
340 1 7 10 20 5 
341 1 7 13 16 3 
342 2 5 13 17 3 
343 1 6 12 15 5 
344 2 3 13 12 6 
345 2 4 10 16 5 
346 4 2 10 17 3 
347 3 2 12 16 3 
348 5 0 9 17 3 
349 3 0 5 20 3 
350 3 0 5 18 4 
351 3 0 5 16 3 
352 3 0 5 11 4 
353 4 0 5 10 3 
354 2 0 5 8 1 
355 1 0 5 5 1 
356 3 0 4 6 1 
357 2 0 5 3 1 
358 2 0 3 2 1 
359 2 0 3 2 1 
360 0 0 4 0 1 
361 0 0 3 0 1 
362 0 0 4 0 1 
363 0 0 5 0 0 
364 0 0 5 0 0 
365 0 0 5 0 0 
366 0 0 6 0 0 
367 0 0 4 0 0 
368 0 0 2 0 0 
369 0 0 2 0 0 
370 0 0 2 0 0 
371 0 0 1 0 0 
372 0 0 2 0 0 
373 0 0 3 0 0 
374 0 0 2 0 0 
375 0 0 0 0 0 
