1 0 13 0 0 0 
2 0 16 0 0 0 
3 1 25 0 1 0 
4 2 30 0 1 0 
5 2 34 1 1 0 
6 2 36 0 0 0 
7 1 38 0 0 0 
8 1 40 0 0 0 
9 1 37 2 1 0 
10 1 45 1 1 0 
11 0 49 1 1 0 
12 0 43 1 1 0 
13 1 34 2 4 0 
14 1 41 3 8 0 
15 1 36 4 8 0 
16 0 35 5 11 0 
17 0 41 7 13 0 
18 4 45 6 8 0 
19 6 50 10 9 0 
20 8 44 7 15 0 
21 9 43 9 10 0 
22 6 51 15 17 0 
23 8 55 20 23 0 
24 7 56 17 28 0 
25 7 57 16 26 0 
26 5 59 19 30 0 
27 5 64 22 40 1 
28 4 68 21 44 1 
29 5 65 20 45 1 
30 10 58 19 55 2 
31 12 60 19 54 0 
32 13 67 22 50 0 
33 8 69 26 50 0 
34 10 66 32 47 0 
35 11 77 34 45 0 
36 10 77 34 51 0 
37 6 67 32 69 0 
38 8 75 33 79 0 
39 9 78 29 81 0 
40 14 92 24 73 0 
41 16 88 22 84 0 
42 21 97 24 95 0 
43 19 96 30 115 1 
44 18 105 32 126 1 
45 27 92 32 147 1 
46 19 107 47 148 2 
47 25 94 62 155 2 
48 29 104 68 149 3 
49 28 105 69 156 3 
50 26 120 74 173 6 
51 40 135 87 171 3 
52 39 166 89 173 4 
53 30 184 91 194 6 
54 31 185 94 199 9 
55 35 203 107 191 9 
56 50 208 111 197 14 
57 48 228 119 206 12 
58 53 232 117 220 24 
59 52 266 113 255 25 
60 58 297 113 266 39 
61 64 326 126 297 43 
62 75 342 143 307 44 
63 70 373 153 304 49 
64 65 366 164 310 45 
65 62 402 201 315 40 
66 73 447 203 320 40 
67 77 464 237 334 36 
68 101 505 242 357 29 
69 100 553 274 358 22 
70 131 574 271 372 27 
71 154 615 300 377 28 
72 155 673 322 410 31 
73 170 688 339 428 35 
74 180 737 348 488 30 
75 185 744 363 511 30 
76 196 782 394 524 35 
77 181 815 412 525 32 
78 183 839 425 569 35 
79 202 871 459 594 32 
80 196 893 452 630 31 
81 207 940 467 628 40 
82 203 1006 528 658 45 
83 207 1068 556 665 35 
84 216 1159 603 665 37 
85 225 1208 602 712 41 
86 258 1262 677 771 54 
87 253 1328 759 785 67 
88 273 1344 811 818 65 
89 285 1413 815 878 84 
90 322 1521 849 940 97 
91 326 1628 867 997 118 
92 352 1713 898 1025 133 
93 368 1855 914 1052 155 
94 391 1995 961 1134 167 
95 393 2060 1016 1241 183 
96 431 2198 1089 1269 209 
97 455 2341 1146 1295 210 
98 519 2370 1256 1392 233 
99 535 2491 1340 1436 214 
100 543 2582 1435 1540 217 
101 587 2672 1510 1611 244 
102 598 2824 1510 1707 256 
103 633 2922 1591 1811 264 
104 637 3093 1702 1906 268 
105 669 3206 1836 2032 272 
106 751 3375 1923 2146 277 
107 771 3579 2041 2283 306 
108 785 3612 2145 2361 314 
109 859 3779 2268 2491 335 
110 887 3873 2390 2566 333 
111 909 4016 2520 2653 360 
112 935 4187 2619 2791 394 
113 971 4281 2758 2906 425 
114 985 4518 2871 3068 425 
115 1025 4613 3070 3182 420 
116 1018 4805 3174 3333 442 
117 1111 5081 3273 3419 466 
118 1162 5317 3405 3480 469 
119 1241 5525 3542 3641 504 
120 1331 5767 3617 3709 499 
121 1359 5925 3823 3862 544 
122 1434 6203 3975 3977 593 
123 1490 6495 4136 4180 654 
124 1514 6716 4332 4430 660 
125 1640 6956 4658 4656 722 
126 1646 7205 4768 4877 729 
127 1723 7458 4884 5060 748 
128 1783 7665 5107 5321 773 
129 1850 7869 5202 5514 790 
130 1928 8155 5473 5691 837 
131 1977 8328 5688 5913 930 
132 2091 8618 5966 6217 954 
133 2041 8838 6233 6558 982 
134 2126 9055 6578 6722 1015 
135 2245 9341 6884 6893 1046 
136 2365 9756 7147 7174 1117 
137 2548 9896 7467 7462 1199 
138 2638 10111 7759 7776 1238 
139 2720 10325 8027 8065 1275 
140 2757 10501 8279 8451 1293 
141 2798 10690 8601 8735 1346 
142 2876 10806 8983 8961 1356 
143 2990 11079 9296 9333 1374 
144 3059 11252 9486 9682 1403 
145 3198 11315 9644 10080 1472 
146 3334 11638 9917 10370 1568 
147 3480 11788 10162 10683 1626 
148 3514 12003 10409 10920 1660 
149 3634 12079 10723 11194 1690 
150 3745 12262 10839 11512 1740 
151 3878 12370 11088 11694 1792 
152 3890 12579 11348 11903 1819 
153 3941 12649 11677 12250 1856 
154 4033 12663 11984 12564 1920 
155 3994 12698 12319 12837 1992 
156 4093 12609 12391 13010 2047 
157 4278 12472 12600 13246 2129 
158 4348 12561 12856 13539 2169 
159 4398 12491 13100 13741 2178 
160 4478 12329 13252 13995 2194 
161 4577 12264 13338 14147 2244 
162 4624 12052 13259 14382 2269 
163 4633 12071 13485 14628 2325 
164 4713 11950 13806 14804 2400 
165 4798 11946 14093 14868 2482 
166 4831 11802 14294 15078 2527 
167 4818 11731 14266 15222 2592 
168 4888 11636 14452 15332 2599 
169 4898 11544 14538 15422 2597 
170 4959 11517 14579 15407 2678 
171 4920 11238 14690 15525 2697 
172 4859 11131 14734 15623 2793 
173 4799 11070 14803 15564 2841 
174 4680 11031 15025 15337 2881 
175 4673 10932 14985 15413 2813 
176 4629 10755 14856 15562 2842 
177 4666 10547 14717 15363 2837 
178 4662 10259 14683 15168 2792 
179 4702 10037 14640 15234 2813 
180 4659 9755 14504 15256 2813 
181 4665 9538 14409 15063 2841 
182 4625 9290 14489 14820 2770 
183 4430 9097 14505 14708 2729 
184 4365 8899 14480 14638 2747 
185 4391 8735 14227 14479 2686 
186 4421 8373 14062 14256 2662 
187 4403 8018 13848 14017 2618 
188 4278 7711 13606 13758 2598 
189 4235 7453 13671 13495 2576 
190 4178 7316 13560 13241 2589 
191 4124 7052 13386 12934 2615 
192 4111 6936 13045 12609 2576 
193 4127 6704 12846 12222 2559 
194 4018 6431 12569 11996 2486 
195 3974 6243 12456 11736 2361 
196 3935 5940 12295 11377 2402 
197 3870 5732 12028 11169 2350 
198 3766 5622 11783 10853 2326 
199 3689 5393 11369 10558 2210 
200 3519 5260 11210 10339 2180 
201 3498 5092 11012 10065 2155 
202 3374 4915 10931 9740 2036 
203 3214 4683 10731 9453 2004 
204 3092 4532 10347 9275 1985 
205 2945 4328 10180 8928 1939 
206 2964 4184 9958 8668 1864 
207 2877 4045 9730 8464 1831 
208 2800 3873 9319 8295 1801 
209 2707 3824 9076 8131 1761 
210 2632 3680 8813 7787 1698 
211 2548 3515 8520 7522 1639 
212 2487 3403 8260 7246 1548 
213 2390 3288 8142 7139 1531 
214 2343 3102 7832 6971 1460 
215 2279 2993 7562 6719 1465 
216 2146 2985 7258 6418 1441 
217 2051 2847 7086 6122 1346 
218 2018 2708 6771 5971 1372 
219 2016 2552 6693 5729 1382 
220 1958 2510 6483 5503 1344 
221 1892 2398 6202 5345 1294 
222 1827 2367 5982 5127 1210 
223 1761 2281 5773 4898 1159 
224 1730 2139 5665 4752 1158 
225 1643 2005 5474 4547 1142 
226 1559 1944 5266 4365 1104 
227 1522 1863 4992 4128 1048 
228 1473 1875 4876 3981 1034 
229 1402 1856 4673 3813 952 
230 1308 1758 4483 3685 912 
231 1279 1668 4270 3548 884 
232 1216 1593 4167 3332 842 
233 1182 1520 4008 3226 805 
234 1147 1397 3865 3076 764 
235 1090 1361 3719 2981 805 
236 1081 1316 3524 2895 817 
237 1004 1298 3430 2820 762 
238 953 1269 3304 2668 757 
239 938 1252 3179 2604 761 
240 919 1198 2998 2485 686 
241 891 1129 2925 2400 660 
242 868 1096 2760 2348 634 
243 836 1025 2668 2292 619 
244 826 947 2552 2160 579 
245 798 887 2467 2099 517 
246 790 867 2335 1968 480 
247 747 842 2307 1895 475 
248 696 819 2177 1806 472 
249 677 798 2097 1720 441 
250 649 752 2018 1625 424 
251 598 737 1892 1559 398 
252 574 712 1778 1491 370 
253 563 698 1744 1385 361 
254 521 663 1631 1349 342 
255 516 621 1561 1301 300 
256 486 589 1554 1202 302 
257 472 571 1492 1137 285 
258 457 589 1418 1091 288 
259 433 594 1408 1067 265 
260 433 555 1301 1022 265 
261 428 533 1218 1004 274 
262 391 528 1167 967 256 
263 373 484 1128 881 258 
264 370 474 1064 851 267 
265 369 433 1011 842 276 
266 355 415 993 801 263 
267 321 408 946 741 258 
268 309 363 873 693 241 
269 285 346 867 665 235 
270 275 331 836 653 218 
271 259 334 752 621 222 
272 259 296 683 589 209 
273 266 278 670 540 198 
274 243 256 646 487 182 
275 232 243 588 478 155 
276 223 238 563 464 137 
277 226 256 549 475 124 
278 209 241 543 451 115 
279 209 224 505 420 126 
280 187 226 507 384 125 
281 189 226 491 364 113 
282 166 217 455 344 112 
283 174 222 437 324 109 
284 166 201 422 311 90 
285 133 181 413 291 73 
286 112 161 421 276 81 
287 120 159 392 265 75 
288 102 158 371 245 90 
289 105 145 352 230 77 
290 102 136 341 220 86 
291 103 135 311 198 80 
292 106 124 294 173 74 
293 95 119 278 157 71 
294 87 110 271 135 77 
295 76 96 280 128 89 
296 77 95 264 121 87 
297 67 100 242 117 82 
298 63 86 236 119 86 
299 60 75 229 115 90 
300 57 76 205 128 81 
301 53 82 195 108 74 
302 54 87 188 94 67 
303 50 92 186 82 61 
304 47 97 166 77 66 
305 38 78 160 68 52 
306 31 81 152 76 51 
307 28 82 148 74 47 
308 31 76 135 66 47 
309 30 83 127 58 38 
310 30 77 138 63 45 
311 29 78 123 57 42 
312 23 77 113 56 43 
313 21 65 101 51 42 
314 31 63 100 52 39 
315 36 68 103 51 41 
316 38 67 102 48 35 
317 34 64 94 41 32 
318 37 59 79 33 36 
319 38 59 77 31 37 
320 46 41 81 34 32 
321 37 42 72 32 34 
322 41 35 70 27 28 
323 41 39 70 29 26 
324 39 38 77 28 20 
325 40 36 69 36 13 
326 31 41 48 36 14 
327 29 35 46 33 13 
328 31 32 52 27 10 
329 29 28 55 35 6 
330 24 30 46 42 5 
331 21 36 48 45 7 
332 20 32 40 49 5 
333 18 34 38 43 5 
334 16 31 43 40 4 
335 18 24 32 44 4 
336 20 28 27 47 2 
337 22 34 27 45 3 
338 12 34 23 34 3 
339 14 33 22 26 4 
340 22 23 25 23 7 
341 18 20 26 21 7 
342 19 19 25 18 8 
343 20 17 21 14 5 
344 15 15 23 6 3 
345 18 16 22 9 1 
346 12 13 19 7 1 
347 11 13 15 7 1 
348 10 11 12 5 0 
349 10 7 11 5 0 
350 11 9 10 8 0 
351 6 9 8 6 0 
352 5 10 7 6 0 
353 4 9 7 7 0 
354 4 8 6 6 1 
355 4 7 6 5 1 
356 4 8 6 4 1 
357 4 6 13 5 1 
358 4 2 11 5 1 
359 4 2 14 4 0 
360 5 1 9 4 0 
361 5 2 9 4 0 
362 7 0 5 3 0 
363 6 0 5 3 0 
364 4 1 3 2 0 
365 4 1 3 1 0 
366 6 1 1 1 0 
367 6 1 1 1 0 
368 3 0 1 1 0 
369 5 0 1 0 0 
370 4 0 3 0 0 
371 4 1 2 0 0 
372 3 0 2 0 0 
373 2 0 2 0 0 
374 2 0 1 0 0 
375 2 0 1 0 0 
376 2 0 1 0 0 
377 1 0 0 0 0 
378 1 0 0 0 0 
379 2 0 0 0 0 
380 1 0 0 0 0 
381 1 0 0 0 0 
382 0 0 0 0 0 
