1 0 10 0 0 0 
2 0 5 0 0 0 
3 0 7 1 1 0 
4 0 2 0 0 0 
5 0 2 0 0 0 
6 1 7 0 0 0 
7 1 6 0 1 0 
8 1 3 0 1 0 
9 0 4 0 0 0 
10 1 5 0 1 0 
11 0 4 0 4 0 
12 0 9 0 1 0 
13 0 3 0 2 0 
14 0 9 0 1 0 
15 0 4 1 0 0 
16 0 4 0 2 0 
17 0 5 1 2 0 
18 0 3 0 0 0 
19 0 1 0 0 0 
20 0 4 1 1 0 
21 0 2 0 3 0 
22 1 3 0 5 0 
23 1 4 0 4 0 
24 1 8 1 7 0 
25 1 9 2 2 0 
26 0 8 2 2 0 
27 0 4 4 0 0 
28 0 3 3 1 0 
29 0 2 2 5 0 
30 0 8 0 3 0 
31 3 4 0 2 0 
32 0 8 1 3 0 
33 2 10 2 5 0 
34 1 7 0 2 0 
35 1 7 3 4 0 
36 1 15 0 2 0 
37 0 12 1 3 0 
38 1 10 1 0 0 
39 2 13 5 2 0 
40 1 8 4 4 0 
41 3 9 4 0 0 
42 1 16 2 1 0 
43 3 7 2 2 0 
44 1 6 3 2 0 
45 1 10 1 0 0 
46 2 4 2 3 0 
47 2 8 3 2 1 
48 2 11 3 6 1 
49 0 17 2 4 1 
50 0 9 1 3 0 
51 1 19 1 5 0 
52 0 16 1 4 0 
53 0 19 0 6 1 
54 0 18 0 4 0 
55 0 11 3 6 0 
56 0 16 1 2 1 
57 1 12 3 4 1 
58 0 20 3 1 0 
59 0 18 7 3 0 
60 0 18 5 3 0 
61 1 13 3 2 0 
62 0 21 2 0 0 
63 0 17 4 1 0 
64 0 32 4 3 0 
65 2 28 6 3 0 
66 0 27 8 2 0 
67 1 24 5 4 0 
68 0 26 11 2 0 
69 1 25 4 8 0 
70 2 28 12 4 0 
71 1 23 8 5 0 
72 1 19 5 8 0 
73 6 29 7 8 0 
74 4 19 8 6 0 
75 3 23 12 5 1 
76 7 31 19 4 1 
77 2 22 9 9 1 
78 9 25 11 9 3 
79 3 38 12 6 1 
80 5 35 12 14 1 
81 12 34 15 14 2 
82 11 43 23 12 1 
83 10 45 22 13 1 
84 3 48 36 15 2 
85 6 54 24 17 6 
86 6 63 28 19 1 
87 9 62 34 11 3 
88 6 82 24 23 3 
89 14 73 37 12 3 
90 18 75 33 16 6 
91 15 76 45 17 5 
92 17 93 47 19 6 
93 18 93 51 14 5 
94 16 96 35 24 6 
95 21 104 41 35 2 
96 14 109 52 33 6 
97 27 101 44 33 0 
98 21 100 52 41 6 
99 25 102 59 34 3 
100 22 98 49 43 5 
101 24 86 68 55 3 
102 25 116 67 52 1 
103 18 115 55 57 6 
104 34 104 71 67 8 
105 24 140 72 68 9 
106 21 135 76 76 7 
107 21 127 74 70 9 
108 28 151 79 57 5 
109 32 150 80 92 4 
110 26 178 87 76 9 
111 27 189 88 113 4 
112 48 224 67 104 6 
113 40 184 104 121 7 
114 43 202 104 126 9 
115 47 244 86 110 15 
116 42 228 123 125 12 
117 30 246 91 114 15 
118 31 227 130 138 16 
119 38 245 129 139 10 
120 42 269 143 133 13 
121 41 259 139 131 23 
122 54 251 152 149 12 
123 61 285 144 138 24 
124 54 283 187 148 14 
125 58 292 176 184 18 
126 57 302 187 159 20 
127 72 303 190 176 31 
128 60 342 212 178 27 
129 72 320 191 186 31 
130 78 382 212 175 36 
131 85 383 226 221 32 
132 70 367 225 252 48 
133 82 398 265 266 48 
134 81 392 261 271 47 
135 98 428 275 276 55 
136 103 497 291 274 51 
137 94 489 333 290 48 
138 104 518 335 363 65 
139 108 494 348 347 46 
140 107 560 363 410 58 
141 142 546 391 354 68 
142 125 591 425 372 66 
143 154 592 409 395 72 
144 158 583 480 435 68 
145 171 685 452 448 84 
146 184 719 529 461 69 
147 184 754 491 489 69 
148 166 768 509 514 95 
149 179 832 576 551 97 
150 226 835 613 586 84 
151 232 942 644 625 82 
152 264 970 737 667 92 
153 278 1045 745 683 93 
154 262 1125 769 677 106 
155 284 1130 799 743 140 
156 309 1173 858 814 113 
157 328 1191 843 855 122 
158 320 1362 915 835 139 
159 340 1413 902 880 120 
160 381 1451 1015 965 132 
161 370 1596 1012 1056 124 
162 421 1654 1080 1129 159 
163 410 1674 1085 1148 163 
164 436 1779 1119 1197 203 
165 426 1844 1218 1297 185 
166 468 1877 1289 1247 201 
167 499 1901 1341 1366 232 
168 508 1998 1350 1442 251 
169 487 2085 1365 1521 262 
170 512 2163 1471 1529 256 
171 576 2257 1499 1664 294 
172 555 2343 1627 1695 275 
173 617 2400 1654 1814 310 
174 632 2547 1774 1925 351 
175 627 2593 1815 2010 316 
176 660 2712 1811 2069 350 
177 711 2767 1976 2167 376 
178 739 2732 1918 2302 404 
179 721 2940 2075 2362 405 
180 789 2940 2118 2443 426 
181 797 3043 2256 2441 481 
182 857 3032 2346 2560 384 
183 908 3117 2407 2669 437 
184 880 3334 2514 2666 482 
185 933 3302 2493 2826 460 
186 994 3427 2637 2913 462 
187 1013 3560 2736 2970 480 
188 1024 3523 2866 3034 506 
189 1052 3620 2949 3114 522 
190 1091 3801 3003 3318 520 
191 1116 3728 3123 3411 504 
192 1201 3814 3149 3578 548 
193 1231 3957 3273 3652 573 
194 1279 4026 3444 3741 566 
195 1210 3963 3557 3817 626 
196 1257 4006 3648 3822 588 
197 1310 3949 3615 4039 662 
198 1339 4135 3793 4170 619 
199 1286 4218 3897 4084 631 
200 1344 4221 4054 4330 625 
201 1378 4210 4144 4331 655 
202 1386 4204 4187 4374 746 
203 1465 4304 4330 4464 741 
204 1544 4323 4449 4564 773 
205 1550 4317 4425 4660 774 
206 1518 4288 4387 4681 805 
207 1582 4238 4381 4955 834 
208 1531 4287 4762 4995 861 
209 1519 4170 4756 5006 843 
210 1592 4314 4711 4958 866 
211 1602 4256 4815 4986 825 
212 1574 4279 4845 5063 822 
213 1653 4181 5058 5182 862 
214 1631 4270 5145 5118 894 
215 1668 4147 5087 5042 872 
216 1702 3984 5069 5080 885 
217 1715 4069 5101 5111 881 
218 1702 3999 5102 5063 989 
219 1693 3842 5207 5004 970 
220 1700 3805 5135 5009 933 
221 1643 3643 5207 5116 947 
222 1656 3671 5108 4997 959 
223 1682 3468 5113 5002 925 
224 1648 3392 5156 5005 933 
225 1684 3387 5114 5045 861 
226 1690 3237 5213 5018 951 
227 1608 3151 5136 4732 976 
228 1580 3070 5096 4971 865 
229 1548 3107 4949 4768 842 
230 1671 3029 4910 4712 901 
231 1586 2789 4816 4519 849 
232 1638 2904 4849 4726 853 
233 1629 2743 4731 4491 849 
234 1571 2668 4550 4475 885 
235 1490 2632 4528 4379 808 
236 1472 2477 4651 4272 860 
237 1369 2444 4505 4307 850 
238 1405 2398 4409 4211 847 
239 1416 2376 4325 4198 836 
240 1339 2231 4233 4139 869 
241 1306 2164 4046 4024 823 
242 1284 2172 4138 3868 800 
243 1215 2047 4062 3686 765 
244 1236 1972 3946 3599 725 
245 1145 1921 3797 3543 744 
246 1203 1864 3734 3510 755 
247 1116 1760 3672 3399 701 
248 1126 1716 3609 3241 673 
249 1092 1628 3523 3081 610 
250 1035 1596 3468 3094 606 
251 1046 1534 3507 2899 641 
252 968 1444 3230 2839 608 
253 1059 1471 3180 2767 599 
254 993 1364 3123 2727 595 
255 973 1368 3130 2721 565 
256 901 1351 2929 2588 558 
257 872 1279 2971 2442 526 
258 876 1170 2845 2456 480 
259 781 1122 2736 2366 491 
260 802 1135 2647 2229 443 
261 753 1028 2549 2214 477 
262 815 992 2403 2068 437 
263 757 954 2420 1988 452 
264 711 933 2335 1866 461 
265 691 867 2172 1915 406 
266 654 814 2140 1729 417 
267 650 786 2065 1732 380 
268 629 762 1946 1618 365 
269 589 715 1938 1603 344 
270 558 721 1861 1550 362 
271 490 681 1819 1421 336 
272 496 671 1781 1455 344 
273 500 652 1650 1369 302 
274 453 668 1687 1318 308 
275 472 597 1632 1268 302 
276 471 538 1510 1269 292 
277 475 594 1471 1244 263 
278 400 535 1471 1054 246 
279 367 526 1287 1085 309 
280 367 489 1323 1031 262 
281 345 467 1243 974 270 
282 316 485 1126 924 223 
283 371 462 1181 913 243 
284 325 392 1062 880 250 
285 333 372 1053 880 251 
286 316 395 949 781 223 
287 299 395 1016 784 218 
288 278 345 947 763 235 
289 279 363 915 771 199 
290 260 340 835 687 224 
291 258 327 835 692 223 
292 226 314 796 640 202 
293 231 283 778 627 190 
294 250 280 758 592 167 
295 231 276 742 606 180 
296 206 226 695 594 168 
297 222 219 648 549 184 
298 216 235 645 525 160 
299 192 209 616 585 153 
300 205 210 579 466 156 
301 197 222 565 485 150 
302 189 225 578 454 138 
303 173 212 561 460 148 
304 152 199 512 401 134 
305 159 198 497 396 115 
306 159 187 482 358 99 
307 148 193 443 347 110 
308 117 195 418 338 89 
309 129 176 415 319 75 
310 129 163 356 285 98 
311 123 170 345 251 79 
312 101 165 358 251 105 
313 115 152 350 245 89 
314 102 158 294 258 81 
315 88 156 313 263 91 
316 109 144 292 230 75 
317 85 139 269 227 76 
318 109 132 271 228 93 
319 89 102 256 199 69 
320 94 128 272 218 61 
321 85 114 252 194 60 
322 78 103 228 188 84 
323 85 108 258 183 68 
324 62 106 215 188 80 
325 82 99 217 180 58 
326 78 99 183 203 67 
327 70 71 198 202 68 
328 71 90 182 186 45 
329 47 85 187 152 57 
330 59 72 202 170 40 
331 63 64 176 152 37 
332 48 75 161 153 29 
333 52 65 155 145 27 
334 47 64 148 126 46 
335 43 70 152 145 29 
336 52 75 141 128 30 
337 42 52 141 143 25 
338 36 68 130 131 24 
339 39 54 117 112 27 
340 38 51 113 129 18 
341 33 46 120 115 26 
342 28 57 79 109 19 
343 41 52 80 116 26 
344 37 43 78 99 13 
345 36 45 67 93 21 
346 26 37 69 111 28 
347 25 53 80 94 23 
348 31 34 47 83 21 
349 26 34 51 76 23 
350 26 26 52 65 14 
351 33 34 58 70 16 
352 33 24 37 72 18 
353 26 26 41 85 15 
354 30 29 51 60 24 
355 16 20 35 64 14 
356 18 24 47 69 10 
357 18 21 42 56 12 
358 15 27 45 64 18 
359 11 21 28 60 16 
360 10 22 37 62 15 
361 9 28 38 51 7 
362 15 24 30 46 6 
363 9 27 32 39 9 
364 11 20 34 41 6 
365 12 16 25 52 5 
366 12 22 29 55 6 
367 10 14 33 42 12 
368 11 9 24 38 9 
369 8 15 25 44 4 
370 6 14 17 37 9 
371 7 10 11 32 9 
372 7 7 26 30 5 
373 3 2 23 19 2 
374 6 8 26 29 9 
375 7 6 14 24 5 
376 5 4 24 36 3 
377 6 4 23 31 4 
378 4 0 22 20 6 
379 8 3 14 19 1 
380 8 1 16 21 3 
381 7 3 17 25 3 
382 4 5 12 22 1 
383 0 0 14 10 4 
384 3 0 9 22 2 
385 2 1 16 22 3 
386 3 0 14 11 7 
387 2 1 8 19 4 
388 1 2 6 22 5 
389 0 1 10 19 6 
390 0 0 11 14 4 
391 3 2 7 16 6 
392 1 2 12 16 2 
393 1 1 12 18 3 
394 3 2 6 14 5 
395 1 0 7 24 3 
396 5 0 3 13 8 
397 4 0 8 22 6 
398 3 2 7 20 5 
399 0 0 2 15 6 
400 0 0 3 13 5 
401 1 0 9 13 2 
402 2 1 5 15 3 
403 1 0 5 14 4 
404 0 0 6 10 6 
405 0 2 6 8 7 
406 3 1 3 12 5 
407 3 3 9 16 5 
408 2 0 7 6 3 
409 3 3 6 7 4 
410 4 3 4 6 3 
411 3 5 6 6 4 
412 5 7 2 6 4 
413 2 0 6 4 2 
414 1 1 3 4 1 
415 5 0 5 4 0 
416 2 0 2 4 3 
417 3 4 3 4 0 
418 0 2 2 4 0 
419 0 6 2 8 0 
420 3 0 2 7 1 
421 2 3 1 8 1 
422 1 3 0 4 0 
423 2 2 1 2 0 
424 0 6 0 5 0 
425 0 2 1 5 0 
426 0 0 0 1 0 
427 3 1 2 2 0 
428 2 2 0 1 0 
429 1 2 4 0 0 
430 0 1 3 2 0 
431 1 2 3 0 0 
432 1 5 5 0 0 
433 1 0 3 0 0 
434 1 3 4 2 0 
435 0 3 3 3 0 
436 0 3 6 4 0 
437 3 2 5 0 0 
438 0 4 5 4 1 
439 1 3 7 2 0 
440 0 4 8 2 0 
441 1 7 6 6 0 
442 0 4 5 0 1 
443 0 8 5 1 0 
444 0 2 4 2 1 
445 1 8 5 1 0 
446 0 9 3 1 0 
447 1 4 4 1 0 
448 1 4 3 2 1 
449 1 2 1 1 0 
450 0 1 4 0 0 
451 0 4 1 3 0 
452 0 3 3 1 0 
453 0 1 2 2 0 
454 0 4 2 2 0 
455 1 0 4 1 0 
456 2 2 2 3 0 
457 0 6 3 1 0 
458 2 3 1 2 0 
459 0 5 3 0 0 
460 1 3 1 1 1 
461 0 2 3 1 0 
462 2 4 2 2 0 
463 0 1 4 2 0 
464 1 2 5 2 0 
465 1 1 1 1 0 
466 1 5 3 3 1 
467 0 3 2 3 0 
468 0 1 3 3 1 
469 0 3 4 2 1 
470 0 3 1 2 0 
471 0 0 2 2 0 
472 0 1 6 0 0 
473 0 1 0 0 0 
474 0 1 2 0 0 
475 0 0 1 0 0 
476 0 2 2 0 0 
477 0 1 1 1 0 
478 0 0 2 0 0 
479 0 1 1 0 0 
480 0 0 1 0 0 
481 1 0 0 0 0 
482 0 0 1 1 0 
483 0 0 1 0 0 
484 0 0 1 0 0 
485 1 0 0 2 0 
486 1 0 2 0 0 
487 1 0 1 0 0 
488 1 0 1 0 0 
489 0 0 0 0 0 
490 0 0 3 0 0 
491 0 0 0 1 0 
492 0 0 1 0 0 
493 0 0 1 0 0 
494 0 0 1 2 0 
495 0 1 2 0 0 
496 0 0 1 1 0 
497 0 0 1 1 0 
498 0 0 0 0 0 
499 0 0 0 0 0 
500 0 0 0 0 0 
501 0 0 0 1 0 
502 0 0 1 0 0 
503 0 0 1 0 0 
504 0 0 0 1 0 
505 0 0 0 0 0 
506 0 0 0 1 0 
507 0 0 0 1 0 
508 0 0 0 3 0 
509 0 0 0 4 0 
510 0 0 0 1 0 
511 0 0 0 0 0 
512 0 0 0 1 0 
513 1 0 0 0 0 
514 0 0 0 1 0 
515 0 0 0 0 0 
516 1 1 0 0 0 
517 0 0 1 0 0 
518 0 1 0 0 0 
519 0 2 0 0 0 
520 1 0 0 1 0 
521 1 1 0 0 0 
522 0 1 0 0 0 
523 0 1 0 0 0 
524 0 0 0 0 0 
525 2 2 0 0 0 
526 0 0 0 0 0 
527 0 0 0 0 0 
528 0 0 0 0 0 
529 0 1 0 0 0 
530 0 0 0 0 0 
531 0 0 0 0 0 
532 0 0 0 0 0 
533 0 0 0 0 0 
534 0 0 0 0 0 
535 0 0 0 0 0 
536 0 0 0 0 0 
537 0 0 0 0 0 
538 0 0 0 0 0 
539 0 0 0 0 0 
540 0 0 0 0 0 
541 0 0 0 0 0 
542 0 0 0 0 0 
543 0 0 0 0 0 
544 0 0 0 0 0 
545 0 0 0 0 0 
