1 0 3 0 0 0 
2 0 1 0 0 0 
3 0 7 0 0 0 
4 0 9 0 0 0 
5 0 7 0 0 0 
6 0 0 1 1 0 
7 0 4 1 0 0 
8 0 2 0 0 0 
9 0 3 0 0 0 
10 0 0 0 2 0 
11 0 4 0 1 0 
12 0 3 0 1 0 
13 0 5 0 0 0 
14 0 6 0 0 0 
15 0 6 0 1 0 
16 0 6 0 0 0 
17 2 8 1 1 0 
18 1 7 0 1 0 
19 0 10 1 1 0 
20 0 10 2 3 0 
21 0 13 1 4 0 
22 4 16 2 2 0 
23 2 8 4 1 0 
24 1 8 0 0 0 
25 1 8 1 4 0 
26 1 12 9 5 0 
27 2 10 7 3 0 
28 2 12 7 8 0 
29 3 20 6 3 0 
30 3 6 4 5 0 
31 1 14 4 10 0 
32 5 8 6 7 0 
33 2 13 4 8 0 
34 1 9 4 8 0 
35 1 7 3 4 0 
36 0 9 3 7 0 
37 2 5 5 8 0 
38 3 8 4 6 0 
39 0 9 5 8 0 
40 1 11 2 9 0 
41 4 15 6 9 0 
42 2 15 7 8 0 
43 1 14 8 12 2 
44 2 12 8 8 0 
45 5 12 10 9 0 
46 0 7 5 8 0 
47 5 6 4 11 0 
48 2 14 7 9 0 
49 3 11 8 11 1 
50 2 15 12 7 0 
51 4 14 11 7 0 
52 3 18 6 15 0 
53 3 15 13 13 0 
54 1 8 16 16 0 
55 6 21 11 16 0 
56 5 27 7 19 1 
57 7 22 17 18 0 
58 4 28 16 18 1 
59 8 28 17 20 0 
60 9 20 14 14 1 
61 5 24 7 27 2 
62 4 26 8 21 2 
63 6 21 8 34 1 
64 4 29 10 30 1 
65 4 21 14 21 2 
66 9 33 12 21 0 
67 3 33 10 30 4 
68 8 16 15 34 9 
69 10 17 14 43 6 
70 11 21 14 31 4 
71 15 31 14 32 6 
72 14 30 12 44 7 
73 10 30 17 44 9 
74 9 32 28 34 6 
75 13 27 26 46 7 
76 16 37 29 37 12 
77 21 30 34 59 15 
78 10 40 33 54 10 
79 15 22 37 58 12 
80 13 47 42 57 11 
81 12 44 40 60 17 
82 6 45 53 69 15 
83 10 46 51 75 11 
84 10 53 45 69 5 
85 16 55 58 80 9 
86 10 68 61 81 8 
87 11 62 65 73 14 
88 13 73 64 73 11 
89 22 89 57 93 7 
90 15 96 56 101 8 
91 16 89 69 94 18 
92 21 101 76 93 7 
93 30 118 88 92 9 
94 31 94 68 73 14 
95 28 118 82 90 15 
96 33 114 83 116 17 
97 38 131 70 119 17 
98 33 127 95 102 12 
99 39 117 77 127 14 
100 27 128 85 136 17 
101 25 160 109 128 18 
102 42 137 119 132 16 
103 41 168 114 146 19 
104 42 177 125 137 14 
105 43 183 124 141 14 
106 59 202 121 145 24 
107 45 219 132 153 20 
108 43 220 149 173 36 
109 35 245 151 176 27 
110 51 266 153 203 29 
111 58 258 155 205 35 
112 57 266 156 232 33 
113 76 278 186 232 35 
114 66 280 200 239 25 
115 74 331 218 249 39 
116 64 348 250 290 33 
117 85 340 274 297 40 
118 75 411 297 292 40 
119 63 427 284 300 44 
120 99 430 307 300 47 
121 96 441 276 354 41 
122 95 504 302 337 55 
123 102 500 363 372 55 
124 119 591 356 373 58 
125 110 598 383 424 72 
126 138 594 417 437 47 
127 133 624 415 460 67 
128 139 683 392 462 71 
129 189 719 442 476 56 
130 135 821 484 536 63 
131 180 744 458 629 78 
132 175 851 480 603 68 
133 183 927 528 573 81 
134 212 959 529 653 100 
135 217 1020 582 660 98 
136 234 1046 638 701 85 
137 253 1084 700 763 110 
138 244 1217 698 766 105 
139 281 1336 781 783 111 
140 287 1348 810 814 116 
141 311 1429 861 875 126 
142 307 1494 853 906 121 
143 365 1463 930 928 120 
144 392 1518 907 1058 140 
145 414 1769 1007 1084 169 
146 397 1809 1071 1127 172 
147 415 1819 1034 1210 204 
148 449 1888 1134 1326 182 
149 429 2035 1105 1292 187 
150 467 2071 1249 1426 196 
151 506 2079 1277 1439 228 
152 493 2263 1373 1463 213 
153 560 2314 1407 1519 220 
154 568 2428 1467 1581 241 
155 591 2476 1539 1636 239 
156 696 2514 1558 1704 243 
157 667 2629 1631 1809 251 
158 729 2727 1677 1858 279 
159 778 2791 1763 2022 289 
160 797 2834 1822 2068 267 
161 735 2966 1926 2123 284 
162 790 2992 1962 2234 276 
163 805 3085 2111 2386 325 
164 841 3108 2198 2326 355 
165 928 3364 2259 2441 376 
166 955 3313 2318 2449 388 
167 924 3400 2370 2642 401 
168 1005 3563 2535 2725 441 
169 1022 3567 2716 2786 443 
170 1042 3651 2702 2964 479 
171 1123 3728 2813 2966 466 
172 1086 3769 2857 3156 556 
173 1084 3801 2936 3240 533 
174 1132 3946 2980 3229 490 
175 1286 4005 3138 3412 555 
176 1188 3979 3127 3537 536 
177 1213 4127 3371 3574 606 
178 1250 4279 3496 3532 605 
179 1303 4199 3585 3705 625 
180 1336 4159 3710 3869 685 
181 1370 4319 3723 4013 653 
182 1361 4189 3790 4011 678 
183 1376 4380 3935 4161 699 
184 1413 4224 3999 4211 750 
185 1487 4205 4049 4321 715 
186 1408 4214 4071 4356 713 
187 1484 4146 4228 4436 747 
188 1463 4278 4372 4504 738 
189 1432 4176 4519 4673 772 
190 1495 4218 4503 4767 786 
191 1496 4143 4693 4725 859 
192 1551 4097 4759 4863 850 
193 1561 4047 4685 4898 831 
194 1554 3961 4770 4883 826 
195 1620 3930 4760 4928 831 
196 1577 3937 4934 5049 882 
197 1575 3965 5005 4964 834 
198 1612 3864 4974 4965 889 
199 1661 3728 4934 5081 874 
200 1528 3705 4939 4940 898 
201 1679 3643 5149 4990 903 
202 1620 3524 5207 5127 873 
203 1686 3569 5217 5044 892 
204 1573 3577 5074 5050 919 
205 1617 3407 5053 5012 902 
206 1606 3329 4996 4932 935 
207 1613 3294 4999 5072 881 
208 1594 3152 4981 4999 906 
209 1669 3048 4928 4966 897 
210 1617 3066 4925 4921 931 
211 1644 3002 4866 4935 890 
212 1540 2990 4940 4834 910 
213 1623 2866 4819 4731 879 
214 1605 2859 4699 4591 878 
215 1526 2753 4693 4672 912 
216 1468 2748 4715 4518 891 
217 1506 2666 4620 4642 887 
218 1476 2469 4529 4270 911 
219 1391 2488 4565 4273 854 
220 1482 2370 4428 4171 806 
221 1383 2375 4281 4137 852 
222 1328 2211 4306 4020 835 
223 1369 2264 4097 3989 759 
224 1246 2043 4151 3881 752 
225 1295 2072 4122 3769 771 
226 1266 1990 3968 3704 799 
227 1301 1908 3985 3641 764 
228 1292 1755 3891 3520 727 
229 1110 1734 3791 3492 727 
230 1177 1705 3757 3329 726 
231 1151 1554 3589 3375 678 
232 1110 1627 3489 3158 695 
233 1124 1515 3389 3183 627 
234 995 1518 3404 3113 635 
235 1051 1422 3252 2903 663 
236 977 1431 3220 2920 625 
237 972 1387 3173 2836 580 
238 926 1292 3019 2775 584 
239 950 1299 2938 2646 537 
240 892 1214 2942 2608 555 
241 890 1223 2672 2620 544 
242 838 1199 2652 2399 548 
243 771 1103 2684 2405 501 
244 806 1116 2524 2224 499 
245 821 1131 2417 2182 487 
246 752 1044 2357 2133 452 
247 729 1004 2221 2152 465 
248 640 936 2153 2077 427 
249 651 950 2004 1955 429 
250 610 891 1927 1863 405 
251 628 852 1976 1843 399 
252 598 841 1885 1707 399 
253 596 819 1820 1673 403 
254 561 746 1795 1629 382 
255 522 647 1706 1467 313 
256 530 647 1693 1421 327 
257 484 613 1534 1418 344 
258 489 634 1469 1314 313 
259 495 642 1473 1278 329 
260 497 585 1423 1183 317 
261 444 575 1306 1255 336 
262 436 530 1350 1153 299 
263 377 545 1229 1153 302 
264 376 508 1241 1110 292 
265 392 484 1175 1064 290 
266 378 468 1148 992 268 
267 374 429 1102 930 269 
268 353 442 1063 853 234 
269 365 429 1034 901 229 
270 335 439 1000 874 226 
271 319 392 916 793 230 
272 301 367 883 807 232 
273 279 378 899 751 220 
274 258 376 847 703 217 
275 252 376 825 724 212 
276 263 299 784 732 192 
277 220 288 736 659 201 
278 212 295 725 622 155 
279 188 279 680 641 176 
280 213 277 679 623 160 
281 203 247 628 586 169 
282 185 216 604 573 147 
283 167 247 556 515 170 
284 164 203 519 514 157 
285 188 215 551 514 160 
286 157 195 501 489 158 
287 133 184 487 470 132 
288 142 180 458 417 160 
289 134 143 377 432 138 
290 145 173 422 403 131 
291 134 143 390 394 123 
292 134 193 406 388 150 
293 129 149 398 351 99 
294 121 147 339 303 101 
295 122 146 363 311 103 
296 88 151 351 272 103 
297 98 123 304 237 92 
298 89 116 296 263 90 
299 93 112 275 239 102 
300 83 103 303 240 79 
301 100 95 264 244 60 
302 87 88 298 213 64 
303 56 78 245 208 59 
304 59 60 226 174 90 
305 61 69 262 191 68 
306 64 64 212 161 61 
307 69 64 198 147 70 
308 58 75 185 146 67 
309 48 68 182 139 52 
310 59 65 179 140 55 
311 69 65 172 147 50 
312 60 60 169 127 53 
313 63 54 165 144 61 
314 57 53 147 144 52 
315 45 57 153 115 54 
316 35 58 104 109 51 
317 35 53 106 119 55 
318 35 57 114 139 46 
319 32 61 89 125 49 
320 36 51 75 125 50 
321 34 51 98 112 44 
322 42 53 66 97 52 
323 38 50 81 86 56 
324 27 48 81 102 43 
325 35 40 78 111 31 
326 25 47 71 72 33 
327 24 26 56 73 18 
328 27 29 64 72 29 
329 31 24 65 58 30 
330 27 23 68 66 19 
331 16 28 57 59 25 
332 22 24 44 51 25 
333 19 26 36 58 26 
334 16 29 48 51 29 
335 15 23 59 44 23 
336 12 18 38 47 33 
337 17 15 44 42 19 
338 28 18 45 64 17 
339 22 18 36 48 25 
340 21 19 40 47 27 
341 15 11 37 36 23 
342 17 22 34 42 21 
343 9 14 34 39 16 
344 10 13 39 40 20 
345 14 18 31 37 19 
346 12 11 39 33 16 
347 6 14 35 27 17 
348 12 15 37 31 21 
349 12 13 34 33 19 
350 9 7 47 30 21 
351 7 10 38 28 21 
352 9 11 46 18 24 
353 11 12 43 22 14 
354 9 8 36 21 21 
355 8 6 49 24 22 
356 7 3 32 24 11 
357 8 2 33 21 12 
358 5 8 39 15 17 
359 6 10 29 19 15 
360 6 7 27 14 15 
361 3 8 22 19 6 
362 8 4 18 17 7 
363 6 7 20 7 12 
364 7 10 25 17 14 
365 5 8 15 14 9 
366 8 5 21 18 7 
367 5 7 15 19 4 
368 6 7 24 19 6 
369 3 3 11 16 1 
370 2 3 13 16 3 
371 3 7 17 17 4 
372 5 5 17 13 0 
373 0 5 13 13 2 
374 3 3 12 13 2 
375 0 3 10 14 2 
376 3 5 14 6 0 
377 3 4 3 10 0 
378 3 1 8 7 1 
379 0 5 9 8 2 
380 1 9 6 3 2 
381 2 3 4 1 1 
382 0 6 7 5 2 
383 3 3 9 7 3 
384 3 3 6 5 0 
385 2 1 8 9 0 
386 0 1 3 3 0 
387 1 2 8 5 2 
388 1 4 5 7 2 
389 1 2 2 4 1 
390 1 4 3 5 2 
391 0 1 2 3 0 
392 1 1 2 5 0 
393 0 1 1 3 0 
394 0 4 4 6 0 
395 1 1 1 7 0 
396 1 1 2 4 0 
397 2 0 2 3 0 
398 3 1 1 2 0 
399 0 0 0 6 0 
400 0 0 0 5 0 
401 0 0 4 1 0 
402 0 1 4 2 0 
403 0 0 0 2 0 
404 0 0 2 3 0 
405 0 0 0 5 0 
406 0 0 2 2 0 
407 0 0 2 1 0 
408 0 0 0 5 0 
409 0 0 1 3 0 
410 0 0 1 5 0 
411 0 0 1 2 0 
412 0 0 0 2 0 
413 0 0 1 1 0 
414 0 0 0 1 0 
415 1 0 0 2 0 
416 1 0 0 2 0 
417 0 0 1 1 0 
418 0 0 0 1 0 
419 0 0 0 1 0 
420 0 0 0 0 0 
421 1 0 0 1 0 
422 1 0 0 0 0 
423 1 0 0 1 0 
424 0 0 0 2 0 
425 0 0 1 3 0 
426 0 0 0 1 0 
427 0 0 1 0 0 
428 0 0 0 2 0 
429 0 0 0 0 0 
430 0 0 0 3 0 
431 0 0 0 1 0 
432 0 0 0 1 0 
433 0 0 0 0 0 
434 0 0 0 0 0 
435 0 0 0 1 0 
436 0 0 0 2 0 
437 0 0 0 1 0 
438 0 0 0 0 0 
439 0 0 0 0 0 
440 0 0 0 0 0 
441 0 0 0 0 0 
442 0 0 0 0 0 
