1 1 11 0 0 0 
2 0 12 0 0 0 
3 0 12 0 0 0 
4 3 9 0 0 0 
5 4 8 0 0 0 
6 4 10 0 0 0 
7 2 10 0 0 0 
8 4 5 0 0 0 
9 2 5 0 0 0 
10 1 4 0 0 0 
11 1 4 0 0 0 
12 1 9 0 0 0 
13 2 7 0 2 0 
14 1 8 0 3 0 
15 0 9 0 3 0 
16 1 12 0 3 0 
17 1 13 0 3 0 
18 2 10 0 1 0 
19 2 7 0 1 0 
20 2 7 0 0 0 
21 2 7 0 0 0 
22 1 7 0 1 0 
23 1 5 0 0 0 
24 1 7 0 0 0 
25 0 11 0 0 0 
26 0 16 0 0 0 
27 0 19 0 0 0 
28 0 17 0 0 0 
29 0 15 0 0 0 
30 0 13 2 0 0 
31 0 16 1 0 0 
32 0 15 2 1 0 
33 0 20 1 1 0 
34 1 17 1 0 0 
35 1 21 1 0 0 
36 1 22 1 1 0 
37 1 21 0 1 0 
38 2 23 0 1 0 
39 3 32 0 1 0 
40 3 35 0 1 0 
41 2 37 2 0 1 
42 1 38 6 0 0 
43 2 39 5 0 0 
44 2 36 5 1 0 
45 2 26 3 3 0 
46 2 21 1 1 0 
47 2 22 1 2 0 
48 1 26 0 3 0 
49 2 31 0 3 0 
50 2 39 0 2 0 
51 2 45 2 3 0 
52 2 49 2 3 0 
53 1 55 3 4 0 
54 2 64 2 1 0 
55 5 65 3 1 0 
56 5 75 6 1 0 
57 6 71 3 1 0 
58 5 81 7 2 0 
59 5 81 6 2 0 
60 4 86 7 2 1 
61 4 81 7 5 0 
62 6 82 10 3 0 
63 7 106 11 6 0 
64 5 90 12 6 0 
65 5 93 15 7 2 
66 8 104 21 3 2 
67 10 126 25 6 2 
68 9 139 24 8 2 
69 10 150 20 6 1 
70 8 158 21 10 2 
71 12 179 20 11 1 
72 13 196 17 10 1 
73 13 199 25 11 1 
74 12 219 24 15 1 
75 12 211 34 12 0 
76 13 219 35 15 0 
77 16 214 37 21 1 
78 20 228 41 23 0 
79 19 257 38 40 0 
80 21 279 48 32 0 
81 23 293 48 33 1 
82 32 304 52 41 4 
83 29 364 58 54 5 
84 35 359 66 61 7 
85 46 371 71 81 7 
86 48 410 89 80 5 
87 46 408 89 103 7 
88 51 416 100 118 14 
89 49 439 115 121 12 
90 58 470 143 135 15 
91 63 486 148 149 22 
92 57 512 163 163 25 
93 69 511 167 190 21 
94 70 543 203 190 21 
95 81 573 199 202 25 
96 92 592 205 222 33 
97 100 608 209 250 32 
98 90 661 209 264 40 
99 128 703 232 278 44 
100 152 779 284 294 40 
101 137 864 291 294 40 
102 125 938 293 305 40 
103 155 940 282 310 42 
104 163 970 315 346 37 
105 171 1060 337 388 49 
106 187 1121 363 407 53 
107 194 1175 378 465 57 
108 189 1209 400 476 54 
109 207 1312 416 490 50 
110 203 1370 439 531 49 
111 210 1456 498 590 56 
112 234 1580 514 606 74 
113 240 1626 537 624 82 
114 248 1656 592 685 90 
115 255 1739 645 715 94 
116 264 1796 657 800 111 
117 312 1847 675 834 119 
118 318 1982 763 874 128 
119 335 2082 772 942 140 
120 346 2150 838 954 132 
121 358 2213 900 983 131 
122 378 2330 961 1032 155 
123 414 2401 1019 1088 159 
124 429 2549 1102 1165 172 
125 449 2736 1110 1247 184 
126 451 2963 1199 1306 194 
127 491 3085 1258 1388 187 
128 545 3266 1336 1487 201 
129 632 3368 1370 1583 225 
130 697 3541 1494 1691 240 
131 704 3741 1593 1761 273 
132 698 3959 1693 1852 287 
133 726 4178 1808 1885 296 
134 733 4360 1878 1983 339 
135 814 4436 1961 2104 358 
136 886 4690 2049 2225 370 
137 961 4843 2201 2404 389 
138 1025 5001 2259 2500 410 
139 1060 5119 2425 2601 418 
140 1124 5308 2629 2728 434 
141 1170 5561 2679 2834 477 
142 1231 5682 2824 2999 537 
143 1278 5911 3010 3178 572 
144 1324 6081 3240 3338 579 
145 1334 6270 3438 3438 619 
146 1388 6614 3617 3609 624 
147 1460 6909 3753 3805 639 
148 1513 7082 4014 4007 688 
149 1549 7393 4113 4292 765 
150 1602 7537 4384 4487 821 
151 1658 7672 4554 4711 829 
152 1746 7879 4732 4869 903 
153 1826 8125 4880 5085 917 
154 1929 8285 5160 5386 923 
155 2000 8583 5292 5583 936 
156 2120 8883 5647 5853 954 
157 2230 9086 5967 6093 1032 
158 2316 9201 6262 6459 1042 
159 2339 9448 6582 6682 1084 
160 2382 9594 6981 6892 1148 
161 2436 9720 7133 7267 1191 
162 2604 9830 7422 7507 1241 
163 2635 10084 7717 7742 1338 
164 2664 10314 7999 8005 1393 
165 2824 10540 8333 8364 1411 
166 2939 10591 8707 8638 1462 
167 3034 10676 8916 8966 1523 
168 3030 10907 9246 9297 1532 
169 3167 11272 9574 9649 1603 
170 3273 11613 9901 10045 1689 
171 3281 11840 10101 10299 1768 
172 3484 12093 10260 10652 1858 
173 3619 12164 10580 11015 1919 
174 3731 12413 10890 11351 1927 
175 3846 12450 11221 11702 1969 
176 3834 12411 11516 11981 2040 
177 3937 12289 11708 12475 2040 
178 4021 12200 11939 12717 2125 
179 4132 12065 12296 12919 2223 
180 4246 12001 12502 13157 2279 
181 4217 11931 12892 13398 2376 
182 4231 12039 13131 13682 2408 
183 4211 12107 13439 13779 2455 
184 4297 12056 13898 14093 2417 
185 4269 11986 14141 14349 2490 
186 4294 11966 14333 14340 2513 
187 4446 11804 14448 14507 2563 
188 4517 11697 14599 14697 2641 
189 4545 11614 14881 14886 2653 
190 4639 11541 15159 14949 2738 
191 4833 11363 15164 15018 2776 
192 4828 11365 15167 15208 2770 
193 4835 11230 15312 15413 2771 
194 4930 11053 15407 15514 2819 
195 4965 10900 15328 15568 2875 
196 4914 10924 15499 15547 2899 
197 4934 10673 15460 15579 2902 
198 4878 10331 15368 15495 2947 
199 4897 10333 15373 15478 2985 
200 4920 10272 15399 15323 2972 
201 4958 10142 15428 15302 3051 
202 5010 9917 15415 15247 3010 
203 4942 9687 15313 15226 2991 
204 4879 9502 15363 15220 2998 
205 4885 9239 15359 15119 3003 
206 4829 8994 15291 15016 2968 
207 4755 8862 15203 15097 2928 
208 4776 8617 15001 14994 2950 
209 4613 8330 14894 14882 2962 
210 4580 8047 14722 14580 2939 
211 4556 7937 14400 14334 2939 
212 4544 7780 14488 14281 2953 
213 4468 7540 14319 14332 2873 
214 4409 7402 14154 14151 2767 
215 4422 7175 13947 13898 2699 
216 4392 6996 13835 13648 2665 
217 4270 6943 13648 13431 2633 
218 4181 6862 13616 13246 2638 
219 4095 6570 13458 13091 2641 
220 3952 6406 13045 12879 2555 
221 3867 6217 12799 12520 2496 
222 3837 6019 12427 12243 2445 
223 3762 5831 12225 11946 2393 
224 3725 5730 11992 11516 2338 
225 3631 5554 11673 11252 2300 
226 3581 5318 11473 11135 2236 
227 3475 5143 11156 10821 2253 
228 3349 4948 10858 10648 2177 
229 3357 4807 10453 10162 2167 
230 3266 4588 10325 9812 2154 
231 3152 4427 10140 9534 2131 
232 3039 4361 9975 9236 2069 
233 2976 4284 9683 9062 1976 
234 2872 4102 9503 8759 1970 
235 2775 3955 9227 8376 1867 
236 2711 3758 8953 8214 1804 
237 2639 3646 8691 7954 1773 
238 2478 3554 8392 7731 1771 
239 2475 3406 8141 7284 1680 
240 2401 3273 8046 7107 1665 
241 2358 3119 7651 7062 1543 
242 2207 3000 7413 6887 1480 
243 2105 2882 7055 6585 1425 
244 2045 2805 6792 6275 1363 
245 1950 2700 6678 6058 1324 
246 1874 2714 6431 5949 1299 
247 1847 2646 6259 5844 1248 
248 1829 2503 5983 5583 1250 
249 1729 2394 5891 5357 1185 
250 1638 2306 5627 5120 1184 
251 1600 2284 5422 4906 1127 
252 1589 2237 5206 4705 1121 
253 1473 2152 4998 4478 1109 
254 1408 2057 4797 4376 1098 
255 1367 1990 4572 4262 1018 
256 1389 1867 4393 4091 976 
257 1315 1751 4222 3890 961 
258 1274 1699 4075 3742 921 
259 1269 1601 4030 3561 903 
260 1234 1563 3810 3309 869 
261 1188 1473 3621 3124 833 
262 1117 1460 3460 3025 852 
263 1054 1410 3388 2919 813 
264 1033 1297 3276 2767 796 
265 1020 1220 3151 2681 791 
266 987 1162 3049 2543 751 
267 976 1110 2873 2504 722 
268 912 1097 2768 2429 689 
269 864 1079 2615 2338 649 
270 831 975 2507 2214 603 
271 793 870 2467 2190 580 
272 773 844 2439 2101 535 
273 725 818 2352 1985 510 
274 694 760 2365 1880 486 
275 666 693 2257 1806 458 
276 650 672 2195 1727 418 
277 641 635 2103 1631 418 
278 604 613 2082 1566 386 
279 603 595 1990 1524 362 
280 566 564 1879 1485 328 
281 526 529 1778 1419 314 
282 484 493 1665 1374 286 
283 486 474 1575 1354 238 
284 481 444 1505 1294 226 
285 471 419 1425 1240 206 
286 449 395 1330 1141 207 
287 445 377 1299 1090 192 
288 414 369 1183 1042 194 
289 392 335 1151 1004 178 
290 353 321 1112 946 172 
291 358 292 1117 889 153 
292 321 271 1074 859 139 
293 309 277 990 796 146 
294 279 256 933 775 157 
295 270 246 899 728 149 
296 274 236 800 713 130 
297 265 224 759 680 125 
298 259 206 695 655 128 
299 249 204 686 629 122 
300 214 194 644 618 119 
301 214 206 613 584 113 
302 191 189 591 552 112 
303 191 184 575 560 103 
304 203 187 572 523 105 
305 211 165 569 477 84 
306 193 160 532 449 73 
307 178 151 502 462 63 
308 173 150 479 452 66 
309 171 145 459 461 61 
310 158 143 422 467 59 
311 150 151 414 473 49 
312 144 145 408 438 54 
313 127 134 360 400 52 
314 123 124 378 383 46 
315 117 131 334 367 45 
316 113 116 306 342 49 
317 103 110 289 350 54 
318 89 106 299 342 43 
319 77 106 282 323 35 
320 74 95 289 294 30 
321 75 83 280 297 35 
322 70 80 250 290 32 
323 63 82 246 269 26 
324 62 78 245 239 20 
325 49 80 244 231 25 
326 56 75 241 224 25 
327 58 66 220 232 21 
328 65 68 203 203 19 
329 67 76 186 190 15 
330 66 79 185 170 14 
331 66 80 201 156 17 
332 61 80 187 127 12 
333 52 77 168 128 11 
334 57 78 165 118 13 
335 56 89 165 118 10 
336 50 85 154 116 11 
337 45 85 137 117 11 
338 47 73 127 116 12 
339 48 73 123 108 15 
340 42 70 112 97 13 
341 35 65 115 100 13 
342 38 62 95 113 15 
343 34 61 93 118 16 
344 36 51 94 116 15 
345 37 48 88 105 12 
346 34 52 90 95 11 
347 27 51 85 92 9 
348 31 50 87 87 11 
349 31 50 91 73 15 
350 31 45 83 59 14 
351 30 46 88 57 15 
352 32 40 82 48 20 
353 29 37 90 43 24 
354 23 27 84 39 29 
355 23 30 87 40 36 
356 21 26 84 34 34 
357 18 25 89 37 35 
358 23 26 79 39 33 
359 22 20 65 43 23 
360 22 25 68 38 21 
361 21 34 65 37 20 
362 21 33 62 34 19 
363 18 29 65 40 20 
364 12 23 60 42 24 
365 8 22 59 50 24 
366 9 18 59 47 22 
367 12 19 51 44 21 
368 15 23 47 45 18 
369 13 23 45 47 18 
370 13 30 49 46 15 
371 13 30 42 39 14 
372 13 24 45 34 11 
373 10 20 43 36 9 
374 10 18 40 40 7 
375 8 19 33 47 4 
376 9 23 27 42 2 
377 12 20 24 45 2 
378 10 16 21 37 1 
379 7 14 15 31 1 
380 9 11 10 30 0 
381 6 10 7 24 0 
382 5 8 6 24 1 
383 5 8 6 26 1 
384 3 9 6 24 1 
385 5 6 7 22 0 
386 4 6 9 19 0 
387 6 6 8 19 0 
388 5 6 9 16 0 
389 5 8 10 15 0 
390 6 7 9 14 0 
391 4 3 6 12 0 
392 4 3 6 11 0 
393 2 4 5 9 0 
394 1 2 5 11 0 
395 0 2 4 11 0 
396 2 4 4 9 0 
397 2 3 6 10 0 
398 2 3 6 8 0 
399 3 2 7 8 0 
400 0 5 8 7 0 
401 0 3 6 9 0 
402 1 3 6 7 0 
403 1 2 3 4 0 
404 2 2 3 4 0 
405 1 3 3 5 0 
406 3 2 3 5 0 
407 5 2 5 6 0 
408 3 1 6 7 0 
409 4 0 6 8 0 
410 3 0 8 12 0 
411 7 0 6 15 0 
412 8 0 7 8 0 
413 8 2 6 7 0 
414 8 1 9 7 0 
415 7 1 10 9 0 
416 5 1 4 9 0 
417 5 1 4 7 0 
418 4 0 3 7 0 
419 7 0 3 4 0 
420 6 0 3 5 0 
421 5 0 3 6 0 
422 4 0 2 7 0 
423 2 0 1 7 0 
424 0 0 1 5 0 
425 0 0 1 3 0 
426 0 0 1 3 0 
427 0 0 1 2 0 
428 0 0 2 2 0 
429 0 0 2 2 0 
430 0 0 2 2 0 
431 0 0 3 2 0 
432 0 0 3 1 0 
433 0 0 3 1 0 
434 0 0 3 1 0 
435 0 0 3 0 0 
436 0 0 4 0 0 
437 0 0 5 0 0 
438 0 0 8 0 0 
439 0 0 7 0 0 
440 0 0 9 0 0 
441 0 0 8 0 0 
442 0 0 7 0 0 
443 0 0 6 0 0 
444 0 0 5 0 0 
445 0 0 5 0 0 
446 0 0 8 0 0 
447 1 0 9 0 0 
448 1 0 9 0 0 
449 1 0 8 0 0 
450 1 0 3 0 0 
451 2 0 1 0 0 
452 1 0 1 0 0 
453 0 0 3 0 1 
454 0 0 3 0 1 
455 0 0 5 0 1 
456 0 0 1 0 2 
457 0 0 0 0 1 
458 0 0 0 0 0 
