1 0 6 0 1 0 
2 0 8 0 0 0 
3 0 12 0 1 0 
4 0 12 0 0 0 
5 0 22 0 0 0 
6 0 23 1 0 0 
7 0 33 1 0 0 
8 0 35 0 1 0 
9 1 45 0 1 0 
10 2 48 0 1 0 
11 3 48 1 0 0 
12 5 42 4 0 0 
13 3 40 6 1 0 
14 7 37 5 2 0 
15 8 39 3 2 0 
16 8 43 3 4 0 
17 7 47 3 5 1 
18 9 38 2 7 2 
19 9 43 2 7 3 
20 4 54 5 6 1 
21 4 55 5 6 0 
22 3 67 7 9 0 
23 5 68 4 15 0 
24 5 84 6 18 0 
25 3 101 7 19 0 
26 6 110 5 18 0 
27 9 112 7 21 1 
28 11 102 9 18 1 
29 8 102 12 19 0 
30 7 113 13 15 0 
31 8 126 18 14 0 
32 8 140 20 16 1 
33 7 140 27 12 0 
34 7 142 34 13 0 
35 8 158 41 7 1 
36 10 182 50 10 1 
37 12 213 48 6 2 
38 18 223 46 10 0 
39 25 235 55 10 0 
40 18 250 55 13 0 
41 17 260 61 12 0 
42 25 298 61 18 0 
43 31 307 66 21 2 
44 31 304 60 30 2 
45 31 319 62 24 2 
46 28 354 59 25 4 
47 29 366 66 27 3 
48 32 372 64 40 3 
49 39 383 77 48 1 
50 52 402 77 54 3 
51 58 446 77 47 4 
52 52 495 81 64 4 
53 57 532 91 65 6 
54 53 543 94 75 5 
55 56 555 118 81 5 
56 73 539 104 102 2 
57 73 553 109 106 7 
58 89 559 123 93 7 
59 98 595 153 111 11 
60 115 605 151 128 10 
61 128 624 170 120 12 
62 146 609 185 134 12 
63 141 631 188 151 14 
64 149 740 193 187 21 
65 128 803 203 198 21 
66 135 865 201 249 18 
67 147 882 207 248 18 
68 157 931 244 261 20 
69 156 967 272 292 24 
70 159 1004 290 308 23 
71 180 1052 306 336 31 
72 186 1084 337 386 27 
73 199 1144 350 435 31 
74 202 1184 351 462 34 
75 196 1268 374 490 30 
76 205 1309 420 536 32 
77 216 1372 468 548 31 
78 247 1403 484 588 35 
79 265 1479 538 616 41 
80 298 1567 583 661 48 
81 327 1650 638 716 49 
82 347 1769 729 753 52 
83 358 1942 781 783 58 
84 389 2023 795 805 66 
85 385 2104 849 859 76 
86 408 2180 870 957 92 
87 423 2241 890 1005 95 
88 477 2319 941 1053 99 
89 505 2463 975 1104 102 
90 540 2553 1072 1242 106 
91 529 2728 1147 1313 99 
92 599 2856 1187 1391 104 
93 594 3000 1249 1440 110 
94 608 3096 1306 1499 116 
95 626 3236 1396 1637 129 
96 655 3436 1520 1788 132 
97 723 3537 1614 1826 133 
98 736 3710 1700 1941 154 
99 756 3825 1763 2038 178 
100 815 4017 1908 2159 170 
101 835 4189 2010 2341 192 
102 854 4365 1986 2489 212 
103 888 4491 2109 2624 233 
104 920 4685 2197 2781 252 
105 988 4825 2305 2978 285 
106 976 5107 2365 3105 281 
107 1037 5282 2516 3266 311 
108 1058 5491 2649 3482 333 
109 1129 5673 2843 3661 375 
110 1198 5807 2972 3835 387 
111 1229 6078 3154 4009 399 
112 1290 6289 3338 4196 422 
113 1355 6477 3513 4313 445 
114 1448 6638 3744 4489 499 
115 1503 6930 3996 4600 538 
116 1558 7141 4101 4772 596 
117 1661 7370 4262 4949 641 
118 1707 7650 4483 5126 703 
119 1793 7909 4674 5323 762 
120 1876 8006 4793 5699 816 
121 1967 8376 4988 5859 838 
122 2020 8611 5148 6131 914 
123 2035 8837 5449 6415 916 
124 2127 9098 5671 6576 940 
125 2143 9272 5893 6774 950 
126 2250 9443 6131 7167 992 
127 2375 9833 6331 7449 1061 
128 2485 9957 6602 7672 1099 
129 2545 10183 6791 7976 1175 
130 2588 10534 7013 8324 1216 
131 2679 10701 7329 8621 1293 
132 2813 11017 7639 8961 1369 
133 2929 11239 8037 9246 1368 
134 3105 11528 8342 9454 1450 
135 3151 11613 8616 9726 1504 
136 3225 11832 8885 9992 1567 
137 3322 12066 9182 10338 1549 
138 3459 12136 9473 10644 1617 
139 3557 12273 9808 10937 1692 
140 3623 12356 10092 11199 1787 
141 3765 12537 10356 11581 1865 
142 3823 12614 10635 11819 1867 
143 3876 12630 11031 12086 1883 
144 3949 12751 11220 12470 2007 
145 4078 12950 11611 12707 2071 
146 4162 12771 11854 12882 2118 
147 4101 12683 12006 13185 2202 
148 4233 12718 12141 13427 2280 
149 4354 12702 12345 13750 2394 
150 4381 12518 12700 14068 2413 
151 4562 12351 13039 14193 2440 
152 4559 12458 13432 14353 2467 
153 4618 12451 13822 14561 2521 
154 4673 12431 14026 14797 2575 
155 4665 12282 14451 14834 2585 
156 4718 12046 14849 14997 2640 
157 4832 11876 15004 15211 2735 
158 4919 11771 15185 15196 2764 
159 4912 11571 15381 15316 2876 
160 5018 11512 15449 15282 2879 
161 5001 11429 15513 15239 2943 
162 5076 11475 15597 15393 2983 
163 5005 11229 15658 15242 2972 
164 4977 10971 15890 15327 3051 
165 4975 10748 16054 15232 3101 
166 4950 10468 16226 15127 3192 
167 4933 10239 16260 15129 3180 
168 4946 9954 16262 14917 3103 
169 4913 9780 16131 14994 3115 
170 4833 9686 16116 14964 3144 
171 4805 9576 15894 14920 3154 
172 4824 9361 15860 14728 3154 
173 4737 9124 15870 14583 3209 
174 4683 8902 15686 14541 3215 
175 4616 8592 15581 14422 3215 
176 4647 8304 15279 14181 3121 
177 4564 8038 15087 13946 3030 
178 4569 7843 14885 13728 3007 
179 4490 7649 14609 13499 3009 
180 4428 7483 14453 13366 3037 
181 4389 7313 14181 13115 3006 
182 4309 7032 13849 12954 2902 
183 4165 6752 13712 12773 2830 
184 4131 6541 13493 12355 2743 
185 4065 6315 13126 12152 2701 
186 4019 6159 13066 11881 2700 
187 3922 5945 12982 11728 2680 
188 3811 5721 12820 11460 2690 
189 3741 5450 12678 11201 2639 
190 3587 5188 12438 10888 2596 
191 3494 5032 12010 10640 2591 
192 3437 4936 11831 10320 2531 
193 3417 4919 11505 10186 2514 
194 3363 4736 11231 9824 2492 
195 3311 4606 10889 9507 2459 
196 3220 4461 10675 9127 2377 
197 3087 4345 10338 9006 2312 
198 3074 4241 10021 8856 2264 
199 2933 3982 9705 8632 2260 
200 2836 3768 9376 8255 2257 
201 2774 3546 9057 7996 2122 
202 2627 3378 8866 7711 2013 
203 2529 3298 8541 7667 2026 
204 2438 3214 8373 7372 2010 
205 2375 3005 8062 7135 1939 
206 2317 2936 7788 6852 1875 
207 2234 2859 7471 6647 1758 
208 2132 2830 7226 6486 1664 
209 2093 2690 6993 6292 1628 
210 2017 2606 6853 6022 1565 
211 1932 2510 6589 5917 1475 
212 1886 2431 6302 5657 1366 
213 1857 2314 6023 5496 1259 
214 1835 2247 5777 5306 1219 
215 1786 2125 5551 5119 1182 
216 1720 2042 5367 5053 1137 
217 1690 1992 5116 4850 1151 
218 1603 1894 4930 4680 1083 
219 1576 1864 4690 4549 1022 
220 1567 1813 4454 4238 989 
221 1444 1754 4233 4113 935 
222 1372 1653 4055 3957 894 
223 1299 1580 3926 3793 814 
224 1306 1529 3853 3612 778 
225 1192 1441 3703 3447 751 
226 1115 1373 3624 3307 744 
227 1118 1373 3396 3170 688 
228 1060 1325 3217 2995 637 
229 996 1265 3110 2879 600 
230 964 1211 2974 2684 585 
231 925 1126 2873 2562 567 
232 883 1090 2761 2465 548 
233 870 1078 2591 2410 518 
234 811 1006 2491 2351 499 
235 783 954 2339 2331 488 
236 742 912 2303 2253 448 
237 693 898 2296 2190 439 
238 659 860 2184 2074 417 
239 657 848 2085 1980 391 
240 575 810 1964 1984 356 
241 561 765 1866 1897 343 
242 537 742 1814 1794 335 
243 528 701 1701 1686 333 
244 525 710 1651 1583 339 
245 509 695 1589 1487 322 
246 491 692 1490 1479 316 
247 485 669 1414 1413 299 
248 481 645 1367 1353 295 
249 442 641 1351 1285 283 
250 433 609 1232 1222 264 
251 399 545 1220 1140 262 
252 364 498 1193 1086 255 
253 345 427 1182 1038 217 
254 346 420 1143 1015 194 
255 334 398 1099 954 185 
256 320 394 1046 913 174 
257 310 389 1012 903 163 
258 293 385 1004 848 162 
259 270 352 955 794 154 
260 266 316 924 750 145 
261 254 301 896 756 131 
262 261 274 841 737 124 
263 252 260 801 708 108 
264 246 264 802 659 99 
265 237 263 791 613 89 
266 221 248 767 594 84 
267 222 260 733 576 70 
268 215 256 683 545 73 
269 200 254 650 545 75 
270 179 240 626 519 64 
271 166 226 595 486 59 
272 156 208 592 478 51 
273 151 211 572 473 47 
274 146 209 533 473 49 
275 136 209 523 482 48 
276 125 216 505 434 46 
277 116 198 509 391 40 
278 105 172 499 380 46 
279 107 164 474 360 39 
280 89 170 489 333 35 
281 82 161 476 331 32 
282 93 151 460 323 28 
283 82 144 415 301 21 
284 78 138 392 297 21 
285 92 153 391 294 20 
286 87 158 374 276 24 
287 88 170 357 247 18 
288 86 149 331 238 20 
289 76 150 327 237 14 
290 72 151 304 231 15 
291 78 131 279 216 21 
292 71 121 273 232 19 
293 69 112 254 231 19 
294 75 105 249 208 21 
295 61 101 250 184 21 
296 69 86 248 178 16 
297 69 81 249 152 17 
298 62 70 247 139 17 
299 54 72 222 130 16 
300 63 68 219 130 19 
301 66 69 202 123 27 
302 64 58 177 123 31 
303 64 57 176 128 27 
304 65 58 159 116 21 
305 60 57 151 119 21 
306 54 50 142 123 20 
307 53 50 152 118 15 
308 64 50 150 112 13 
309 61 47 152 113 11 
310 53 46 149 108 9 
311 49 39 134 109 13 
312 45 35 121 89 13 
313 37 38 100 90 14 
314 38 35 99 95 12 
315 42 33 94 87 10 
316 40 36 91 83 11 
317 44 37 91 83 8 
318 51 32 89 81 9 
319 42 29 87 74 8 
320 34 29 79 66 9 
321 29 31 76 53 9 
322 27 22 65 52 6 
323 19 20 81 46 5 
324 14 23 80 37 3 
325 10 23 88 31 2 
326 8 25 83 31 3 
327 8 27 72 40 3 
328 8 22 66 44 5 
329 9 18 55 43 3 
330 13 22 50 47 1 
331 8 20 54 40 0 
332 11 23 56 36 0 
333 9 23 55 26 1 
334 13 22 55 22 1 
335 12 19 61 24 0 
336 8 18 66 23 1 
337 7 21 60 27 0 
338 7 21 53 28 0 
339 7 17 51 29 0 
340 8 15 51 27 0 
341 9 10 52 25 0 
342 7 9 55 25 0 
343 5 11 62 21 0 
344 8 12 66 22 0 
345 6 8 63 23 0 
346 3 8 57 18 0 
347 3 4 51 22 0 
348 2 4 53 22 0 
349 4 8 48 28 0 
350 2 7 41 29 2 
351 4 8 39 28 1 
352 4 8 39 21 1 
353 6 9 37 27 1 
354 5 9 38 29 1 
355 5 5 44 27 1 
356 6 8 43 20 0 
357 6 8 37 19 1 
358 5 6 39 20 0 
359 7 7 41 22 0 
360 9 4 33 23 2 
361 8 3 31 20 1 
362 9 4 35 17 1 
363 9 5 40 19 2 
364 7 6 42 22 2 
365 10 6 31 28 3 
366 9 7 33 23 2 
367 7 8 33 22 4 
368 6 11 40 25 3 
369 7 11 48 20 3 
370 7 10 46 15 2 
371 9 9 51 15 1 
372 8 8 54 14 1 
373 6 12 60 12 1 
374 8 11 48 12 0 
375 6 9 49 12 0 
376 6 11 43 9 0 
377 5 4 39 13 0 
378 3 3 37 11 1 
379 4 2 37 12 1 
380 5 2 25 8 1 
381 5 1 22 6 1 
382 6 0 16 6 1 
383 3 0 13 4 1 
384 4 0 13 5 1 
385 4 0 10 9 1 
386 4 0 11 6 1 
387 6 0 8 7 1 
388 3 0 7 7 4 
389 3 0 3 4 5 
390 2 0 2 3 3 
391 3 0 1 6 1 
392 3 0 1 5 1 
393 3 0 1 5 2 
394 1 0 2 5 1 
395 1 0 2 4 1 
396 2 1 1 4 1 
397 2 1 0 3 1 
398 1 1 0 2 1 
399 2 1 0 1 0 
400 1 2 0 0 0 
401 1 2 0 0 0 
402 1 2 0 0 0 
403 1 1 0 0 0 
404 2 1 0 0 0 
405 1 0 0 0 0 
406 1 0 0 0 0 
407 1 0 0 0 0 
408 0 0 0 0 0 
