1 0 3 0 0 0 
2 0 5 0 1 0 
3 0 2 0 0 0 
4 0 5 0 0 0 
5 0 4 0 0 0 
6 0 6 0 0 0 
7 1 5 0 0 0 
8 0 3 0 0 0 
9 0 4 0 0 0 
10 1 10 0 1 0 
11 0 5 0 1 0 
12 0 11 0 2 0 
13 1 8 0 1 0 
14 0 20 1 1 0 
15 0 6 0 4 0 
16 1 12 2 2 0 
17 0 8 0 6 0 
18 2 18 0 1 0 
19 0 10 0 11 0 
20 1 14 1 7 0 
21 1 18 0 3 0 
22 1 14 3 6 0 
23 1 21 1 7 0 
24 4 24 5 8 0 
25 2 22 4 10 2 
26 5 14 4 9 0 
27 3 19 2 9 0 
28 2 24 4 12 0 
29 6 20 5 13 0 
30 4 20 6 8 0 
31 2 22 5 13 0 
32 2 27 4 11 0 
33 6 27 7 12 0 
34 3 35 5 15 0 
35 3 33 8 13 0 
36 7 28 4 19 1 
37 11 26 6 14 0 
38 9 46 3 13 0 
39 8 54 6 11 1 
40 10 45 7 15 1 
41 7 43 6 16 0 
42 11 50 4 18 0 
43 7 51 4 20 0 
44 11 49 2 9 0 
45 7 59 7 13 1 
46 10 66 9 25 2 
47 6 74 9 26 0 
48 14 75 16 30 0 
49 13 88 13 18 0 
50 11 66 13 17 2 
51 8 70 12 20 1 
52 8 93 21 35 0 
53 12 93 10 26 2 
54 11 104 14 33 2 
55 15 87 16 27 3 
56 12 111 19 47 3 
57 9 94 23 32 3 
58 19 135 23 37 1 
59 22 121 21 37 2 
60 23 114 19 54 4 
61 15 134 27 53 2 
62 14 135 31 59 0 
63 21 148 38 51 2 
64 26 129 41 57 1 
65 21 166 47 58 3 
66 17 169 32 64 3 
67 26 177 35 59 7 
68 42 207 43 77 5 
69 33 192 46 62 2 
70 38 188 46 68 2 
71 46 209 51 67 2 
72 54 205 65 72 7 
73 59 222 62 71 6 
74 44 245 74 77 12 
75 46 244 78 83 9 
76 46 266 74 84 6 
77 48 271 75 105 10 
78 54 293 86 101 10 
79 68 342 103 119 10 
80 77 318 108 135 12 
81 82 344 113 140 10 
82 69 367 128 200 18 
83 70 378 166 193 17 
84 78 426 174 188 13 
85 73 429 178 228 29 
86 90 439 180 205 22 
87 86 479 202 228 19 
88 81 463 192 260 28 
89 84 489 234 247 21 
90 125 538 239 259 30 
91 122 539 260 297 29 
92 105 562 263 285 23 
93 114 622 280 320 32 
94 130 662 319 326 29 
95 140 662 325 373 40 
96 155 752 360 376 45 
97 173 733 358 400 43 
98 148 751 382 405 43 
99 170 836 450 450 51 
100 171 864 463 463 57 
101 202 873 481 528 54 
102 205 903 566 520 73 
103 210 973 578 565 77 
104 237 1040 547 554 76 
105 236 1069 605 616 75 
106 262 1125 623 618 110 
107 245 1167 706 643 101 
108 249 1226 711 718 89 
109 287 1296 751 731 103 
110 308 1386 807 806 105 
111 306 1417 821 819 106 
112 337 1499 865 912 147 
113 352 1549 885 983 117 
114 340 1675 916 1043 112 
115 407 1626 993 1051 121 
116 412 1685 979 1077 158 
117 430 1821 1060 1086 145 
118 449 1892 1026 1184 136 
119 425 1961 1170 1234 163 
120 459 2082 1180 1323 181 
121 480 2153 1216 1335 168 
122 520 2203 1295 1419 180 
123 533 2337 1330 1481 202 
124 534 2363 1392 1608 193 
125 558 2496 1449 1609 191 
126 588 2483 1485 1772 190 
127 616 2543 1489 1854 211 
128 625 2704 1669 1899 213 
129 644 2861 1719 2044 205 
130 673 2905 1703 2111 226 
131 699 2937 1914 2166 241 
132 739 2983 1937 2252 236 
133 789 3112 2004 2363 290 
134 773 3054 2167 2457 288 
135 856 3315 2225 2530 286 
136 844 3319 2344 2632 314 
137 912 3484 2422 2729 390 
138 899 3645 2574 2789 380 
139 1000 3639 2599 2990 410 
140 1025 3694 2640 2929 403 
141 1005 3783 2728 3094 416 
142 1029 3770 2859 3182 439 
143 1083 3815 3004 3234 451 
144 1098 3931 3068 3331 453 
145 1090 3955 3272 3516 506 
146 1219 4152 3317 3483 515 
147 1196 4164 3440 3649 516 
148 1216 4196 3377 3726 521 
149 1264 4143 3510 3920 559 
150 1361 4143 3624 3926 494 
151 1285 4185 3764 3891 578 
152 1367 4262 3944 3971 599 
153 1422 4262 3962 4100 618 
154 1358 4062 4201 4294 623 
155 1526 4141 4223 4235 683 
156 1489 4151 4265 4300 676 
157 1531 4253 4432 4349 697 
158 1514 4039 4428 4475 708 
159 1454 4048 4574 4647 751 
160 1528 4148 4554 4683 775 
161 1480 4050 4714 4673 783 
162 1547 4024 4732 4827 765 
163 1494 4002 4767 4845 780 
164 1570 3943 4895 4969 768 
165 1585 3910 4872 4896 769 
166 1651 3851 5033 5125 756 
167 1692 3899 5070 5173 772 
168 1543 3781 5114 5179 869 
169 1718 3668 5090 5207 856 
170 1615 3688 5155 5138 897 
171 1635 3629 5205 5113 973 
172 1601 3607 5157 5057 928 
173 1565 3502 5085 5099 917 
174 1607 3348 5091 5180 949 
175 1678 3300 5074 5168 983 
176 1549 3390 5170 5063 982 
177 1639 3270 5034 5177 976 
178 1604 3156 5109 5036 992 
179 1599 2959 5024 5020 957 
180 1615 2925 5070 4985 1014 
181 1538 2792 5010 4905 1012 
182 1592 2850 4999 4875 1002 
183 1499 2738 4968 4793 1019 
184 1481 2616 4978 4829 1035 
185 1458 2534 4896 4693 1065 
186 1525 2496 4812 4605 1070 
187 1512 2393 4672 4560 1048 
188 1413 2476 4690 4458 1048 
189 1449 2382 4683 4382 1037 
190 1380 2298 4547 4305 1003 
191 1365 2266 4432 4145 986 
192 1457 2126 4461 4176 928 
193 1345 2092 4208 3967 925 
194 1269 1931 4120 3859 956 
195 1318 1982 4094 3803 936 
196 1272 1897 3944 3692 891 
197 1274 1869 3719 3712 874 
198 1179 1757 3659 3486 882 
199 1208 1764 3574 3427 839 
200 1207 1658 3488 3407 849 
201 1120 1598 3465 3368 837 
202 1074 1555 3440 3230 809 
203 1102 1446 3429 3018 741 
204 1027 1444 3204 3008 771 
205 1025 1376 3129 2960 728 
206 1022 1302 2971 2738 736 
207 1008 1316 2800 2776 673 
208 900 1277 2799 2655 687 
209 971 1223 2682 2576 635 
210 926 1128 2639 2555 627 
211 894 1109 2554 2490 645 
212 829 1051 2478 2341 628 
213 778 1086 2516 2272 580 
214 786 988 2346 2164 556 
215 748 914 2296 2201 548 
216 777 871 2247 2007 539 
217 727 852 2126 1983 493 
218 677 865 2071 1925 520 
219 675 805 1967 1815 536 
220 630 809 1931 1789 451 
221 571 783 1860 1684 498 
222 560 718 1796 1639 463 
223 565 769 1700 1639 459 
224 507 730 1582 1432 467 
225 508 715 1592 1474 419 
226 501 634 1439 1437 448 
227 498 630 1467 1392 425 
228 456 647 1362 1352 362 
229 414 611 1392 1298 370 
230 388 564 1309 1132 415 
231 361 540 1308 1176 351 
232 429 524 1210 1094 337 
233 359 497 1115 1073 305 
234 364 426 1088 1041 316 
235 345 415 1115 980 323 
236 333 424 1086 956 340 
237 285 363 1075 919 264 
238 293 349 1040 871 271 
239 280 332 950 878 267 
240 299 326 902 846 264 
241 272 319 895 798 262 
242 284 314 926 729 257 
243 274 348 853 700 280 
244 258 282 836 714 215 
245 234 249 785 674 235 
246 225 289 735 660 201 
247 234 266 695 638 238 
248 219 247 709 627 215 
249 230 221 707 541 180 
250 224 218 647 592 168 
251 196 225 626 515 163 
252 182 199 619 486 173 
253 193 211 569 468 136 
254 201 200 539 473 154 
255 157 204 543 463 119 
256 146 181 545 402 142 
257 143 183 491 400 135 
258 146 165 466 391 115 
259 174 157 445 419 111 
260 112 152 438 388 101 
261 136 129 438 364 121 
262 115 136 415 366 101 
263 121 144 426 337 92 
264 111 161 395 335 101 
265 99 111 364 321 103 
266 109 108 356 273 76 
267 115 103 312 281 105 
268 98 97 297 260 72 
269 94 108 304 252 76 
270 83 93 296 225 71 
271 70 107 270 219 74 
272 73 94 250 193 85 
273 76 95 224 207 76 
274 64 92 239 157 79 
275 78 89 243 164 80 
276 62 92 209 172 67 
277 66 80 221 160 60 
278 84 88 193 175 58 
279 64 89 196 153 55 
280 63 67 204 142 50 
281 66 62 180 133 48 
282 55 56 166 119 50 
283 54 60 183 91 41 
284 65 51 158 117 52 
285 66 54 145 93 44 
286 64 51 128 97 52 
287 50 48 132 104 40 
288 47 44 121 76 26 
289 46 46 113 77 29 
290 37 58 141 63 29 
291 36 52 119 67 31 
292 36 54 94 68 22 
293 37 46 102 83 20 
294 41 41 77 76 24 
295 34 48 92 90 25 
296 37 48 91 62 21 
297 24 38 78 79 21 
298 40 49 82 77 20 
299 35 34 79 53 23 
300 34 34 62 71 22 
301 28 38 75 48 24 
302 30 30 91 55 22 
303 23 27 80 73 15 
304 40 38 81 63 16 
305 25 25 69 47 8 
306 23 35 60 52 12 
307 28 23 67 45 16 
308 23 17 53 50 4 
309 20 26 58 45 6 
310 22 18 53 35 6 
311 14 28 51 39 2 
312 16 24 43 32 3 
313 16 24 69 26 2 
314 17 17 52 34 1 
315 10 26 58 38 1 
316 14 24 48 35 1 
317 19 24 39 37 3 
318 12 25 55 43 1 
319 15 22 56 34 0 
320 12 19 55 25 0 
321 10 20 54 32 1 
322 13 13 38 35 2 
323 11 9 49 35 1 
324 13 13 40 20 2 
325 5 20 43 27 2 
326 11 20 38 28 0 
327 13 24 36 23 2 
328 12 17 29 17 0 
329 14 18 30 29 1 
330 13 18 21 23 0 
331 7 14 28 30 2 
332 11 21 27 22 1 
333 13 9 23 19 1 
334 12 15 17 20 2 
335 9 10 14 20 0 
336 15 14 17 15 0 
337 12 5 29 16 0 
338 10 12 31 9 0 
339 7 14 28 28 0 
340 11 9 27 15 1 
341 10 11 24 16 1 
342 12 4 27 12 3 
343 4 4 17 9 0 
344 9 11 14 15 3 
345 9 4 16 8 2 
346 6 6 14 10 1 
347 2 5 14 13 3 
348 2 2 27 14 3 
349 4 3 14 7 0 
350 2 3 14 12 0 
351 5 9 17 11 1 
352 5 2 9 9 0 
353 5 5 11 14 2 
354 8 2 12 10 1 
355 8 4 16 12 0 
356 1 3 14 4 0 
357 5 3 14 6 0 
358 6 3 14 12 0 
359 10 3 10 6 0 
360 7 3 6 4 1 
361 3 1 10 5 0 
362 5 1 13 3 0 
363 5 3 11 7 0 
364 4 0 9 4 0 
365 2 2 7 4 0 
366 3 3 11 8 0 
367 2 0 8 4 0 
368 4 2 7 4 0 
369 2 1 5 2 0 
370 5 0 11 5 0 
371 3 2 5 5 0 
372 2 1 5 9 0 
373 1 0 6 9 0 
374 4 0 6 7 0 
375 1 0 4 5 0 
376 0 0 6 5 0 
377 0 1 7 7 1 
378 1 1 3 7 0 
379 1 0 4 2 0 
380 0 0 5 4 0 
381 1 0 0 6 0 
382 0 0 4 3 0 
383 4 0 2 2 0 
384 0 3 4 3 0 
385 0 1 5 2 0 
386 0 0 3 1 0 
387 0 0 8 6 0 
388 0 0 4 3 0 
389 1 0 3 0 0 
390 0 0 4 0 0 
391 0 0 5 0 0 
392 0 0 3 0 0 
393 0 0 1 0 0 
394 0 0 5 2 0 
395 0 0 5 0 0 
396 0 0 1 0 0 
397 0 0 4 0 0 
398 0 0 3 0 0 
399 1 1 1 0 0 
400 0 0 0 0 0 
401 0 0 0 1 0 
402 0 0 0 0 0 
403 0 0 0 0 0 
404 0 0 0 0 0 
405 0 0 0 0 0 
