1 0 8 0 0 0 
2 0 8 0 0 0 
3 0 11 0 0 0 
4 0 6 0 0 0 
5 0 3 0 0 0 
6 0 2 0 0 0 
7 0 2 0 0 0 
8 0 2 0 0 0 
9 0 3 0 0 0 
10 0 2 0 0 0 
11 0 3 0 0 0 
12 0 3 0 0 0 
13 0 3 0 0 0 
14 0 3 0 0 0 
15 0 4 0 0 0 
16 0 3 0 0 0 
17 0 4 0 0 0 
18 0 5 0 0 0 
19 1 6 0 1 0 
20 2 8 0 1 0 
21 2 7 0 1 0 
22 3 9 0 1 0 
23 3 6 0 1 0 
24 3 4 0 1 0 
25 1 5 0 1 0 
26 1 6 0 1 0 
27 3 6 0 1 0 
28 3 5 0 2 0 
29 3 4 0 1 0 
30 3 3 0 3 0 
31 2 1 1 4 0 
32 2 3 0 7 0 
33 3 3 0 10 0 
34 5 4 0 9 0 
35 2 5 0 9 0 
36 2 3 0 7 0 
37 4 3 0 7 0 
38 3 5 0 10 0 
39 3 5 0 9 0 
40 3 7 1 6 0 
41 2 6 3 4 0 
42 3 5 0 4 0 
43 4 7 0 4 0 
44 5 7 0 4 0 
45 5 8 0 5 0 
46 4 12 1 7 0 
47 4 10 3 6 0 
48 5 10 2 5 0 
49 4 14 1 7 0 
50 4 17 1 6 0 
51 5 17 1 5 0 
52 4 16 1 4 0 
53 4 9 2 3 0 
54 4 12 1 2 0 
55 4 14 1 5 0 
56 2 14 3 4 0 
57 1 16 5 2 0 
58 1 23 5 6 0 
59 1 16 5 4 0 
60 2 13 6 2 0 
61 2 13 8 2 0 
62 3 14 4 2 0 
63 3 15 4 3 0 
64 2 22 4 3 0 
65 1 26 4 3 0 
66 0 33 5 7 0 
67 2 31 5 7 0 
68 2 30 4 9 0 
69 3 31 3 12 0 
70 3 28 3 12 0 
71 5 36 7 10 0 
72 3 35 8 15 0 
73 3 37 8 9 0 
74 2 38 10 10 0 
75 4 37 11 13 0 
76 4 35 8 12 0 
77 5 43 4 12 0 
78 8 47 1 12 1 
79 7 50 1 11 1 
80 8 64 6 16 1 
81 8 68 5 16 2 
82 13 76 7 17 1 
83 13 85 7 20 2 
84 12 101 8 17 1 
85 12 103 8 12 1 
86 13 105 8 12 4 
87 16 97 7 11 6 
88 21 96 11 13 4 
89 32 93 12 14 6 
90 37 104 17 19 6 
91 39 116 17 29 5 
92 31 130 23 28 7 
93 23 137 28 34 4 
94 23 122 33 37 3 
95 25 117 28 46 5 
96 29 123 33 42 6 
97 31 128 24 35 6 
98 31 129 25 40 7 
99 28 118 26 42 7 
100 28 122 30 43 7 
101 33 116 29 42 8 
102 33 131 40 58 10 
103 37 136 44 71 8 
104 29 153 45 84 6 
105 31 153 52 87 5 
106 32 158 61 111 5 
107 31 167 71 101 6 
108 35 192 80 108 7 
109 33 234 80 116 8 
110 36 275 86 132 11 
111 36 270 91 128 9 
112 43 284 89 145 8 
113 45 306 105 154 8 
114 46 329 121 160 7 
115 48 353 137 165 10 
116 49 376 128 178 12 
117 40 361 141 188 16 
118 43 436 155 193 20 
119 49 458 173 206 19 
120 51 486 181 212 19 
121 51 513 186 239 18 
122 42 545 196 245 16 
123 60 572 203 266 14 
124 69 635 199 282 19 
125 83 685 218 304 22 
126 88 692 232 312 20 
127 87 722 232 338 19 
128 98 747 249 377 20 
129 87 847 267 410 21 
130 110 877 308 437 25 
131 129 916 338 423 24 
132 152 954 359 472 20 
133 156 985 398 511 17 
134 179 1033 379 551 23 
135 174 1075 429 577 24 
136 174 1120 461 611 35 
137 184 1203 475 658 44 
138 206 1305 518 683 43 
139 210 1418 565 716 38 
140 224 1568 658 764 37 
141 247 1623 719 829 30 
142 279 1749 732 892 46 
143 297 1882 772 949 54 
144 337 1966 798 1005 58 
145 344 1989 821 1036 58 
146 361 2076 862 1100 54 
147 382 2180 923 1207 53 
148 426 2262 980 1278 57 
149 441 2332 1051 1362 63 
150 478 2311 1091 1448 83 
151 506 2416 1205 1518 90 
152 528 2451 1280 1578 106 
153 549 2526 1351 1569 111 
154 568 2649 1460 1652 136 
155 608 2773 1515 1667 163 
156 650 2954 1607 1758 170 
157 661 3142 1686 1905 172 
158 672 3293 1796 2060 171 
159 677 3445 1859 2150 204 
160 692 3600 1955 2281 229 
161 722 3779 2032 2453 249 
162 813 3943 2139 2558 269 
163 849 4084 2178 2681 305 
164 888 4188 2322 2820 325 
165 960 4390 2413 2918 334 
166 1008 4578 2513 3045 345 
167 1068 4833 2623 3106 372 
168 1116 4993 2772 3247 392 
169 1221 5186 2842 3291 388 
170 1267 5452 2984 3426 410 
171 1316 5626 3120 3626 429 
172 1349 5886 3354 3798 480 
173 1427 6140 3593 4059 469 
174 1482 6301 3782 4232 486 
175 1517 6495 3987 4484 473 
176 1601 6724 4150 4651 513 
177 1682 6886 4317 4919 533 
178 1748 7111 4580 5127 574 
179 1802 7231 4798 5333 570 
180 1810 7550 5013 5551 589 
181 1898 7807 5239 5721 632 
182 1972 8063 5429 5918 687 
183 2009 8341 5688 6113 700 
184 2064 8562 5913 6362 736 
185 2170 8746 6227 6549 743 
186 2282 8955 6421 6790 793 
187 2353 9194 6728 7071 870 
188 2419 9379 6844 7384 900 
189 2421 9459 7219 7574 885 
190 2530 9857 7540 7917 959 
191 2593 10141 7773 8190 979 
192 2692 10428 8127 8439 1009 
193 2780 10580 8462 8713 1104 
194 2861 10788 8861 8971 1163 
195 2936 11021 9210 9127 1170 
196 3074 11329 9487 9419 1272 
197 3173 11391 9783 9797 1314 
198 3327 11595 10166 10151 1350 
199 3472 11665 10418 10411 1414 
200 3553 11647 10720 10706 1441 
201 3580 11757 10922 10951 1511 
202 3653 11800 11104 11341 1634 
203 3758 12029 11580 11499 1697 
204 3821 12037 11996 11858 1711 
205 3883 12162 12254 11948 1743 
206 3917 12221 12648 12258 1895 
207 4006 12273 12807 12663 1919 
208 4161 12340 13110 12879 1956 
209 4253 12304 13489 13072 1992 
210 4299 12273 13824 13343 2051 
211 4352 12303 14026 13737 2086 
212 4359 12257 14097 13900 2258 
213 4398 12168 14242 14095 2429 
214 4473 12168 14477 14413 2462 
215 4445 12124 14699 14415 2516 
216 4474 12040 14837 14622 2602 
217 4560 11840 15127 14737 2688 
218 4656 11853 15365 14815 2771 
219 4684 11776 15241 15052 2734 
220 4734 11605 15428 15111 2885 
221 4865 11473 15536 15170 2952 
222 4881 11221 15416 15041 3005 
223 4892 11047 15440 14978 3065 
224 4941 10856 15599 15039 3070 
225 4931 10638 15777 15087 3151 
226 5021 10579 15564 15209 3113 
227 4965 10377 15708 15181 3099 
228 4993 10171 15785 15104 3119 
229 5005 10054 15645 15140 3177 
230 5060 9748 15448 15108 3249 
231 5032 9450 15414 14984 3231 
232 4918 9249 15180 14959 3258 
233 4959 9040 15064 14773 3189 
234 4891 8849 14985 14617 3143 
235 4795 8690 14994 14560 3086 
236 4779 8460 14928 14490 3097 
237 4796 8298 14779 14313 3145 
238 4660 8087 14348 14000 3137 
239 4482 7960 14235 13746 3170 
240 4468 7714 14244 13572 3152 
241 4485 7483 14084 13273 3104 
242 4428 7205 13918 12925 3049 
243 4402 7063 13820 12704 2921 
244 4262 6880 13672 12534 2877 
245 4143 6669 13424 12409 2931 
246 4107 6417 13258 12225 2912 
247 3979 6254 12895 12007 2904 
248 3819 6074 12699 11920 2889 
249 3716 5960 12475 11547 2884 
250 3649 5797 12334 11296 2867 
251 3608 5674 12171 10992 2849 
252 3538 5532 11974 10794 2782 
253 3463 5414 11814 10630 2749 
254 3410 5126 11480 10305 2656 
255 3330 4962 11091 10045 2598 
256 3188 4867 10912 9790 2475 
257 3260 4735 10542 9540 2451 
258 3236 4576 10313 9340 2447 
259 3253 4364 10006 9128 2380 
260 3121 4270 9712 8893 2327 
261 2996 4173 9414 8511 2265 
262 2929 3969 9118 8305 2286 
263 2811 3937 8734 8039 2191 
264 2824 3782 8487 7732 2189 
265 2683 3620 8166 7508 2129 
266 2576 3508 7854 7338 2093 
267 2534 3342 7683 7115 2036 
268 2463 3117 7441 6962 1982 
269 2354 3016 7188 6835 1943 
270 2244 2938 6937 6586 1830 
271 2213 2889 6674 6288 1719 
272 2129 2859 6364 6013 1669 
273 2089 2736 6140 5878 1615 
274 1949 2672 5898 5569 1568 
275 1903 2610 5656 5330 1523 
276 1802 2469 5416 5159 1503 
277 1678 2361 5260 4964 1456 
278 1646 2304 5071 4773 1451 
279 1545 2157 4923 4724 1330 
280 1514 2072 4663 4516 1277 
281 1407 1960 4616 4276 1225 
282 1355 1811 4519 4043 1171 
283 1380 1687 4332 3906 1140 
284 1364 1646 4100 3701 1071 
285 1299 1618 3964 3536 1009 
286 1229 1515 3859 3417 951 
287 1152 1494 3690 3353 872 
288 1124 1404 3523 3147 820 
289 1084 1373 3388 3035 768 
290 983 1295 3274 2945 762 
291 994 1223 3222 2845 717 
292 1001 1181 3054 2816 666 
293 972 1143 2970 2666 646 
294 954 1083 2854 2602 589 
295 939 1050 2752 2482 539 
296 881 988 2675 2398 512 
297 847 920 2510 2284 508 
298 761 851 2378 2171 451 
299 704 839 2325 2123 413 
300 622 825 2256 2059 392 
301 566 788 2129 1985 369 
302 534 778 1976 1880 343 
303 524 753 1919 1813 321 
304 469 756 1863 1757 311 
305 431 739 1753 1664 305 
306 435 737 1654 1626 305 
307 438 703 1608 1523 306 
308 436 692 1541 1404 300 
309 437 685 1474 1311 279 
310 469 631 1428 1267 273 
311 439 590 1361 1261 259 
312 416 542 1309 1178 260 
313 409 525 1288 1118 257 
314 398 521 1222 1055 254 
315 390 503 1229 1021 242 
316 367 497 1192 968 239 
317 352 461 1125 928 223 
318 351 433 1108 898 206 
319 315 423 1081 858 194 
320 290 389 1036 819 185 
321 290 370 988 794 185 
322 285 362 971 743 183 
323 277 352 903 713 173 
324 288 361 849 700 150 
325 266 325 790 666 142 
326 236 297 778 656 139 
327 246 269 717 629 137 
328 252 270 686 642 120 
329 256 258 661 619 126 
330 230 252 593 612 117 
331 227 241 597 585 110 
332 199 241 578 561 96 
333 186 222 546 522 93 
334 184 231 517 504 94 
335 157 223 471 520 90 
336 132 201 449 503 96 
337 124 203 431 465 87 
338 123 210 421 447 86 
339 121 196 412 410 76 
340 112 202 415 398 72 
341 108 204 366 375 76 
342 107 185 360 360 73 
343 93 173 351 366 77 
344 77 181 373 337 74 
345 79 173 335 316 64 
346 80 155 315 308 57 
347 76 137 328 293 59 
348 65 138 321 272 57 
349 65 123 305 246 59 
350 49 108 299 228 55 
351 47 102 274 211 53 
352 43 87 248 200 62 
353 43 101 238 200 62 
354 48 93 230 179 56 
355 50 95 220 166 62 
356 44 89 218 159 61 
357 42 90 213 142 50 
358 45 89 210 131 51 
359 44 89 196 140 47 
360 42 83 215 151 43 
361 42 80 199 144 39 
362 43 82 200 139 35 
363 44 92 181 136 35 
364 47 90 172 123 36 
365 49 79 170 112 36 
366 48 78 156 103 32 
367 48 67 141 115 32 
368 51 61 138 118 25 
369 50 51 114 118 22 
370 44 55 119 110 16 
371 46 53 123 89 13 
372 48 53 122 97 15 
373 45 55 115 82 12 
374 38 50 92 82 5 
375 31 48 105 98 5 
376 28 45 107 98 7 
377 29 34 109 86 9 
378 30 34 103 80 6 
379 31 41 91 74 4 
380 31 38 90 69 4 
381 23 39 77 73 2 
382 15 34 62 73 1 
383 17 39 47 59 1 
384 17 35 38 48 2 
385 17 30 38 49 2 
386 21 26 24 52 2 
387 21 23 26 42 2 
388 20 24 21 29 1 
389 21 19 21 22 0 
390 14 14 23 18 0 
391 11 11 26 19 1 
392 7 10 31 17 1 
393 8 6 23 17 1 
394 6 4 21 22 2 
395 8 5 21 27 2 
396 8 4 20 23 2 
397 6 2 19 18 4 
398 6 3 19 11 3 
399 4 3 14 11 2 
400 4 3 11 9 2 
401 4 1 14 7 2 
402 3 1 12 5 2 
403 3 1 12 9 1 
404 2 1 13 10 1 
405 2 1 16 11 0 
406 0 1 16 12 0 
407 0 1 14 12 0 
408 0 2 13 11 0 
409 0 2 16 14 0 
410 0 2 16 11 0 
411 0 3 15 8 0 
412 0 1 15 8 0 
413 0 0 13 6 0 
414 1 0 16 8 0 
415 1 0 14 10 0 
416 0 0 19 8 1 
417 0 0 17 10 0 
418 1 0 18 5 0 
419 1 0 21 5 0 
420 1 0 22 5 0 
421 1 0 20 6 0 
422 1 0 22 3 0 
423 0 0 24 2 0 
424 0 0 16 3 0 
425 0 0 15 5 0 
426 0 0 15 4 0 
427 0 1 11 5 0 
428 0 0 8 6 0 
429 0 0 9 5 0 
430 0 0 10 5 0 
431 0 0 10 4 0 
432 0 0 6 3 0 
433 0 0 4 4 0 
434 1 0 4 4 0 
435 2 0 4 3 0 
436 1 0 3 2 0 
437 1 0 2 1 0 
438 2 0 1 1 0 
439 1 0 2 0 0 
440 1 0 2 0 0 
441 1 0 2 0 0 
442 1 0 4 0 0 
443 1 0 6 0 0 
444 1 0 4 0 0 
445 2 0 4 0 0 
446 1 0 2 0 0 
447 0 0 2 0 0 
448 0 0 2 0 0 
449 0 0 1 0 0 
450 0 0 3 0 0 
451 0 0 4 0 0 
452 0 0 4 0 0 
453 0 0 3 0 0 
454 0 0 2 0 0 
455 0 0 1 0 0 
456 0 0 1 0 0 
457 0 0 1 0 0 
458 0 0 1 0 0 
459 0 0 2 0 0 
460 0 0 3 0 0 
461 0 0 2 0 0 
462 0 0 1 0 0 
463 0 0 2 0 0 
464 0 0 1 0 0 
465 0 0 0 0 0 
