1 0 6 0 0 0 
2 1 4 0 0 0 
3 0 9 0 0 0 
4 0 6 0 0 0 
5 0 3 0 0 0 
6 0 2 0 0 0 
7 0 3 0 0 0 
8 0 0 0 0 0 
9 0 2 0 1 0 
10 1 5 0 3 0 
11 1 2 0 0 0 
12 0 5 0 2 0 
13 2 5 0 0 0 
14 0 6 1 1 0 
15 0 2 2 1 0 
16 0 6 1 0 0 
17 2 4 0 1 0 
18 1 8 0 1 0 
19 0 6 2 1 0 
20 0 7 0 1 0 
21 1 6 1 3 0 
22 1 10 1 6 0 
23 3 7 4 3 0 
24 3 9 1 2 0 
25 4 15 2 5 0 
26 3 11 6 6 0 
27 4 10 2 3 0 
28 4 8 5 1 0 
29 2 15 5 5 0 
30 6 7 9 3 0 
31 1 14 5 5 0 
32 3 12 6 3 0 
33 2 15 5 2 0 
34 1 16 2 9 0 
35 5 16 1 6 0 
36 7 21 4 10 0 
37 3 20 3 5 0 
38 4 21 4 5 1 
39 4 17 5 14 1 
40 4 16 5 19 0 
41 1 20 5 12 0 
42 6 14 5 19 0 
43 3 10 5 7 0 
44 4 18 4 13 0 
45 6 15 1 12 1 
46 9 24 6 10 2 
47 9 22 3 3 2 
48 5 14 5 5 1 
49 1 20 2 9 5 
50 4 14 9 10 3 
51 4 19 5 9 3 
52 3 24 7 6 5 
53 3 21 10 11 2 
54 5 15 14 6 4 
55 2 13 1 17 2 
56 2 17 9 13 1 
57 1 16 8 13 4 
58 4 19 7 13 0 
59 5 17 11 15 2 
60 1 11 10 12 0 
61 2 11 5 17 0 
62 3 28 4 12 0 
63 3 22 11 11 0 
64 2 27 4 20 0 
65 4 14 12 15 0 
66 4 28 2 29 1 
67 3 31 10 14 0 
68 4 42 8 18 3 
69 6 43 12 21 2 
70 2 33 18 17 2 
71 6 50 13 21 1 
72 6 38 12 19 2 
73 8 32 21 14 1 
74 6 34 21 32 1 
75 12 36 13 32 0 
76 4 38 13 38 1 
77 4 41 15 27 1 
78 9 42 24 32 3 
79 12 39 29 19 2 
80 8 44 27 28 2 
81 9 35 23 22 3 
82 9 53 22 24 3 
83 12 48 26 30 3 
84 10 47 36 30 0 
85 28 59 33 33 2 
86 15 69 29 31 0 
87 19 52 31 35 1 
88 11 75 34 45 0 
89 17 68 30 53 0 
90 14 62 37 60 5 
91 10 88 41 54 1 
92 19 89 45 63 3 
93 20 76 45 81 5 
94 21 81 37 75 6 
95 28 100 54 91 4 
96 14 90 53 98 5 
97 39 118 50 115 1 
98 37 102 64 110 1 
99 41 118 52 119 3 
100 45 139 62 121 1 
101 39 155 60 134 4 
102 42 165 84 135 2 
103 31 169 84 161 3 
104 46 161 97 147 5 
105 38 188 108 169 2 
106 46 172 99 128 3 
107 33 206 101 160 4 
108 36 229 101 193 5 
109 50 213 118 186 9 
110 46 239 138 173 12 
111 59 249 123 174 11 
112 51 272 141 198 12 
113 70 272 134 202 13 
114 57 286 138 205 14 
115 69 275 124 230 15 
116 72 351 170 244 12 
117 81 318 157 275 23 
118 81 373 178 280 27 
119 86 386 202 265 23 
120 85 413 205 292 25 
121 101 405 189 334 22 
122 111 457 234 329 25 
123 102 450 205 359 19 
124 120 504 252 355 25 
125 104 524 302 374 21 
126 127 547 254 378 28 
127 141 607 296 383 18 
128 148 587 352 402 34 
129 139 745 362 451 40 
130 140 759 364 459 45 
131 148 756 348 476 59 
132 166 780 423 506 50 
133 194 824 371 544 56 
134 194 849 474 586 61 
135 205 911 420 619 68 
136 234 925 465 616 77 
137 223 1051 498 624 91 
138 255 1050 512 617 79 
139 209 1067 514 703 99 
140 246 1123 550 732 108 
141 236 1174 565 757 109 
142 243 1275 662 786 113 
143 282 1365 687 832 142 
144 272 1419 749 865 126 
145 292 1496 772 934 136 
146 334 1469 785 921 179 
147 334 1555 840 1002 179 
148 354 1582 919 1094 205 
149 379 1684 931 1115 192 
150 400 1814 1033 1181 188 
151 426 1909 1126 1183 207 
152 404 2013 1125 1275 227 
153 407 2055 1238 1348 240 
154 463 2084 1236 1369 255 
155 436 2132 1328 1481 251 
156 509 2165 1355 1599 269 
157 544 2356 1437 1672 309 
158 550 2425 1547 1622 316 
159 578 2456 1610 1755 341 
160 560 2510 1696 1843 316 
161 605 2678 1761 1908 324 
162 656 2711 1832 2028 340 
163 695 2839 1964 2112 336 
164 713 2841 2069 2235 345 
165 732 2840 2156 2289 389 
166 752 3045 2216 2371 415 
167 788 3161 2216 2483 410 
168 828 3244 2359 2681 426 
169 848 3394 2471 2559 421 
170 903 3342 2469 2681 452 
171 964 3477 2666 2812 477 
172 977 3584 2755 2930 476 
173 947 3598 2852 2974 522 
174 1099 3547 2980 3074 542 
175 1093 3730 3039 3266 579 
176 1104 3834 3067 3387 599 
177 1134 3895 3208 3449 575 
178 1154 4010 3455 3487 639 
179 1244 3976 3419 3615 600 
180 1260 3962 3581 3670 657 
181 1364 4086 3636 3734 663 
182 1363 4122 3889 3964 653 
183 1401 4131 3920 4018 675 
184 1473 4139 4015 4114 679 
185 1430 4198 4183 4338 663 
186 1396 4228 4295 4371 740 
187 1477 4219 4203 4537 724 
188 1511 4164 4374 4605 761 
189 1566 4121 4411 4563 791 
190 1539 4135 4430 4706 837 
191 1594 4221 4683 4881 816 
192 1552 4325 4719 5045 818 
193 1587 4298 4766 4873 837 
194 1685 4130 4836 4954 866 
195 1634 4322 4770 5102 841 
196 1759 4214 4755 5127 894 
197 1692 4225 4913 4971 899 
198 1749 4017 4895 5167 874 
199 1708 3955 4987 5115 896 
200 1752 4035 5025 5171 946 
201 1714 3892 5008 5302 961 
202 1660 3839 5067 5274 1009 
203 1631 3842 4998 5261 970 
204 1681 3724 4999 5269 1045 
205 1695 3631 5106 5196 977 
206 1649 3629 5088 5197 980 
207 1689 3538 5161 5159 993 
208 1700 3403 5173 5043 995 
209 1632 3394 5038 5068 1010 
210 1635 3292 5123 5106 1005 
211 1580 3343 5001 4873 1003 
212 1715 3205 5033 4970 1010 
213 1506 3130 4934 4904 1054 
214 1592 3014 4878 4832 991 
215 1568 2873 4895 4804 992 
216 1596 2885 4814 4797 1019 
217 1520 2729 4806 4632 1033 
218 1540 2757 4947 4683 922 
219 1585 2720 4687 4560 1005 
220 1528 2519 4604 4441 923 
221 1505 2564 4630 4433 873 
222 1472 2562 4487 4392 853 
223 1485 2465 4539 4263 875 
224 1345 2401 4364 4178 872 
225 1416 2261 4374 4103 905 
226 1384 2168 4145 4068 843 
227 1304 2100 4125 3846 841 
228 1365 2094 4012 3769 828 
229 1292 1978 4048 3734 815 
230 1264 2005 3821 3647 822 
231 1180 1825 3742 3570 776 
232 1210 1844 3702 3607 768 
233 1132 1762 3736 3373 742 
234 1079 1712 3575 3323 755 
235 1144 1610 3402 3239 718 
236 1092 1590 3401 3075 666 
237 1013 1465 3292 3006 694 
238 1031 1407 3139 2882 619 
239 915 1504 3050 2780 631 
240 936 1390 3018 2623 634 
241 905 1343 2820 2525 598 
242 854 1259 2779 2502 573 
243 854 1221 2565 2456 570 
244 826 1227 2511 2267 527 
245 720 1180 2450 2284 516 
246 779 1076 2385 2193 515 
247 771 1126 2277 2171 484 
248 717 987 2269 2181 492 
249 666 987 2165 2059 464 
250 654 929 2028 1915 441 
251 659 872 2001 1803 469 
252 581 830 1948 1833 468 
253 590 851 1885 1754 401 
254 573 770 1818 1661 435 
255 563 800 1771 1583 383 
256 543 682 1719 1468 391 
257 500 695 1660 1492 352 
258 480 707 1531 1403 355 
259 475 663 1524 1295 349 
260 469 651 1421 1269 310 
261 458 637 1404 1250 312 
262 434 614 1404 1292 306 
263 397 566 1368 1222 299 
264 373 538 1248 1182 287 
265 375 536 1227 1070 282 
266 391 544 1194 1051 245 
267 392 480 1199 970 236 
268 358 488 1069 935 213 
269 360 446 1062 904 219 
270 320 463 1059 838 200 
271 358 472 1064 842 191 
272 330 414 986 766 184 
273 324 424 887 793 176 
274 291 376 869 704 175 
275 257 372 840 641 158 
276 268 330 803 646 172 
277 256 340 755 619 138 
278 228 322 744 601 130 
279 228 320 724 574 143 
280 182 289 646 539 112 
281 186 296 648 529 137 
282 175 279 594 476 112 
283 176 263 554 476 102 
284 170 253 533 483 79 
285 171 267 575 420 86 
286 156 237 465 432 96 
287 154 226 504 372 95 
288 162 213 490 379 84 
289 172 207 488 373 71 
290 154 178 414 393 64 
291 138 190 415 322 79 
292 145 177 411 355 68 
293 118 146 394 356 72 
294 122 158 368 281 88 
295 117 162 370 289 66 
296 98 144 393 272 70 
297 97 112 365 275 80 
298 89 122 335 253 75 
299 99 122 298 221 48 
300 90 95 305 202 61 
301 101 105 266 218 62 
302 85 82 283 219 47 
303 66 88 273 192 44 
304 75 73 261 164 34 
305 81 73 212 168 30 
306 77 90 245 176 22 
307 63 78 217 182 21 
308 60 84 179 191 34 
309 46 77 191 181 18 
310 42 62 187 185 23 
311 45 65 190 169 28 
312 59 48 167 148 20 
313 56 58 161 120 23 
314 41 50 149 132 31 
315 44 60 128 141 25 
316 48 70 142 124 22 
317 29 51 158 104 21 
318 44 48 121 86 26 
319 48 43 136 91 22 
320 32 49 137 83 20 
321 32 53 127 71 21 
322 39 42 116 80 25 
323 38 47 114 66 18 
324 38 45 106 68 14 
325 29 42 94 77 15 
326 31 38 85 67 14 
327 33 38 91 79 13 
328 26 41 96 67 16 
329 28 42 107 56 12 
330 28 28 95 56 14 
331 21 47 95 71 16 
332 25 31 72 49 6 
333 25 21 85 50 7 
334 24 31 78 52 8 
335 32 33 73 50 12 
336 21 25 73 46 6 
337 22 20 64 64 3 
338 24 20 72 39 11 
339 25 26 52 53 7 
340 26 23 63 33 7 
341 19 24 47 34 9 
342 24 25 42 29 8 
343 19 18 58 33 11 
344 26 18 44 13 8 
345 14 18 58 26 9 
346 10 23 51 29 9 
347 18 20 50 34 8 
348 9 17 45 24 7 
349 9 16 38 37 6 
350 13 20 48 23 3 
351 17 17 49 29 1 
352 14 23 45 33 4 
353 12 15 44 24 3 
354 7 18 33 31 5 
355 11 22 37 24 1 
356 4 13 36 38 1 
357 4 22 25 22 4 
358 9 15 32 23 2 
359 5 7 31 8 2 
360 8 7 36 18 2 
361 13 10 37 16 2 
362 8 9 25 12 2 
363 6 14 24 13 1 
364 9 6 15 19 2 
365 7 10 28 19 1 
366 2 4 19 18 2 
367 8 11 24 14 1 
368 4 7 32 15 3 
369 3 5 18 12 3 
370 8 6 20 18 2 
371 1 7 23 13 2 
372 3 7 22 13 0 
373 4 6 21 6 1 
374 0 5 15 11 0 
375 2 5 13 7 0 
376 3 3 11 7 2 
377 0 3 18 4 2 
378 4 1 19 8 0 
379 4 1 16 7 1 
380 7 0 16 6 1 
381 5 1 23 9 0 
382 5 2 13 4 0 
383 2 1 9 10 1 
384 2 3 15 4 1 
385 5 3 5 4 0 
386 3 0 8 6 1 
387 1 0 8 7 3 
388 3 0 9 8 1 
389 1 0 6 4 1 
390 1 0 10 5 3 
391 0 0 8 5 1 
392 2 0 7 4 0 
393 2 0 11 3 0 
394 2 0 10 0 1 
395 1 0 12 0 0 
396 4 1 6 2 0 
397 1 1 7 0 0 
398 2 0 6 2 0 
399 3 4 4 1 0 
400 0 1 2 0 0 
401 2 0 4 0 0 
402 0 1 3 0 0 
403 2 0 2 0 0 
404 0 1 1 0 0 
405 0 0 1 0 0 
406 1 1 0 0 0 
407 0 0 1 0 0 
408 0 1 2 0 0 
409 0 0 2 0 0 
410 2 0 6 0 0 
411 0 1 1 0 0 
412 0 1 1 0 0 
413 0 0 0 1 0 
414 2 0 0 0 0 
415 1 0 0 0 0 
416 2 0 0 2 0 
417 0 0 0 1 0 
418 0 0 0 0 0 
419 0 0 0 1 0 
420 0 0 0 0 0 
421 0 0 1 2 0 
422 0 0 3 0 0 
423 0 0 1 0 0 
424 0 0 0 0 0 
425 0 0 2 0 0 
426 0 0 0 0 0 
427 0 0 2 0 0 
428 0 0 1 0 0 
429 0 0 0 0 0 
430 0 0 1 0 0 
431 0 0 2 0 0 
432 0 0 0 0 0 
433 0 0 1 0 0 
434 0 0 2 0 0 
435 0 0 1 1 0 
436 0 0 1 1 0 
437 0 0 1 1 0 
438 0 0 1 0 0 
439 0 0 2 0 0 
440 0 0 1 0 0 
441 0 0 0 0 0 
442 0 0 1 0 0 
443 0 0 0 0 0 
444 0 0 1 0 0 
445 0 0 0 0 0 
446 0 0 2 0 0 
447 0 0 0 0 0 
448 0 0 0 0 0 
449 0 0 1 0 0 
450 0 0 0 0 0 
