1 0 12 0 0 0 
2 0 11 0 0 0 
3 0 9 0 0 0 
4 1 10 0 0 0 
5 1 12 0 0 0 
6 1 12 0 0 0 
7 0 14 0 0 0 
8 0 16 1 0 0 
9 0 11 0 0 0 
10 0 17 0 0 0 
11 1 19 0 3 0 
12 0 17 0 2 0 
13 0 21 0 1 0 
14 0 23 0 1 0 
15 0 23 0 1 0 
16 1 16 0 2 0 
17 2 25 0 1 0 
18 1 25 1 3 0 
19 1 28 1 2 0 
20 2 25 1 4 0 
21 3 28 1 4 0 
22 2 29 1 7 0 
23 3 33 4 8 0 
24 6 28 4 7 0 
25 6 30 4 4 0 
26 4 37 4 5 0 
27 3 39 7 7 0 
28 2 42 4 8 0 
29 2 44 6 9 0 
30 4 52 6 11 0 
31 5 45 9 14 0 
32 3 47 10 13 0 
33 2 49 10 18 0 
34 1 55 9 17 0 
35 2 62 8 11 0 
36 3 60 8 12 0 
37 3 68 8 12 0 
38 6 76 6 16 0 
39 8 72 12 22 0 
40 11 76 12 20 0 
41 13 83 19 19 0 
42 11 89 20 18 2 
43 9 91 17 24 2 
44 9 86 19 35 2 
45 9 88 24 31 2 
46 10 96 24 40 2 
47 10 94 25 40 4 
48 8 84 34 51 5 
49 10 84 38 52 4 
50 12 102 39 53 2 
51 19 117 41 51 2 
52 20 143 44 48 4 
53 23 148 44 52 4 
54 21 158 48 57 5 
55 20 200 57 58 6 
56 21 217 61 57 9 
57 25 240 59 65 13 
58 31 235 62 69 14 
59 36 268 69 84 13 
60 38 314 57 88 10 
61 39 318 63 98 10 
62 37 359 83 117 11 
63 43 371 105 128 11 
64 41 402 107 145 8 
65 51 416 120 150 5 
66 57 411 129 142 8 
67 69 427 127 145 8 
68 75 467 128 148 9 
69 81 468 135 154 10 
70 84 481 146 160 13 
71 97 510 147 164 9 
72 100 546 165 166 8 
73 112 594 182 185 7 
74 115 628 182 209 9 
75 121 651 193 224 11 
76 112 670 228 242 12 
77 123 671 228 273 18 
78 125 709 236 295 21 
79 134 757 273 328 24 
80 129 792 291 332 24 
81 136 839 309 366 24 
82 149 903 319 386 24 
83 151 939 340 401 23 
84 168 1008 358 402 28 
85 163 1064 375 427 23 
86 186 1132 413 418 27 
87 195 1157 396 445 38 
88 180 1193 443 483 45 
89 181 1235 489 478 42 
90 212 1277 509 486 37 
91 230 1325 530 533 50 
92 247 1412 579 560 49 
93 274 1483 640 612 61 
94 283 1516 675 679 76 
95 304 1579 664 738 83 
96 306 1626 679 787 93 
97 322 1671 747 814 97 
98 349 1806 767 855 124 
99 362 1927 806 890 134 
100 385 2019 889 954 157 
101 421 2143 898 1052 166 
102 436 2247 983 1073 169 
103 442 2360 1030 1158 172 
104 479 2495 1113 1204 199 
105 504 2562 1201 1254 218 
106 543 2745 1230 1319 220 
107 566 2838 1304 1404 245 
108 586 3047 1323 1494 251 
109 622 3188 1383 1625 279 
110 643 3284 1399 1636 290 
111 693 3372 1426 1743 303 
112 738 3520 1524 1871 319 
113 742 3656 1634 1942 357 
114 741 3829 1750 2031 363 
115 775 4014 1943 2112 369 
116 816 4208 2064 2225 393 
117 851 4406 2189 2362 461 
118 862 4573 2355 2550 463 
119 886 4811 2395 2692 459 
120 916 5029 2542 2803 490 
121 951 5224 2715 2910 506 
122 1016 5388 2895 3015 543 
123 1049 5508 3053 3115 595 
124 1120 5695 3250 3245 629 
125 1121 5969 3377 3417 638 
126 1177 6187 3532 3642 726 
127 1250 6406 3827 3850 721 
128 1352 6532 3996 3953 793 
129 1422 6718 4145 4148 821 
130 1493 6870 4258 4484 796 
131 1615 7096 4436 4747 801 
132 1687 7213 4604 4931 851 
133 1797 7430 4858 5038 853 
134 1834 7577 5102 5194 864 
135 1912 7999 5362 5481 894 
136 1991 8324 5633 5736 958 
137 2037 8573 5862 5902 1004 
138 2102 8690 6114 6102 1054 
139 2213 8955 6281 6278 1074 
140 2240 9165 6500 6546 1130 
141 2337 9391 6765 6844 1173 
142 2359 9613 6932 7153 1260 
143 2461 9859 7208 7545 1256 
144 2549 10074 7503 7852 1372 
145 2673 10227 7897 8176 1383 
146 2846 10386 8058 8520 1460 
147 2943 10476 8354 8791 1521 
148 3089 10678 8675 9145 1549 
149 3096 10949 8829 9492 1539 
150 3140 11186 9239 9781 1600 
151 3187 11363 9525 9950 1624 
152 3298 11560 9864 10187 1631 
153 3410 11665 10341 10517 1650 
154 3461 11705 10642 10766 1770 
155 3489 11765 10938 11112 1803 
156 3675 11914 11114 11224 1859 
157 3680 12009 11491 11470 1954 
158 3753 12143 11816 11725 2055 
159 3852 12228 12014 12032 2165 
160 4029 12147 12253 12347 2241 
161 4021 12234 12549 12715 2282 
162 4060 12407 12770 12806 2312 
163 4207 12295 13117 13143 2370 
164 4271 12312 13427 13239 2367 
165 4345 12383 13593 13463 2405 
166 4325 12294 13845 13614 2442 
167 4408 12064 14024 13867 2465 
168 4467 11971 14228 14173 2517 
169 4543 11953 14417 14497 2492 
170 4682 11914 14621 14572 2561 
171 4633 11908 14826 14629 2665 
172 4729 11967 14900 15046 2721 
173 4728 11896 15059 15118 2789 
174 4738 11596 15130 15209 2788 
175 4805 11538 15252 15201 2887 
176 4999 11329 15249 15384 2929 
177 4974 11178 15258 15424 3008 
178 4982 11106 15345 15524 3087 
179 5014 10862 15322 15611 3082 
180 5011 10647 15266 15537 2909 
181 5053 10454 15166 15507 2933 
182 5069 10216 15122 15475 2905 
183 5059 10011 15071 15483 2936 
184 4988 9845 15023 15189 2977 
185 4909 9533 14957 15002 3109 
186 4896 9251 14844 14777 3095 
187 4825 9117 14704 14636 3041 
188 4819 8959 14575 14348 2979 
189 4760 8735 14544 14224 2958 
190 4645 8578 14279 14175 2966 
191 4592 8316 14373 14085 2887 
192 4588 8006 14321 13909 2884 
193 4676 7755 14267 13653 2835 
194 4650 7584 14237 13479 2802 
195 4506 7401 14037 13076 2818 
196 4382 7286 13836 12853 2754 
197 4295 7095 13562 12615 2693 
198 4266 6899 13406 12288 2594 
199 4167 6742 13195 12101 2563 
200 4027 6500 12929 11962 2584 
201 3906 6264 12732 11728 2525 
202 3761 5993 12472 11429 2446 
203 3731 5864 12166 11418 2418 
204 3681 5559 12058 11183 2394 
205 3668 5485 11719 10854 2274 
206 3535 5439 11348 10536 2237 
207 3521 5262 11064 10180 2205 
208 3438 5050 10806 9916 2139 
209 3390 4862 10515 9558 2041 
210 3272 4663 10291 9313 1933 
211 3213 4487 10048 9271 1881 
212 3121 4354 9792 8910 1881 
213 3068 4162 9568 8654 1847 
214 2973 4018 9270 8405 1819 
215 2886 3859 9017 7980 1825 
216 2790 3771 8760 7752 1785 
217 2741 3626 8546 7536 1708 
218 2581 3502 8433 7392 1652 
219 2488 3462 8137 7244 1637 
220 2381 3409 7885 7034 1603 
221 2275 3279 7679 6879 1541 
222 2250 3141 7463 6712 1435 
223 2164 3041 7245 6524 1370 
224 2036 2934 6916 6307 1344 
225 1941 2836 6812 6078 1319 
226 1878 2720 6507 5856 1255 
227 1875 2662 6335 5699 1207 
228 1776 2607 6094 5462 1135 
229 1748 2554 5955 5313 1122 
230 1717 2424 5787 5105 1110 
231 1647 2311 5636 5014 1027 
232 1597 2268 5352 4860 1022 
233 1561 2198 5159 4691 969 
234 1516 2142 4983 4544 918 
235 1492 2076 4856 4350 911 
236 1508 1989 4723 4178 879 
237 1445 1915 4547 3967 856 
238 1389 1850 4387 3785 836 
239 1339 1726 4106 3684 773 
240 1311 1615 3881 3525 730 
241 1287 1490 3728 3376 702 
242 1230 1444 3611 3287 651 
243 1154 1392 3440 3179 621 
244 1105 1361 3259 3056 615 
245 1056 1327 3127 2971 596 
246 994 1242 2999 2891 581 
247 931 1186 2839 2803 581 
248 892 1137 2711 2662 552 
249 878 1101 2552 2499 500 
250 870 1041 2437 2452 473 
251 849 971 2325 2325 480 
252 860 975 2160 2276 482 
253 833 938 2091 2226 476 
254 784 848 1980 2173 466 
255 726 831 1912 2027 470 
256 696 788 1893 1945 486 
257 718 737 1806 1779 453 
258 666 735 1693 1735 432 
259 646 710 1571 1665 414 
260 613 691 1563 1613 408 
261 570 690 1470 1542 397 
262 532 678 1372 1516 363 
263 500 655 1320 1402 344 
264 477 633 1269 1294 324 
265 486 617 1199 1272 296 
266 488 629 1176 1182 291 
267 462 619 1180 1118 273 
268 429 616 1105 1070 261 
269 361 575 1066 1035 235 
270 359 571 988 947 246 
271 359 537 957 881 230 
272 339 492 894 869 213 
273 315 477 927 843 195 
274 289 461 855 814 185 
275 279 439 838 792 200 
276 247 398 804 758 174 
277 258 387 800 703 168 
278 252 393 761 681 155 
279 250 370 733 631 145 
280 235 352 671 623 128 
281 231 326 627 620 133 
282 206 296 620 618 118 
283 202 271 571 605 115 
284 207 248 540 575 120 
285 195 239 532 548 114 
286 175 249 501 534 108 
287 172 241 472 518 110 
288 159 236 444 513 111 
289 149 225 416 485 123 
290 153 212 410 477 123 
291 142 204 419 466 113 
292 132 204 409 427 101 
293 126 218 402 411 98 
294 126 187 372 390 87 
295 127 198 380 375 82 
296 132 205 348 388 75 
297 126 200 341 372 70 
298 128 177 313 348 67 
299 127 157 327 354 52 
300 115 145 318 343 50 
301 109 141 312 318 51 
302 97 141 285 304 52 
303 86 140 303 290 54 
304 91 144 282 284 47 
305 100 148 267 254 50 
306 91 135 250 244 53 
307 83 124 236 236 48 
308 79 116 226 219 38 
309 70 117 215 201 34 
310 70 134 220 206 33 
311 79 120 207 182 27 
312 83 120 197 158 18 
313 75 126 181 148 19 
314 74 119 156 144 18 
315 80 117 132 144 15 
316 68 110 123 129 10 
317 63 101 109 123 8 
318 60 102 108 122 7 
319 58 101 107 119 10 
320 61 99 104 103 10 
321 60 94 107 108 9 
322 64 87 93 102 6 
323 62 87 93 99 6 
324 62 84 98 89 8 
325 60 77 101 104 6 
326 46 73 106 94 4 
327 49 77 95 99 6 
328 48 71 93 96 5 
329 49 75 89 98 7 
330 42 69 85 96 7 
331 39 66 78 86 9 
332 30 51 69 92 11 
333 23 45 64 74 11 
334 31 57 62 73 9 
335 28 52 67 69 6 
336 21 40 66 64 7 
337 24 47 58 59 7 
338 22 38 44 52 10 
339 22 33 36 50 10 
340 16 27 44 49 8 
341 10 28 30 44 9 
342 10 29 32 32 5 
343 13 22 32 40 4 
344 9 21 33 32 4 
345 10 13 31 29 8 
346 13 15 30 25 12 
347 11 15 32 25 10 
348 11 17 31 23 9 
349 16 14 32 21 11 
350 14 13 37 20 9 
351 9 17 30 18 8 
352 9 19 27 18 7 
353 7 20 22 15 9 
354 9 17 15 17 11 
355 6 18 15 17 8 
356 5 17 14 20 6 
357 6 19 12 22 5 
358 5 14 12 26 4 
359 8 11 9 21 6 
360 9 10 7 20 6 
361 8 12 7 23 5 
362 11 14 6 19 0 
363 16 11 6 17 0 
364 18 7 3 15 1 
365 19 6 3 15 0 
366 18 4 5 15 0 
367 17 5 7 14 0 
368 14 9 8 16 0 
369 13 8 6 21 0 
370 13 10 6 24 0 
371 11 8 10 26 0 
372 14 6 11 21 0 
373 14 5 15 21 0 
374 11 6 16 18 0 
375 12 7 16 17 0 
376 5 7 15 14 1 
377 4 8 21 11 1 
378 5 5 26 8 2 
379 5 4 27 12 4 
380 6 5 27 11 4 
381 5 5 25 7 3 
382 4 9 21 6 1 
383 2 11 21 7 1 
384 2 10 21 8 1 
385 4 9 20 9 0 
386 3 6 18 5 0 
387 4 9 19 6 0 
388 3 8 16 5 0 
389 2 7 17 5 0 
390 1 6 14 6 0 
391 1 4 15 5 0 
392 1 3 14 3 0 
393 0 2 9 3 0 
394 0 3 10 3 0 
395 0 4 13 2 0 
396 1 2 6 3 0 
397 1 2 5 2 1 
398 1 4 6 5 0 
399 1 3 5 4 0 
400 1 3 5 2 0 
401 2 3 5 2 0 
402 1 0 5 3 0 
403 1 0 2 2 0 
404 1 0 1 3 0 
405 2 0 0 3 0 
406 2 0 0 1 0 
407 1 0 0 1 0 
408 1 0 0 2 0 
409 1 0 0 1 0 
410 1 0 0 1 0 
411 1 0 0 0 0 
412 1 0 0 0 0 
413 0 0 0 0 0 
