1 0 2 0 0 0 
2 0 2 0 0 0 
3 0 3 1 0 0 
4 0 1 1 0 0 
5 0 1 0 0 0 
6 0 2 1 0 0 
7 0 2 2 0 0 
8 0 3 0 0 0 
9 0 4 0 0 0 
10 0 3 1 0 0 
11 0 3 1 0 0 
12 0 8 0 0 0 
13 0 5 1 0 0 
14 0 7 1 0 0 
15 1 10 0 1 0 
16 0 10 0 0 0 
17 1 10 3 0 0 
18 1 9 4 1 1 
19 0 15 3 0 0 
20 0 14 6 0 0 
21 0 16 4 0 2 
22 1 16 5 0 1 
23 0 12 2 0 1 
24 0 10 7 0 0 
25 3 13 4 0 0 
26 3 12 9 1 0 
27 2 10 5 0 0 
28 2 14 15 1 0 
29 3 13 5 0 0 
30 1 11 12 1 1 
31 2 18 11 2 0 
32 4 12 20 1 0 
33 1 15 10 2 0 
34 2 16 11 1 0 
35 4 13 22 4 1 
36 7 24 19 5 0 
37 3 16 14 3 1 
38 3 16 18 6 0 
39 1 22 9 3 0 
40 1 18 11 1 0 
41 0 23 14 4 1 
42 5 19 12 3 0 
43 6 20 16 5 1 
44 6 14 19 1 2 
45 12 22 27 6 0 
46 6 13 19 8 0 
47 8 18 20 8 0 
48 8 32 15 15 1 
49 6 25 25 9 0 
50 5 24 22 11 0 
51 5 23 26 13 1 
52 13 32 16 14 1 
53 7 24 15 11 1 
54 8 25 20 11 0 
55 6 39 22 12 0 
56 6 35 17 17 2 
57 4 31 21 15 1 
58 6 36 16 19 1 
59 7 37 17 16 0 
60 6 42 27 23 0 
61 8 36 24 13 1 
62 6 29 27 18 1 
63 8 25 35 19 4 
64 9 45 35 20 0 
65 9 43 26 19 1 
66 12 42 30 19 3 
67 9 39 22 32 7 
68 10 50 18 32 2 
69 8 54 32 27 4 
70 10 56 30 21 6 
71 8 55 28 31 5 
72 16 75 30 45 3 
73 16 66 27 43 3 
74 15 79 36 34 3 
75 17 92 44 38 6 
76 16 74 36 36 4 
77 17 86 41 41 8 
78 19 87 41 38 4 
79 17 92 65 40 9 
80 26 102 53 31 12 
81 25 121 37 46 10 
82 36 113 53 44 8 
83 33 139 61 42 15 
84 14 124 99 41 12 
85 25 133 71 63 14 
86 28 128 93 71 7 
87 27 186 89 65 14 
88 29 186 94 64 13 
89 33 193 113 73 14 
90 28 201 117 103 16 
91 37 213 121 79 13 
92 32 208 114 74 14 
93 38 257 125 112 16 
94 43 255 121 115 17 
95 47 272 136 135 16 
96 61 283 141 139 19 
97 43 323 159 131 19 
98 54 277 162 161 15 
99 67 334 154 130 8 
100 68 321 191 158 16 
101 64 341 183 150 11 
102 81 336 186 170 9 
103 81 372 193 216 15 
104 75 339 197 233 17 
105 96 361 190 213 21 
106 96 397 197 246 21 
107 95 405 234 259 14 
108 121 501 258 297 38 
109 132 463 307 284 41 
110 127 520 304 328 44 
111 124 554 275 379 34 
112 136 604 315 370 45 
113 172 585 345 387 47 
114 152 613 344 423 35 
115 152 657 368 400 41 
116 162 688 381 471 42 
117 149 684 399 481 38 
118 184 714 466 521 47 
119 185 760 465 550 55 
120 212 821 482 556 47 
121 221 769 509 591 58 
122 223 877 607 624 50 
123 214 934 599 626 63 
124 222 1055 592 677 73 
125 246 1082 612 723 76 
126 227 1100 653 733 85 
127 258 1088 626 822 89 
128 291 1130 712 815 96 
129 322 1229 751 851 116 
130 344 1341 767 880 94 
131 323 1411 755 945 99 
132 337 1409 870 964 134 
133 346 1468 855 1008 113 
134 384 1592 948 1065 126 
135 385 1639 921 1149 149 
136 415 1589 1033 1185 151 
137 414 1755 1105 1218 136 
138 452 1740 1222 1279 173 
139 483 1803 1222 1363 163 
140 509 1946 1286 1423 171 
141 526 2057 1387 1516 173 
142 545 2187 1459 1584 211 
143 544 2201 1446 1643 200 
144 563 2172 1560 1764 240 
145 629 2440 1661 1733 213 
146 628 2384 1707 1966 258 
147 668 2602 1776 2050 308 
148 684 2517 1874 2214 293 
149 697 2631 1912 2295 283 
150 757 2737 2005 2376 309 
151 793 2894 2030 2386 342 
152 744 2893 2076 2419 331 
153 809 3059 2214 2630 360 
154 858 3224 2315 2758 345 
155 828 3332 2428 2741 404 
156 902 3315 2630 2857 411 
157 971 3284 2624 2947 396 
158 933 3490 2616 2973 444 
159 953 3503 2791 3180 438 
160 1063 3499 2936 3356 487 
161 1059 3518 2996 3494 465 
162 1059 3773 3141 3500 515 
163 1101 3884 3173 3607 510 
164 1033 3794 3348 3706 516 
165 1243 3867 3390 3808 565 
166 1285 4118 3528 3985 611 
167 1200 4074 3696 4085 592 
168 1330 4012 3812 4220 625 
169 1373 4103 4000 4425 655 
170 1335 4169 4158 4437 680 
171 1452 4169 4087 4634 728 
172 1428 4251 4133 4575 788 
173 1361 4141 4327 4686 793 
174 1482 4295 4287 4683 817 
175 1547 4310 4593 4863 781 
176 1626 4216 4496 4922 805 
177 1491 4431 4554 4953 848 
178 1532 4328 4603 5060 845 
179 1653 4287 4798 5178 901 
180 1697 4248 4974 5213 894 
181 1660 4211 4957 5138 905 
182 1652 4123 5042 5221 923 
183 1683 4138 5132 5170 1015 
184 1760 4113 5095 5310 964 
185 1705 4192 5205 5202 1042 
186 1742 4064 5386 5128 949 
187 1758 4173 5185 5288 1039 
188 1709 4019 5371 5107 997 
189 1757 4092 5328 5277 1011 
190 1744 3877 5328 5326 965 
191 1843 3864 5479 5182 1014 
192 1834 3780 5388 5212 1007 
193 1702 3701 5366 5248 930 
194 1718 3769 5290 5195 926 
195 1744 3652 5171 5199 985 
196 1586 3433 5062 5464 950 
197 1738 3506 5223 5108 952 
198 1620 3460 5109 5163 924 
199 1698 3446 5103 5046 972 
200 1672 3331 5062 4899 915 
201 1613 3292 4985 4865 955 
202 1638 3101 5033 4820 936 
203 1610 3050 4812 4838 909 
204 1640 3029 4880 4618 913 
205 1526 2904 4830 4524 901 
206 1497 2782 4795 4595 919 
207 1556 2717 4784 4334 873 
208 1492 2674 4721 4420 881 
209 1465 2442 4612 4326 905 
210 1400 2474 4382 4202 839 
211 1453 2401 4312 4037 859 
212 1433 2352 4278 4049 835 
213 1332 2226 4180 3896 743 
214 1307 2132 4235 3931 818 
215 1264 2125 3991 3840 768 
216 1248 1990 3870 3653 788 
217 1290 1946 3783 3559 717 
218 1191 1876 3683 3440 682 
219 1116 1754 3620 3299 665 
220 1065 1672 3627 3217 663 
221 1023 1735 3541 3069 639 
222 998 1707 3431 3037 647 
223 1014 1663 3325 2852 673 
224 1036 1555 3224 2934 612 
225 1003 1536 3135 2828 635 
226 910 1500 3068 2736 645 
227 970 1365 3025 2680 582 
228 897 1339 2878 2585 561 
229 868 1292 2794 2398 566 
230 805 1245 2735 2304 522 
231 812 1122 2736 2216 532 
232 783 1100 2456 2150 489 
233 746 1056 2436 2108 551 
234 719 1024 2370 2088 490 
235 684 1058 2369 2037 458 
236 733 965 2201 1919 453 
237 630 950 2138 1810 418 
238 604 871 2078 1774 427 
239 613 849 2038 1702 406 
240 607 864 1862 1695 412 
241 574 846 1865 1558 386 
242 555 793 1756 1624 358 
243 564 777 1720 1571 368 
244 559 753 1714 1458 340 
245 510 710 1689 1433 365 
246 454 703 1502 1302 317 
247 482 665 1528 1282 296 
248 515 630 1437 1341 290 
249 486 641 1391 1210 280 
250 468 602 1380 1174 296 
251 415 554 1315 1116 275 
252 411 496 1181 1113 251 
253 400 497 1110 1024 245 
254 379 514 1128 987 261 
255 375 497 1101 975 229 
256 294 472 979 861 205 
257 314 456 1050 897 211 
258 328 445 943 785 219 
259 302 380 937 820 202 
260 277 416 872 791 188 
261 250 338 878 748 200 
262 246 352 827 706 178 
263 232 335 819 729 181 
264 243 301 818 595 172 
265 251 253 748 622 162 
266 237 302 739 570 130 
267 240 272 678 563 152 
268 187 255 668 533 143 
269 179 249 672 500 135 
270 204 252 598 442 142 
271 190 229 613 421 151 
272 175 223 557 445 136 
273 190 223 526 394 130 
274 174 210 485 406 135 
275 179 208 502 394 109 
276 162 197 465 423 98 
277 157 189 462 389 114 
278 133 155 474 345 105 
279 121 155 399 337 82 
280 148 160 382 304 87 
281 141 176 420 277 84 
282 139 140 380 281 75 
283 128 148 394 296 90 
284 114 128 334 270 72 
285 95 134 307 282 68 
286 81 112 313 261 75 
287 117 138 297 275 59 
288 108 93 296 223 55 
289 83 106 253 225 60 
290 85 93 240 210 61 
291 81 102 271 211 56 
292 66 101 266 217 53 
293 60 100 273 177 44 
294 63 96 235 176 52 
295 75 68 249 166 43 
296 64 72 238 169 38 
297 69 81 242 158 36 
298 75 69 203 161 49 
299 71 58 194 136 30 
300 52 57 197 125 41 
301 50 50 140 119 41 
302 71 51 133 113 38 
303 52 69 125 128 35 
304 43 57 144 103 34 
305 54 46 125 107 28 
306 58 44 116 111 26 
307 40 45 112 99 32 
308 35 44 110 88 25 
309 31 34 115 103 13 
310 37 48 73 86 9 
311 28 45 86 102 14 
312 30 58 90 74 13 
313 43 45 94 80 16 
314 40 33 64 73 11 
315 23 37 76 75 9 
316 38 32 55 77 13 
317 29 22 51 78 9 
318 21 32 41 54 11 
319 23 29 50 65 8 
320 24 31 42 64 9 
321 24 18 37 57 14 
322 16 30 59 54 8 
323 20 20 43 51 10 
324 18 21 39 52 9 
325 11 28 45 56 12 
326 12 10 37 56 4 
327 15 21 43 43 11 
328 4 17 53 44 4 
329 12 11 51 43 2 
330 13 13 46 31 3 
331 12 6 37 36 3 
332 9 10 44 31 7 
333 7 5 40 32 3 
334 9 5 33 37 2 
335 6 11 25 32 2 
336 4 10 32 25 3 
337 8 6 24 24 3 
338 11 5 30 30 2 
339 9 4 33 23 1 
340 5 4 35 20 0 
341 5 7 31 23 2 
342 12 8 35 21 4 
343 4 3 38 17 2 
344 3 6 30 12 2 
345 7 6 31 11 2 
346 3 4 21 11 1 
347 6 2 23 9 4 
348 4 3 17 11 0 
349 4 7 26 12 1 
350 3 9 12 10 0 
351 6 8 16 7 1 
352 3 5 8 8 0 
353 2 6 12 3 0 
354 3 8 12 5 1 
355 5 2 10 2 1 
356 4 8 6 7 1 
357 2 9 10 9 0 
358 3 11 8 6 0 
359 1 8 11 4 0 
360 3 5 5 4 1 
361 3 7 7 3 0 
362 3 7 6 5 0 
363 3 6 4 2 0 
364 1 5 3 2 0 
365 2 6 5 3 1 
366 0 2 5 5 0 
367 0 3 1 1 0 
368 1 5 2 3 0 
369 0 2 1 0 0 
370 0 2 2 1 0 
371 0 2 1 2 0 
372 0 2 0 3 0 
373 1 1 0 0 0 
374 2 0 0 3 0 
375 0 0 1 3 0 
376 2 1 0 4 0 
377 1 0 0 3 0 
378 0 1 0 1 0 
379 0 2 0 0 0 
380 1 0 0 1 0 
381 3 0 0 1 0 
382 1 0 0 0 0 
383 0 2 0 2 0 
384 0 0 0 1 0 
385 0 0 0 0 0 
386 0 0 0 0 0 
387 0 0 0 0 0 
388 2 0 0 0 0 
389 3 0 0 1 0 
390 2 0 1 1 0 
391 1 0 1 0 0 
392 1 0 0 1 0 
393 1 0 0 1 0 
394 3 1 1 1 0 
395 4 0 1 1 0 
396 1 0 0 1 0 
397 3 0 1 1 0 
398 0 0 2 0 0 
399 1 0 1 0 0 
400 0 0 0 0 0 
401 0 0 2 0 0 
402 1 0 1 1 0 
403 1 0 4 2 0 
404 0 0 2 0 0 
405 2 0 3 2 0 
406 0 0 6 2 0 
407 0 0 1 1 0 
408 0 0 4 1 0 
409 0 0 5 0 0 
410 0 0 3 1 0 
411 1 0 1 2 0 
412 0 0 4 3 0 
413 1 0 2 1 0 
414 0 0 1 3 0 
415 1 0 1 3 0 
416 0 0 2 0 0 
417 1 1 6 2 0 
418 0 0 2 0 1 
419 0 0 2 2 0 
420 1 0 0 1 0 
421 0 0 1 1 0 
422 1 0 2 1 0 
423 1 0 4 1 1 
424 1 0 7 0 0 
425 1 0 3 1 0 
426 1 0 3 0 0 
427 0 0 3 0 0 
428 0 0 6 2 0 
429 0 0 3 0 0 
430 0 0 2 0 0 
431 0 0 1 0 0 
432 0 0 1 0 0 
433 0 0 1 1 0 
434 0 0 0 0 0 
435 0 0 0 0 0 
436 0 0 0 0 0 
437 0 0 1 0 0 
438 0 0 1 0 0 
439 0 0 0 0 0 
