1 0 7 0 0 0 
2 0 7 0 0 0 
3 0 5 0 0 0 
4 0 3 0 0 0 
5 0 3 0 0 0 
6 0 3 1 0 0 
7 0 1 1 1 0 
8 0 1 0 1 0 
9 0 1 0 1 0 
10 0 2 0 0 0 
11 0 2 1 0 0 
12 1 3 1 0 0 
13 1 1 0 0 0 
14 0 2 0 0 0 
15 3 2 0 0 0 
16 1 1 0 0 0 
17 2 3 0 1 0 
18 1 3 1 0 0 
19 3 2 0 4 0 
20 3 3 4 2 0 
21 4 5 1 4 0 
22 1 2 6 1 0 
23 3 6 7 8 0 
24 3 0 1 5 1 
25 5 3 1 5 0 
26 7 5 5 5 0 
27 3 6 5 12 0 
28 7 7 3 8 0 
29 4 14 9 8 0 
30 3 13 9 7 0 
31 4 11 3 15 0 
32 3 15 6 15 1 
33 3 17 5 10 0 
34 3 21 6 21 0 
35 6 17 12 24 0 
36 10 31 8 22 0 
37 9 27 8 24 0 
38 3 38 10 26 0 
39 7 24 11 19 0 
40 9 40 12 34 1 
41 6 32 16 23 0 
42 6 36 16 22 1 
43 8 34 19 24 0 
44 10 40 17 20 0 
45 10 46 24 17 0 
46 7 30 19 20 2 
47 4 32 30 24 3 
48 8 35 26 26 6 
49 15 47 33 34 3 
50 9 50 22 29 1 
51 12 44 50 26 2 
52 7 43 39 17 3 
53 8 54 26 21 2 
54 4 48 45 30 1 
55 19 49 27 26 1 
56 9 45 38 39 0 
57 12 41 44 43 2 
58 14 59 41 43 3 
59 14 65 43 45 4 
60 22 48 44 39 2 
61 15 59 53 39 1 
62 23 57 52 39 1 
63 14 76 48 41 0 
64 23 52 66 45 0 
65 21 86 52 41 2 
66 13 103 68 45 3 
67 11 98 44 60 2 
68 12 106 63 58 4 
69 12 95 72 63 3 
70 20 107 69 71 5 
71 20 90 59 69 6 
72 14 106 74 75 3 
73 25 124 67 79 7 
74 28 118 86 81 6 
75 28 138 84 93 3 
76 31 146 95 98 8 
77 31 163 79 101 12 
78 31 142 91 107 9 
79 34 162 103 80 10 
80 42 173 94 121 8 
81 35 174 112 123 6 
82 44 168 103 122 7 
83 27 163 99 139 10 
84 41 214 108 139 11 
85 46 202 129 122 10 
86 42 206 137 155 15 
87 40 266 144 151 13 
88 34 249 129 183 21 
89 62 274 145 160 20 
90 48 284 157 159 19 
91 47 312 159 181 28 
92 73 319 164 208 19 
93 71 341 169 240 19 
94 70 325 178 232 27 
95 78 333 188 226 22 
96 65 400 205 235 23 
97 93 407 210 237 34 
98 73 416 201 246 15 
99 80 417 237 270 26 
100 85 461 237 296 22 
101 101 484 204 303 37 
102 120 493 295 304 28 
103 126 548 288 346 37 
104 129 532 303 349 38 
105 129 572 294 359 40 
106 117 601 321 385 40 
107 144 670 364 373 43 
108 135 699 377 401 32 
109 162 597 391 414 40 
110 156 676 408 488 41 
111 159 677 407 478 61 
112 188 797 440 506 51 
113 213 739 437 524 59 
114 194 803 477 590 55 
115 213 860 485 574 69 
116 193 892 520 588 70 
117 222 954 607 603 70 
118 211 938 593 681 86 
119 233 976 593 697 80 
120 220 1031 628 705 78 
121 220 1067 674 728 98 
122 252 1143 698 807 100 
123 217 1197 789 800 102 
124 273 1159 752 836 98 
125 295 1238 809 898 104 
126 289 1290 865 930 122 
127 320 1320 889 950 128 
128 350 1352 902 980 133 
129 330 1514 926 1053 132 
130 354 1623 994 1066 162 
131 427 1552 999 1143 126 
132 431 1710 1047 1219 179 
133 417 1744 1146 1271 151 
134 480 1797 1157 1332 187 
135 467 1908 1287 1382 165 
136 529 2001 1281 1483 172 
137 500 2046 1371 1562 182 
138 539 2174 1514 1677 216 
139 527 2272 1414 1683 215 
140 586 2398 1536 1792 212 
141 585 2524 1545 1827 224 
142 595 2569 1610 1871 231 
143 671 2747 1753 1945 294 
144 676 2673 1741 2072 299 
145 692 2729 1840 2174 300 
146 687 2767 1943 2273 316 
147 744 2988 2064 2314 326 
148 753 2991 2197 2324 356 
149 858 3089 2190 2497 374 
150 859 3237 2331 2605 387 
151 910 3346 2339 2649 432 
152 842 3386 2469 2755 435 
153 937 3441 2663 2758 414 
154 1020 3624 2586 2917 465 
155 1125 3692 2736 3007 477 
156 1072 3738 2870 3099 499 
157 1129 3717 2925 3242 542 
158 1040 3922 3138 3340 530 
159 1198 4040 3158 3368 553 
160 1230 3849 3170 3503 617 
161 1265 3969 3389 3570 609 
162 1289 4174 3535 3806 647 
163 1319 4160 3426 3832 682 
164 1328 4210 3787 3941 668 
165 1301 4276 3750 3966 694 
166 1403 4087 3775 4215 724 
167 1338 4106 4042 4208 724 
168 1366 4221 4014 4222 715 
169 1394 4249 4094 4256 783 
170 1457 4217 4210 4390 745 
171 1437 4122 4243 4416 903 
172 1581 4245 4403 4483 832 
173 1458 4044 4495 4559 842 
174 1438 4257 4536 4556 859 
175 1467 4128 4746 4646 912 
176 1611 4145 4724 4671 930 
177 1543 4193 4706 4864 923 
178 1620 3964 4807 4852 983 
179 1597 4118 4912 4719 927 
180 1665 4013 4960 4787 936 
181 1623 4034 5017 4924 989 
182 1636 3983 4953 4860 977 
183 1706 3917 5053 4989 930 
184 1639 3985 5040 4944 954 
185 1682 3770 5135 4993 1001 
186 1714 3759 5161 4867 977 
187 1664 3747 5174 5076 964 
188 1620 3610 5188 4957 1061 
189 1636 3585 5023 4969 1055 
190 1665 3462 5150 5037 997 
191 1636 3414 5120 5088 1043 
192 1562 3383 5231 5013 994 
193 1602 3328 5178 5110 1036 
194 1641 3209 5145 4976 1011 
195 1585 3261 5084 4923 1009 
196 1644 3113 5062 4942 975 
197 1588 3024 5084 4713 1058 
198 1622 2860 4943 4759 1037 
199 1559 2829 4870 4691 994 
200 1484 2703 4898 4647 972 
201 1554 2636 4691 4574 958 
202 1456 2591 4762 4631 948 
203 1438 2484 4661 4513 924 
204 1503 2441 4435 4425 877 
205 1369 2275 4500 4228 844 
206 1349 2290 4478 4140 845 
207 1368 2222 4433 4125 878 
208 1390 2284 4315 3904 866 
209 1257 2136 4243 3891 869 
210 1318 2090 4272 3646 801 
211 1221 1911 4193 3672 790 
212 1256 1945 4029 3638 724 
213 1291 1875 3966 3546 791 
214 1191 1775 3819 3392 733 
215 1178 1784 3734 3432 698 
216 1079 1643 3683 3360 694 
217 1106 1530 3595 3067 650 
218 1106 1512 3368 3158 701 
219 1134 1495 3397 3105 628 
220 1058 1432 3370 2909 674 
221 993 1440 3296 2950 599 
222 1005 1353 3278 2886 638 
223 1013 1378 3083 2773 626 
224 945 1292 3037 2675 624 
225 892 1244 2970 2628 601 
226 948 1151 2754 2509 542 
227 849 1140 2686 2478 499 
228 886 1064 2693 2390 514 
229 819 1046 2485 2266 501 
230 771 1043 2491 2183 480 
231 746 1015 2450 2190 495 
232 687 946 2350 2081 414 
233 702 947 2277 1936 407 
234 718 923 2093 1826 422 
235 637 889 2063 1865 385 
236 646 789 1953 1787 393 
237 627 779 1913 1723 382 
238 668 785 1816 1642 395 
239 660 692 1842 1525 354 
240 537 693 1718 1557 269 
241 603 697 1674 1445 274 
242 531 638 1610 1426 316 
243 524 642 1601 1414 279 
244 473 629 1533 1337 257 
245 461 572 1465 1219 252 
246 478 577 1318 1326 253 
247 437 599 1395 1194 230 
248 400 512 1262 1112 230 
249 391 509 1239 1145 225 
250 390 513 1225 1059 231 
251 385 464 1126 1026 217 
252 371 464 1108 948 209 
253 342 471 1084 917 197 
254 297 408 1013 855 212 
255 329 393 1003 831 196 
256 275 402 952 838 180 
257 332 374 852 802 166 
258 290 313 785 795 172 
259 272 310 810 721 157 
260 252 307 766 731 151 
261 257 311 726 667 160 
262 243 295 690 675 137 
263 223 261 674 661 153 
264 210 238 569 598 136 
265 219 239 601 591 128 
266 179 244 581 565 109 
267 187 234 510 473 109 
268 163 242 530 486 104 
269 171 219 535 450 99 
270 160 197 496 447 91 
271 149 198 474 443 100 
272 158 190 451 385 96 
273 142 174 441 379 73 
274 146 165 442 373 92 
275 132 187 409 314 93 
276 114 168 373 344 84 
277 133 144 393 360 66 
278 111 141 355 317 74 
279 101 127 350 309 60 
280 119 143 341 290 70 
281 104 148 330 292 48 
282 85 105 297 255 56 
283 81 130 306 241 66 
284 72 110 270 250 38 
285 96 106 279 217 47 
286 84 110 257 209 51 
287 83 118 229 190 53 
288 71 96 259 193 41 
289 68 93 238 190 45 
290 66 72 217 201 51 
291 69 89 210 175 41 
292 65 73 172 190 40 
293 67 72 157 156 34 
294 56 71 172 181 34 
295 60 57 150 152 37 
296 58 53 175 144 32 
297 44 69 138 137 29 
298 44 54 141 107 28 
299 37 57 128 110 32 
300 23 47 124 107 30 
301 36 37 112 111 27 
302 35 37 125 99 25 
303 31 35 89 109 31 
304 28 39 88 91 24 
305 34 35 97 94 17 
306 40 40 106 115 11 
307 31 42 91 90 16 
308 32 33 78 107 13 
309 36 30 85 105 16 
310 44 38 61 92 15 
311 28 28 68 100 8 
312 21 41 67 99 6 
313 29 32 79 110 9 
314 17 26 79 72 11 
315 25 23 71 78 15 
316 25 29 65 62 11 
317 16 32 63 75 18 
318 20 26 71 69 6 
319 11 21 59 56 7 
320 22 27 51 59 11 
321 21 25 46 66 13 
322 16 23 47 59 8 
323 15 18 59 62 4 
324 13 27 63 66 11 
325 16 21 23 50 8 
326 18 19 30 47 15 
327 20 12 33 45 13 
328 15 13 32 52 8 
329 12 16 40 32 4 
330 9 24 14 39 8 
331 13 10 20 32 7 
332 15 13 20 26 2 
333 10 17 27 26 4 
334 8 15 21 20 4 
335 10 11 20 14 2 
336 11 8 20 20 2 
337 7 10 18 29 4 
338 5 11 19 16 1 
339 8 19 9 10 2 
340 2 7 10 13 0 
341 7 11 10 22 1 
342 2 8 6 19 0 
343 3 14 6 15 0 
344 3 9 7 10 0 
345 4 8 4 17 0 
346 2 8 2 11 0 
347 5 4 4 14 0 
348 4 7 6 10 0 
349 5 9 5 7 1 
350 4 6 1 6 2 
351 3 10 5 9 1 
352 2 15 2 8 0 
353 3 4 4 4 0 
354 1 2 4 2 0 
355 1 2 2 4 1 
356 0 10 2 0 0 
357 1 5 1 7 1 
358 2 11 2 2 0 
359 0 3 3 2 0 
360 0 7 0 6 0 
361 1 7 1 3 0 
362 0 4 3 0 0 
363 1 2 4 5 0 
364 0 2 2 2 0 
365 1 1 4 2 0 
366 2 2 2 3 0 
367 2 4 7 0 0 
368 1 2 1 3 0 
369 4 1 0 0 0 
370 4 1 3 2 0 
371 1 0 1 1 0 
372 0 0 1 0 0 
373 0 0 5 0 0 
374 1 1 2 0 0 
375 0 0 1 0 0 
376 0 0 1 1 0 
377 0 0 3 0 0 
378 0 0 2 1 0 
379 0 0 2 0 0 
380 0 0 0 0 0 
381 0 0 0 0 0 
382 0 0 1 0 0 
383 0 0 0 0 0 
384 0 0 0 0 0 
385 0 0 1 0 0 
386 0 0 0 0 0 
387 0 0 5 0 0 
388 0 0 1 1 0 
389 0 0 0 0 0 
390 0 0 3 1 0 
391 0 0 3 0 0 
392 0 0 1 0 0 
393 0 0 2 1 0 
394 0 0 4 0 0 
395 0 0 1 0 0 
396 0 0 2 1 0 
397 0 0 2 0 0 
398 0 0 1 5 0 
399 0 0 3 0 0 
400 0 0 3 0 0 
401 0 0 2 0 0 
402 0 0 1 0 0 
403 0 0 1 0 0 
404 0 0 0 0 0 
405 0 0 0 0 0 
406 0 0 0 0 0 
