1 0 10 0 0 0 
2 0 12 0 0 0 
3 0 10 0 0 0 
4 0 9 0 2 0 
5 0 11 0 1 0 
6 1 11 0 1 0 
7 0 11 1 0 0 
8 1 17 2 0 0 
9 1 13 1 0 0 
10 1 16 0 0 0 
11 1 20 0 0 0 
12 1 19 0 0 0 
13 1 19 0 0 0 
14 1 15 0 2 0 
15 1 13 2 1 0 
16 0 14 1 3 0 
17 0 24 1 3 0 
18 0 25 1 6 0 
19 0 34 2 5 0 
20 1 41 2 6 0 
21 2 40 2 12 0 
22 7 46 5 12 0 
23 7 46 6 22 0 
24 8 61 7 24 1 
25 9 64 9 24 2 
26 4 72 5 26 1 
27 4 76 13 25 1 
28 4 71 18 24 1 
29 11 70 21 19 1 
30 12 62 21 20 1 
31 16 80 23 18 2 
32 14 76 21 22 5 
33 13 73 23 23 5 
34 13 80 26 21 4 
35 16 83 26 22 5 
36 22 81 31 26 6 
37 24 91 38 28 5 
38 26 92 36 39 5 
39 22 107 45 38 3 
40 27 107 44 30 2 
41 28 115 39 34 3 
42 29 119 41 38 3 
43 30 124 48 40 6 
44 35 110 43 40 7 
45 35 103 35 44 8 
46 35 113 34 52 7 
47 36 126 42 60 10 
48 46 138 35 65 9 
49 48 159 42 69 14 
50 52 175 44 74 11 
51 57 163 55 84 8 
52 63 161 48 89 8 
53 56 178 49 99 4 
54 67 187 57 103 9 
55 66 202 55 119 9 
56 64 213 60 105 12 
57 65 214 77 107 22 
58 70 210 81 116 23 
59 65 214 83 122 29 
60 51 219 85 124 29 
61 56 225 91 132 34 
62 54 235 97 136 40 
63 52 234 105 140 35 
64 53 254 107 149 32 
65 50 272 118 159 34 
66 55 316 127 161 30 
67 59 319 135 155 31 
68 59 335 149 157 40 
69 68 360 159 183 43 
70 71 344 182 181 54 
71 65 328 182 201 45 
72 73 342 217 217 56 
73 88 360 234 221 54 
74 90 387 237 232 59 
75 103 409 246 243 53 
76 101 443 239 301 46 
77 115 476 260 289 58 
78 136 481 273 308 58 
79 130 527 298 314 61 
80 144 573 329 353 60 
81 143 584 321 362 68 
82 150 603 350 369 74 
83 152 621 349 428 71 
84 154 633 382 481 66 
85 159 652 428 517 74 
86 163 661 442 508 91 
87 170 672 478 548 84 
88 179 697 473 569 97 
89 196 740 510 617 101 
90 191 764 534 666 126 
91 218 765 610 715 147 
92 227 771 640 743 154 
93 245 858 692 791 171 
94 259 872 715 860 170 
95 252 936 749 901 174 
96 267 1010 836 905 189 
97 275 1042 896 956 202 
98 290 1119 893 995 194 
99 319 1113 886 1042 205 
100 318 1158 927 1066 203 
101 344 1259 940 1095 220 
102 359 1340 991 1180 211 
103 388 1346 1037 1330 234 
104 396 1408 1126 1427 238 
105 399 1498 1166 1506 258 
106 435 1590 1261 1628 270 
107 440 1618 1327 1714 310 
108 485 1660 1343 1781 326 
109 474 1726 1415 1925 335 
110 466 1828 1509 1964 360 
111 456 1884 1578 2037 381 
112 515 2035 1708 2094 423 
113 525 2164 1827 2110 448 
114 549 2307 1908 2216 495 
115 562 2441 2026 2322 483 
116 612 2533 2106 2400 488 
117 679 2682 2191 2480 491 
118 736 2815 2321 2573 514 
119 731 2915 2456 2641 531 
120 778 3064 2558 2735 545 
121 822 3257 2662 2770 559 
122 848 3445 2859 2882 570 
123 900 3585 3027 3015 579 
124 930 3842 3143 3167 611 
125 980 3963 3287 3281 615 
126 1057 4104 3429 3396 646 
127 1081 4299 3559 3604 666 
128 1127 4528 3673 3684 714 
129 1193 4654 3880 3858 735 
130 1275 4871 4011 4054 797 
131 1321 5110 4229 4182 845 
132 1393 5328 4462 4358 872 
133 1454 5553 4675 4573 916 
134 1601 5769 4918 4732 954 
135 1687 6015 5087 4901 999 
136 1739 6259 5236 5118 1066 
137 1839 6559 5456 5441 1092 
138 1909 6813 5669 5654 1114 
139 1964 7181 5936 5924 1162 
140 2033 7483 6166 6074 1171 
141 2100 7757 6398 6268 1196 
142 2227 8164 6589 6495 1272 
143 2282 8290 6808 6737 1272 
144 2327 8577 7060 7061 1308 
145 2441 8715 7472 7334 1300 
146 2548 9065 7829 7694 1349 
147 2570 9343 8173 7968 1377 
148 2643 9412 8460 8169 1402 
149 2777 9606 8729 8575 1466 
150 2894 9933 8979 8867 1510 
151 3068 10242 9138 9226 1569 
152 3267 10496 9280 9460 1592 
153 3427 10701 9744 9784 1614 
154 3473 10864 10014 10119 1703 
155 3582 11179 10308 10396 1783 
156 3622 11420 10465 10608 1787 
157 3682 11519 10787 10864 1847 
158 3699 11724 10996 11132 1822 
159 3786 11954 11054 11394 1868 
160 3879 12162 11439 11800 1911 
161 3934 12315 11694 12125 1969 
162 4057 12480 11829 12353 1913 
163 4208 12504 12216 12501 1910 
164 4229 12564 12313 12640 1949 
165 4250 12750 12548 13004 1949 
166 4268 12909 12794 13283 2020 
167 4333 12929 12938 13740 2103 
168 4395 12932 13290 14021 2228 
169 4627 12966 13386 14223 2284 
170 4659 13000 13526 14464 2336 
171 4588 12972 13800 14659 2385 
172 4747 12865 13885 14824 2399 
173 4810 12910 14088 14949 2442 
174 4842 12834 14228 15005 2555 
175 4847 12946 14466 15085 2592 
176 4870 12947 14649 15052 2590 
177 4985 12699 14914 15188 2632 
178 5026 12483 14910 15217 2648 
179 5042 12328 14844 15363 2713 
180 5059 12094 14894 15444 2730 
181 5059 11864 14842 15370 2736 
182 5009 11665 14869 15375 2743 
183 5075 11572 14763 15325 2740 
184 5075 11272 14740 15387 2794 
185 5126 11177 14864 15358 2795 
186 5069 10949 14834 15426 2855 
187 4979 10857 14815 15305 2808 
188 4942 10628 14701 15271 2846 
189 4891 10413 14610 15321 2903 
190 4765 10218 14573 15116 2976 
191 4714 9984 14527 14875 2877 
192 4727 9761 14414 14719 2836 
193 4590 9452 14236 14587 2853 
194 4537 9151 13918 14484 2794 
195 4552 8807 13673 14180 2762 
196 4544 8697 13493 13925 2697 
197 4472 8580 13200 13637 2676 
198 4390 8375 13083 13327 2605 
199 4399 8103 12987 13153 2561 
200 4363 7829 12920 12962 2508 
201 4230 7579 12748 12596 2439 
202 4168 7291 12562 12359 2393 
203 4108 7115 12294 12223 2316 
204 3972 6816 12119 11858 2265 
205 3866 6563 12043 11770 2256 
206 3738 6383 11787 11423 2269 
207 3726 6196 11548 11192 2203 
208 3658 6096 11303 10872 2151 
209 3714 5913 10945 10729 2073 
210 3618 5737 10711 10487 1997 
211 3494 5558 10504 10207 1990 
212 3362 5344 10207 9949 1944 
213 3266 5212 9876 9636 1924 
214 3153 5062 9581 9317 1833 
215 3029 4954 9291 9008 1774 
216 2893 4746 9024 8828 1712 
217 2773 4547 8693 8606 1657 
218 2729 4449 8400 8389 1617 
219 2667 4247 8135 8262 1566 
220 2593 4039 7873 7991 1511 
221 2544 3922 7798 7708 1514 
222 2441 3801 7563 7501 1481 
223 2332 3672 7301 7282 1448 
224 2273 3459 7042 7024 1414 
225 2224 3310 6739 6734 1383 
226 2141 3142 6666 6407 1352 
227 2138 3030 6370 6224 1350 
228 2046 2920 6237 5965 1268 
229 1996 2802 6055 5663 1214 
230 1906 2776 5894 5361 1206 
231 1888 2679 5735 5081 1178 
232 1843 2604 5548 4877 1148 
233 1801 2464 5410 4753 1097 
234 1685 2416 5190 4556 1060 
235 1677 2344 5090 4374 1009 
236 1615 2236 4803 4176 1013 
237 1553 2190 4667 4007 1013 
238 1524 2108 4425 3872 967 
239 1445 1960 4278 3781 893 
240 1379 1889 4047 3644 866 
241 1310 1800 3873 3473 851 
242 1260 1738 3764 3340 827 
243 1189 1669 3667 3242 792 
244 1157 1622 3555 3057 797 
245 1104 1555 3384 2979 773 
246 1076 1501 3247 2887 716 
247 1048 1398 3145 2822 670 
248 958 1359 3031 2733 647 
249 926 1334 2917 2606 648 
250 913 1292 2855 2551 632 
251 884 1230 2754 2435 616 
252 857 1161 2676 2341 576 
253 843 1120 2597 2268 561 
254 771 1122 2476 2150 564 
255 762 1045 2388 2022 539 
256 723 968 2215 1932 533 
257 672 901 2031 1871 514 
258 688 838 1968 1792 493 
259 661 792 1910 1704 483 
260 606 768 1872 1615 458 
261 572 720 1818 1550 452 
262 517 700 1779 1479 447 
263 482 688 1675 1431 418 
264 437 654 1636 1400 404 
265 444 610 1555 1329 397 
266 420 573 1537 1310 391 
267 412 533 1472 1212 351 
268 400 499 1393 1208 324 
269 371 480 1367 1172 332 
270 367 477 1329 1129 330 
271 349 460 1301 1045 306 
272 364 433 1235 999 317 
273 330 401 1173 939 298 
274 316 391 1105 886 290 
275 294 386 1062 861 282 
276 284 378 996 810 268 
277 256 358 951 756 261 
278 239 356 955 744 231 
279 237 340 927 712 216 
280 227 340 893 666 218 
281 230 335 854 643 230 
282 207 310 811 638 213 
283 188 293 770 589 211 
284 203 281 701 585 189 
285 202 284 669 519 184 
286 190 280 625 502 173 
287 186 292 608 477 167 
288 167 272 567 427 176 
289 159 264 534 436 169 
290 151 275 563 430 162 
291 148 245 561 423 143 
292 153 244 556 421 143 
293 160 252 522 415 143 
294 152 227 498 403 129 
295 149 204 481 404 121 
296 158 197 447 390 113 
297 158 189 413 384 110 
298 146 171 437 368 102 
299 137 171 420 358 84 
300 144 153 409 336 72 
301 130 141 381 311 69 
302 124 132 361 284 73 
303 126 126 335 273 77 
304 116 118 299 257 78 
305 112 105 280 256 76 
306 102 96 284 258 70 
307 102 89 267 223 57 
308 94 79 254 202 47 
309 94 79 244 191 35 
310 89 73 236 164 26 
311 87 71 239 166 27 
312 85 76 225 156 28 
313 78 75 211 152 34 
314 67 70 194 139 32 
315 69 77 198 135 29 
316 60 79 181 128 26 
317 49 72 173 112 28 
318 48 66 162 104 26 
319 37 66 152 107 31 
320 39 57 129 112 30 
321 43 49 113 99 26 
322 44 45 106 96 31 
323 40 36 100 88 39 
324 38 36 113 88 37 
325 42 38 103 79 28 
326 31 38 96 73 23 
327 29 33 100 72 21 
328 31 28 97 70 22 
329 33 33 96 55 21 
330 34 39 92 55 26 
331 32 38 78 55 20 
332 26 40 80 48 23 
333 23 37 70 53 26 
334 23 37 57 56 25 
335 22 37 53 56 21 
336 21 35 45 56 17 
337 22 30 38 55 15 
338 21 25 40 44 13 
339 20 27 35 40 9 
340 13 25 29 37 7 
341 11 21 31 33 6 
342 11 26 30 37 3 
343 14 25 26 32 2 
344 13 27 29 24 4 
345 16 35 22 22 6 
346 11 36 15 18 5 
347 8 40 13 17 6 
348 6 35 11 14 8 
349 8 28 10 14 12 
350 8 20 17 16 9 
351 7 23 14 14 10 
352 8 26 11 11 9 
353 11 26 6 9 9 
354 10 20 6 9 8 
355 9 20 7 7 9 
356 9 13 5 5 7 
357 6 11 1 7 8 
358 5 14 0 4 7 
359 3 13 0 5 8 
360 3 15 0 4 6 
361 2 13 0 3 3 
362 3 13 0 2 3 
363 3 11 1 2 4 
364 4 8 1 2 3 
365 7 10 1 5 2 
366 9 8 2 8 2 
367 9 7 3 9 1 
368 10 6 4 6 1 
369 6 6 1 7 1 
370 7 5 1 7 2 
371 6 7 1 7 1 
372 5 7 2 5 2 
373 6 11 1 4 3 
374 3 5 1 4 3 
375 3 2 0 3 2 
376 2 3 0 2 1 
377 1 3 0 1 2 
378 1 1 1 2 3 
379 0 1 2 2 2 
380 0 0 3 3 1 
381 0 0 3 3 2 
382 2 0 3 4 1 
383 1 0 4 3 1 
384 1 0 2 1 1 
385 1 0 3 1 0 
386 0 0 3 0 0 
387 0 0 3 0 0 
388 0 0 2 0 0 
389 0 0 1 0 0 
390 0 0 2 0 0 
391 0 0 3 0 0 
392 0 0 2 0 0 
393 0 0 1 0 0 
394 0 0 1 0 0 
395 0 0 3 0 0 
396 0 0 3 0 0 
397 0 0 3 0 0 
398 0 0 2 0 0 
399 0 0 2 0 0 
400 0 0 2 0 0 
401 0 0 0 0 0 
