1 0 1 0 0 0 
2 0 1 0 0 0 
3 0 2 0 0 0 
4 0 4 0 0 0 
5 0 5 0 0 0 
6 0 2 0 2 0 
7 0 4 0 1 0 
8 0 2 0 0 1 
9 1 4 0 0 0 
10 0 4 0 0 0 
11 0 4 0 0 0 
12 0 7 0 0 0 
13 2 8 0 0 0 
14 2 9 0 0 0 
15 0 6 1 1 0 
16 0 4 0 1 0 
17 0 7 0 2 0 
18 0 6 0 2 0 
19 0 10 1 4 0 
20 3 5 0 3 0 
21 1 12 0 1 0 
22 0 7 1 2 1 
23 1 10 1 3 1 
24 3 14 0 1 0 
25 0 14 1 4 1 
26 2 11 0 1 2 
27 1 17 0 1 2 
28 3 19 3 2 4 
29 2 19 4 6 7 
30 3 15 1 2 8 
31 4 11 5 2 8 
32 1 8 5 3 9 
33 5 19 5 1 11 
34 2 14 5 5 6 
35 4 35 9 4 15 
36 3 25 3 3 11 
37 4 31 4 11 11 
38 2 35 3 12 12 
39 4 34 5 5 12 
40 7 27 5 18 14 
41 8 41 15 13 6 
42 6 29 16 10 15 
43 8 25 11 6 13 
44 5 39 17 3 20 
45 10 46 21 4 11 
46 9 35 20 8 17 
47 11 43 14 5 16 
48 11 57 15 7 21 
49 11 61 17 15 9 
50 12 59 20 16 13 
51 14 71 21 15 11 
52 11 74 26 14 20 
53 15 85 19 23 16 
54 16 103 21 15 16 
55 27 82 29 23 17 
56 10 107 29 28 20 
57 23 115 36 27 25 
58 27 105 35 31 27 
59 20 114 41 34 20 
60 21 121 31 28 25 
61 22 122 58 35 20 
62 24 134 40 33 18 
63 32 140 44 52 23 
64 17 118 55 55 34 
65 33 162 50 53 27 
66 28 168 83 55 26 
67 36 179 91 67 34 
68 38 191 78 60 29 
69 33 211 90 68 39 
70 29 189 85 79 34 
71 43 198 102 66 34 
72 30 264 98 95 34 
73 50 235 98 98 39 
74 34 234 88 111 36 
75 43 294 112 117 45 
76 59 291 125 110 39 
77 54 275 139 146 41 
78 62 288 117 149 59 
79 79 323 150 146 40 
80 92 343 177 161 41 
81 85 309 151 149 48 
82 81 339 163 189 49 
83 80 398 180 181 58 
84 79 385 176 223 63 
85 85 389 192 228 61 
86 81 471 206 208 61 
87 95 454 242 257 71 
88 90 551 235 228 62 
89 101 527 273 250 82 
90 97 520 290 271 85 
91 107 601 304 283 80 
92 113 582 333 327 91 
93 114 580 346 341 86 
94 133 616 353 351 90 
95 148 693 362 414 95 
96 138 690 392 365 91 
97 146 739 425 367 99 
98 127 730 444 445 103 
99 155 830 459 427 112 
100 131 858 450 497 131 
101 163 896 525 494 133 
102 202 1008 524 525 140 
103 184 1064 571 523 145 
104 204 1051 598 563 148 
105 227 1067 674 624 143 
106 220 1146 614 598 152 
107 261 1195 721 627 170 
108 229 1244 707 703 143 
109 235 1270 750 780 141 
110 292 1348 830 811 173 
111 295 1427 832 834 176 
112 323 1535 864 834 177 
113 304 1632 990 888 174 
114 368 1587 998 920 179 
115 359 1675 1023 1036 192 
116 387 1784 1093 1031 188 
117 395 1903 1049 1103 202 
118 416 1958 1161 1257 211 
119 444 2033 1140 1251 197 
120 474 2089 1208 1300 196 
121 477 2194 1301 1371 228 
122 515 2249 1361 1449 219 
123 519 2356 1405 1548 285 
124 556 2503 1538 1649 239 
125 605 2552 1587 1696 255 
126 637 2665 1626 1804 275 
127 642 2823 1650 1937 272 
128 720 2872 1794 2023 313 
129 721 3055 1782 2065 321 
130 778 3124 2042 2203 329 
131 837 3194 1991 2168 319 
132 801 3183 2118 2372 354 
133 851 3402 2156 2459 407 
134 886 3458 2282 2469 392 
135 890 3538 2413 2688 440 
136 983 3729 2525 2761 479 
137 931 3672 2589 2749 476 
138 1029 3822 2647 2901 435 
139 1009 3868 2745 2958 513 
140 1000 3932 2958 3027 515 
141 1088 3991 3017 3194 537 
142 1140 4046 3025 3276 531 
143 1187 4113 3186 3364 543 
144 1217 4211 3215 3512 593 
145 1167 4138 3431 3730 609 
146 1268 4034 3469 3719 611 
147 1296 4222 3574 3776 596 
148 1414 4190 3711 3994 633 
149 1344 4194 3826 4052 669 
150 1376 4262 3818 4282 674 
151 1405 4251 4064 4095 721 
152 1424 4267 4143 4360 718 
153 1481 4279 4179 4488 666 
154 1472 4318 4292 4445 724 
155 1504 4400 4412 4739 726 
156 1559 4473 4553 4738 777 
157 1567 4309 4610 4756 748 
158 1597 4209 4795 4861 837 
159 1577 4184 4816 4883 797 
160 1626 4200 4896 4881 812 
161 1656 4140 5007 5015 865 
162 1630 4126 5107 4972 882 
163 1684 3991 5215 5033 819 
164 1694 4007 5186 5162 886 
165 1730 3957 4973 5236 961 
166 1762 3816 5149 5272 917 
167 1841 3754 5213 5441 944 
168 1723 3690 5201 5260 925 
169 1804 3679 5287 5420 954 
170 1813 3435 5314 5330 940 
171 1747 3573 5316 5352 934 
172 1707 3451 5339 5373 904 
173 1733 3304 5254 5295 931 
174 1724 3274 5412 5454 933 
175 1743 3132 5470 5320 1011 
176 1663 3151 5416 5207 985 
177 1697 2989 5362 5074 979 
178 1755 3055 5328 5204 952 
179 1654 2947 5111 5115 939 
180 1707 2942 5160 5027 964 
181 1673 2844 5102 5038 923 
182 1610 2814 5001 4940 939 
183 1725 2701 4970 4858 878 
184 1557 2601 4927 4856 878 
185 1555 2681 4944 4840 839 
186 1517 2588 4716 4752 894 
187 1421 2583 4841 4653 846 
188 1527 2361 4542 4660 848 
189 1384 2289 4583 4492 858 
190 1547 2335 4603 4512 873 
191 1421 2151 4394 4329 865 
192 1369 2024 4332 4364 813 
193 1402 2026 4090 4206 867 
194 1334 1929 4102 4107 792 
195 1300 1822 4029 3960 810 
196 1284 1861 4007 3852 765 
197 1328 1786 3939 3893 807 
198 1254 1760 3846 3584 726 
199 1181 1757 3816 3573 681 
200 1151 1624 3688 3497 753 
201 1184 1642 3434 3265 717 
202 1152 1544 3200 3339 715 
203 1064 1521 3308 3109 681 
204 1136 1429 3218 3042 667 
205 1028 1402 3146 2987 672 
206 1029 1294 3011 2894 666 
207 984 1247 2954 2805 620 
208 954 1197 2811 2603 667 
209 851 1186 2811 2564 580 
210 919 1146 2719 2516 611 
211 798 1111 2550 2439 546 
212 757 1113 2549 2309 531 
213 727 1072 2471 2245 531 
214 770 1014 2277 2218 445 
215 668 970 2214 2126 430 
216 674 967 2172 1978 437 
217 635 908 2181 1942 373 
218 584 851 2060 1840 391 
219 615 932 1948 1815 386 
220 597 839 1881 1775 327 
221 599 804 1794 1733 329 
222 559 844 1741 1540 331 
223 543 734 1744 1508 329 
224 501 726 1697 1459 342 
225 498 674 1626 1476 285 
226 489 632 1523 1366 272 
227 436 616 1481 1298 232 
228 415 584 1436 1225 259 
229 473 595 1378 1215 224 
230 405 550 1336 1218 209 
231 402 524 1337 1183 213 
232 382 529 1288 1097 221 
233 370 536 1198 1046 198 
234 346 492 1194 1005 200 
235 340 458 1100 871 174 
236 327 461 1076 939 169 
237 347 484 1033 905 220 
238 302 387 959 867 165 
239 265 386 873 853 153 
240 296 386 832 783 154 
241 250 366 811 836 151 
242 253 333 825 737 164 
243 290 299 780 695 134 
244 210 300 735 680 142 
245 217 308 711 658 119 
246 224 273 702 651 106 
247 199 233 638 606 132 
248 209 204 634 579 105 
249 210 198 592 544 92 
250 191 223 595 506 105 
251 165 218 544 512 112 
252 163 211 533 497 86 
253 178 186 499 492 81 
254 177 178 457 426 91 
255 124 143 452 414 84 
256 127 146 425 406 69 
257 115 165 394 358 60 
258 112 168 425 379 67 
259 130 147 416 331 80 
260 114 147 379 353 88 
261 85 117 351 309 66 
262 99 143 369 287 58 
263 90 132 375 288 65 
264 97 114 317 297 64 
265 104 140 319 266 46 
266 96 114 326 271 50 
267 81 111 278 258 47 
268 84 101 288 212 36 
269 82 95 266 226 48 
270 94 90 263 252 42 
271 85 94 231 207 39 
272 54 100 255 216 40 
273 69 86 246 194 44 
274 77 77 211 208 42 
275 52 81 230 205 34 
276 59 85 218 181 30 
277 58 81 176 157 43 
278 57 75 208 154 34 
279 65 81 185 156 33 
280 72 73 154 146 35 
281 52 78 169 159 51 
282 57 49 186 136 37 
283 49 64 155 124 34 
284 47 45 157 140 36 
285 40 55 137 102 19 
286 48 41 136 106 25 
287 38 45 131 94 35 
288 49 43 119 87 24 
289 35 37 106 87 28 
290 28 47 115 82 10 
291 19 38 104 83 21 
292 20 53 93 75 29 
293 32 45 85 55 28 
294 24 38 92 48 20 
295 20 48 75 74 18 
296 22 40 62 81 17 
297 18 39 69 57 21 
298 12 33 63 54 12 
299 11 46 65 49 12 
300 9 37 68 48 10 
301 8 32 55 41 17 
302 18 33 66 34 16 
303 17 28 57 35 18 
304 16 23 55 33 17 
305 18 36 46 27 15 
306 17 34 44 33 18 
307 14 32 48 30 17 
308 14 38 31 37 13 
309 16 27 42 34 13 
310 15 17 38 29 16 
311 18 13 27 24 15 
312 11 19 23 21 12 
313 13 18 24 31 11 
314 9 14 38 33 10 
315 20 26 34 26 10 
316 19 25 24 23 10 
317 13 16 32 24 11 
318 8 14 28 20 6 
319 7 15 24 20 11 
320 11 12 22 36 7 
321 3 11 17 22 9 
322 5 12 22 22 4 
323 5 12 27 19 5 
324 8 13 22 17 7 
325 12 13 21 14 4 
326 6 10 16 13 3 
327 11 14 19 17 1 
328 8 11 11 12 3 
329 9 13 19 12 5 
330 4 11 12 9 6 
331 5 16 15 9 3 
332 9 9 10 7 3 
333 2 7 16 5 4 
334 8 10 13 7 1 
335 5 7 10 8 1 
336 7 4 13 1 5 
337 3 5 8 6 3 
338 4 2 13 3 1 
339 5 3 10 1 4 
340 5 3 11 6 4 
341 2 0 11 10 1 
342 2 4 14 7 1 
343 3 1 8 12 2 
344 1 4 6 5 0 
345 7 3 7 3 1 
346 5 1 6 6 2 
347 4 6 5 3 1 
348 6 5 7 5 2 
349 4 3 3 1 4 
350 1 3 3 4 0 
351 5 3 4 8 0 
352 4 2 5 7 2 
353 2 1 3 4 0 
354 2 0 7 5 2 
355 0 2 4 4 0 
356 1 4 5 3 0 
357 0 2 1 7 0 
358 0 1 3 7 1 
359 1 0 5 3 0 
360 0 1 4 4 0 
361 4 0 4 1 0 
362 2 0 1 7 0 
363 2 1 2 2 0 
364 3 1 1 1 0 
365 0 3 2 2 0 
366 1 1 1 4 0 
367 1 0 4 2 0 
368 0 0 2 1 0 
369 3 0 2 6 0 
370 2 0 2 2 0 
371 0 0 4 2 0 
372 1 0 3 2 0 
373 0 0 4 2 0 
374 1 0 1 1 0 
375 0 0 2 0 1 
376 0 0 0 1 1 
377 0 0 1 1 2 
378 0 0 0 0 0 
379 0 0 0 1 0 
380 0 0 0 0 0 
381 0 0 0 0 0 
382 0 0 0 0 0 
383 0 0 0 0 0 
384 0 0 0 1 0 
385 0 0 0 2 0 
386 0 0 0 0 0 
387 0 0 0 1 0 
388 0 0 0 0 0 
389 0 0 0 0 0 
