1 0 13 0 0 0 
2 0 15 0 0 0 
3 0 21 0 0 0 
4 0 27 0 0 0 
5 1 19 0 2 0 
6 1 20 2 1 0 
7 1 15 2 2 0 
8 1 18 0 2 0 
9 0 25 1 1 0 
10 1 22 1 3 0 
11 1 22 0 5 0 
12 2 23 0 3 0 
13 1 26 0 7 0 
14 0 24 0 6 0 
15 5 28 0 8 0 
16 7 28 1 9 0 
17 5 32 2 8 0 
18 3 41 1 10 0 
19 3 42 0 12 1 
20 2 49 0 13 2 
21 2 56 0 16 1 
22 4 53 1 14 1 
23 8 53 0 15 0 
24 15 51 0 18 0 
25 14 54 0 18 0 
26 14 61 0 16 0 
27 19 60 0 12 0 
28 18 70 4 12 0 
29 22 72 6 19 0 
30 15 71 10 18 0 
31 15 82 17 19 0 
32 19 78 16 21 0 
33 20 82 20 24 0 
34 21 73 17 16 0 
35 29 78 23 16 0 
36 29 89 21 20 0 
37 29 105 20 23 0 
38 21 126 17 25 2 
39 17 120 18 29 1 
40 18 118 17 35 1 
41 25 122 19 42 2 
42 23 124 20 45 2 
43 23 149 17 46 2 
44 24 147 21 58 2 
45 27 163 19 63 3 
46 27 167 27 62 1 
47 32 181 33 83 2 
48 28 212 36 78 4 
49 30 240 30 97 7 
50 32 259 34 100 9 
51 38 289 34 104 9 
52 38 324 28 110 8 
53 53 330 34 112 11 
54 44 348 39 121 12 
55 41 377 41 124 13 
56 38 404 51 127 12 
57 44 422 56 138 7 
58 53 427 64 146 7 
59 58 448 93 178 14 
60 68 497 113 191 14 
61 69 541 125 197 11 
62 68 582 136 193 12 
63 73 666 145 184 15 
64 83 703 168 180 17 
65 93 725 196 187 19 
66 91 693 219 210 14 
67 91 726 216 191 18 
68 96 753 231 193 21 
69 104 788 267 200 17 
70 102 828 295 221 21 
71 119 839 336 221 27 
72 135 836 377 265 28 
73 112 890 376 309 33 
74 136 933 365 347 41 
75 172 978 394 365 52 
76 187 1015 422 387 56 
77 205 1041 436 389 52 
78 188 1041 429 403 54 
79 199 1117 422 429 46 
80 207 1155 420 441 44 
81 207 1192 437 489 44 
82 215 1230 475 488 48 
83 222 1244 524 529 55 
84 212 1310 547 535 57 
85 215 1423 573 601 64 
86 221 1467 592 658 71 
87 244 1534 614 701 81 
88 263 1597 640 743 97 
89 276 1675 671 750 111 
90 273 1781 694 809 134 
91 298 1924 756 824 140 
92 332 1968 809 878 134 
93 338 2072 873 875 128 
94 342 2166 926 923 121 
95 393 2280 1004 968 130 
96 422 2394 1110 1019 148 
97 443 2438 1170 1102 162 
98 483 2552 1238 1201 169 
99 495 2649 1280 1232 184 
100 532 2775 1387 1262 175 
101 522 2930 1472 1347 178 
102 560 3110 1516 1468 182 
103 619 3252 1617 1544 183 
104 640 3455 1715 1614 202 
105 681 3659 1832 1660 214 
106 709 3779 1934 1752 250 
107 739 3957 1984 1876 249 
108 765 4079 2123 1955 246 
109 818 4220 2250 2052 271 
110 876 4394 2327 2170 274 
111 922 4503 2418 2281 265 
112 953 4655 2541 2448 310 
113 1015 4772 2632 2505 367 
114 1081 4926 2728 2710 381 
115 1094 5111 2839 2844 387 
116 1138 5363 3014 2942 413 
117 1153 5578 3121 3046 435 
118 1166 5690 3168 3241 455 
119 1204 5962 3305 3351 475 
120 1233 6210 3411 3474 510 
121 1229 6361 3622 3567 508 
122 1307 6546 3810 3702 505 
123 1361 6895 3917 3881 520 
124 1459 7033 4008 4011 556 
125 1538 7350 4149 4186 572 
126 1622 7533 4348 4373 620 
127 1666 7756 4704 4591 667 
128 1775 8068 4915 4789 701 
129 1873 8215 5044 4987 747 
130 1971 8433 5374 5216 777 
131 2080 8866 5615 5451 799 
132 2127 9054 5779 5554 830 
133 2241 9229 5930 5694 895 
134 2258 9689 6236 6081 929 
135 2317 9841 6547 6320 985 
136 2361 10037 6783 6615 1038 
137 2417 10393 7172 6805 1065 
138 2490 10339 7368 6968 1074 
139 2646 10565 7574 7188 1165 
140 2696 10642 7914 7519 1169 
141 2797 10830 8162 7720 1220 
142 2864 11009 8367 7914 1261 
143 2918 10934 8628 8317 1316 
144 3001 10997 8976 8542 1355 
145 3105 11213 9316 8835 1400 
146 3167 11472 9513 9173 1462 
147 3281 11507 9675 9504 1494 
148 3295 11640 9968 9949 1529 
149 3358 11707 10353 10122 1607 
150 3495 11761 10790 10367 1633 
151 3607 11737 11153 10596 1691 
152 3717 11907 11579 10940 1777 
153 3945 11871 11812 11294 1924 
154 4066 11961 12079 11743 1978 
155 4111 11990 12391 11973 2058 
156 4181 11974 12751 12216 2106 
157 4172 11878 13022 12594 2267 
158 4209 11790 13250 12799 2319 
159 4230 11666 13605 13030 2401 
160 4234 11717 13847 13249 2465 
161 4307 11748 14238 13555 2476 
162 4308 11916 14507 13783 2446 
163 4461 11794 14729 13877 2449 
164 4524 11745 14889 13967 2569 
165 4609 11591 15119 14109 2591 
166 4657 11544 15147 14220 2622 
167 4666 11254 15271 14307 2636 
168 4676 11114 15318 14418 2677 
169 4693 10973 15415 14759 2665 
170 4806 10903 15448 14724 2701 
171 4757 10705 15520 14846 2783 
172 4860 10538 15515 14915 2836 
173 4905 10322 15645 15033 2816 
174 4876 10247 15686 15167 2803 
175 4864 10184 15847 15162 2859 
176 4914 10040 15838 15264 2808 
177 4907 9878 15987 15364 2822 
178 4944 9780 15977 15316 2810 
179 4852 9479 15910 15363 2839 
180 4759 9337 15909 15202 2847 
181 4784 9126 15900 14851 2911 
182 4735 8948 15820 14604 2897 
183 4689 8805 15638 14381 2898 
184 4528 8472 15529 14220 2870 
185 4480 8260 15351 14140 2933 
186 4422 8033 15086 13849 2898 
187 4400 7898 14846 13655 2882 
188 4328 7633 14638 13368 2825 
189 4366 7534 14452 13177 2817 
190 4313 7451 14255 13006 2800 
191 4185 7216 13960 12716 2778 
192 4117 6957 13672 12334 2789 
193 4054 6810 13499 11919 2825 
194 3954 6664 13306 11733 2675 
195 3901 6551 13037 11535 2613 
196 3889 6363 12815 11424 2607 
197 3754 6199 12528 11183 2594 
198 3675 5976 12319 10975 2566 
199 3640 5783 12169 10857 2508 
200 3487 5612 11879 10613 2532 
201 3456 5345 11659 10458 2493 
202 3489 5127 11455 10183 2420 
203 3373 4961 11206 10113 2358 
204 3273 4765 10826 9832 2297 
205 3221 4552 10535 9641 2281 
206 3161 4406 10203 9466 2244 
207 3169 4297 10018 9257 2171 
208 3049 4125 9855 9093 2131 
209 2999 4009 9593 8937 2108 
210 2883 3877 9279 8684 2029 
211 2813 3757 9029 8360 1942 
212 2778 3620 8749 8195 1825 
213 2668 3482 8528 7989 1790 
214 2559 3402 8208 7868 1749 
215 2473 3275 8057 7555 1667 
216 2415 3217 7760 7308 1622 
217 2310 3125 7442 7051 1556 
218 2218 3047 7078 6840 1530 
219 2125 2944 6774 6613 1471 
220 2098 2819 6577 6290 1435 
221 2065 2669 6350 6093 1390 
222 1981 2541 6204 5796 1320 
223 1897 2351 6042 5615 1237 
224 1819 2308 5815 5401 1177 
225 1817 2213 5625 5202 1157 
226 1729 2182 5366 5046 1123 
227 1647 2151 5098 4980 1082 
228 1549 2037 4949 4797 1022 
229 1509 1997 4663 4666 960 
230 1489 1891 4425 4441 902 
231 1446 1776 4220 4319 898 
232 1393 1673 4107 4115 885 
233 1396 1591 3982 3880 847 
234 1334 1521 3783 3747 821 
235 1323 1473 3578 3571 822 
236 1273 1449 3422 3456 805 
237 1226 1443 3315 3336 746 
238 1157 1358 3275 3118 708 
239 1125 1286 3132 3055 683 
240 1061 1219 2991 2919 658 
241 1015 1172 2901 2772 662 
242 962 1122 2744 2635 642 
243 919 1074 2697 2484 660 
244 892 990 2644 2416 641 
245 869 940 2557 2360 631 
246 833 949 2473 2240 598 
247 789 923 2403 2099 532 
248 739 856 2286 2036 537 
249 681 822 2170 2002 516 
250 668 768 2069 1989 498 
251 650 753 2030 1876 475 
252 629 674 2042 1847 436 
253 622 621 1934 1798 447 
254 620 633 1811 1679 429 
255 596 600 1728 1575 413 
256 532 580 1573 1509 375 
257 517 532 1508 1489 347 
258 478 464 1428 1394 341 
259 476 456 1344 1309 294 
260 444 447 1330 1281 267 
261 442 442 1228 1189 257 
262 417 441 1216 1171 243 
263 412 411 1167 1088 229 
264 385 373 1115 1034 222 
265 366 364 1066 1021 218 
266 334 347 986 981 211 
267 306 309 953 928 213 
268 295 298 902 905 201 
269 276 270 878 874 185 
270 265 248 836 851 171 
271 246 261 821 820 158 
272 255 265 795 761 166 
273 242 279 769 727 159 
274 243 281 707 695 145 
275 206 259 672 650 146 
276 209 271 636 612 152 
277 216 268 606 550 145 
278 210 253 569 531 142 
279 201 272 528 520 127 
280 186 253 495 486 131 
281 179 257 470 483 125 
282 157 215 466 457 115 
283 156 213 452 424 118 
284 135 199 405 399 107 
285 118 192 387 412 106 
286 115 185 371 407 106 
287 102 196 362 387 111 
288 96 189 362 375 102 
289 94 180 349 340 107 
290 95 180 335 308 101 
291 89 170 327 288 106 
292 89 174 318 286 108 
293 105 152 300 270 102 
294 111 134 297 248 91 
295 103 129 319 229 97 
296 101 127 303 212 93 
297 106 109 283 202 84 
298 103 102 283 175 84 
299 97 116 268 172 78 
300 83 103 263 163 75 
301 80 97 242 152 71 
302 75 113 219 140 71 
303 73 99 216 126 64 
304 75 95 214 132 64 
305 72 94 209 128 62 
306 60 97 191 134 57 
307 55 85 174 122 47 
308 49 85 162 111 42 
309 50 77 168 97 37 
310 48 74 145 91 43 
311 43 69 144 102 45 
312 52 71 140 92 51 
313 41 73 142 75 44 
314 37 54 139 70 43 
315 48 42 129 70 39 
316 39 42 124 69 32 
317 31 43 115 72 30 
318 33 47 110 57 30 
319 31 49 105 54 29 
320 30 49 97 57 29 
321 28 41 97 57 22 
322 29 41 89 62 20 
323 32 38 95 56 19 
324 28 34 91 54 15 
325 23 34 84 51 13 
326 24 36 89 45 11 
327 21 36 95 39 11 
328 19 39 89 33 8 
329 26 32 80 30 10 
330 23 34 68 28 8 
331 26 34 65 24 6 
332 20 39 66 21 4 
333 18 33 65 27 7 
334 17 33 62 33 9 
335 15 35 59 30 7 
336 9 34 49 30 6 
337 8 30 42 35 8 
338 9 27 34 26 11 
339 11 30 32 25 9 
340 7 29 37 25 9 
341 9 21 30 28 6 
342 8 30 28 23 5 
343 6 32 25 18 1 
344 7 35 22 18 1 
345 3 28 19 17 0 
346 3 27 18 9 0 
347 2 25 18 9 0 
348 5 18 14 11 0 
349 2 16 14 9 0 
350 1 12 13 8 0 
351 3 13 15 5 0 
352 3 15 11 3 0 
353 2 15 14 3 0 
354 2 13 15 3 0 
355 2 10 13 3 0 
356 3 10 14 2 0 
357 3 10 17 3 0 
358 3 11 13 4 0 
359 4 12 11 3 0 
360 4 15 9 3 0 
361 4 13 9 4 1 
362 4 12 5 3 0 
363 5 19 6 3 0 
364 5 13 6 4 0 
365 2 11 7 2 0 
366 2 8 7 2 0 
367 2 9 7 4 0 
368 2 9 4 3 0 
369 5 10 6 4 0 
370 6 10 5 5 0 
371 6 11 8 4 0 
372 6 12 6 2 0 
373 7 13 5 4 0 
374 9 12 7 5 0 
375 8 14 7 2 0 
376 8 13 3 2 0 
377 4 14 2 3 0 
378 4 11 1 2 0 
379 2 8 1 2 0 
380 3 7 1 2 0 
381 4 2 2 3 0 
382 4 5 2 3 0 
383 5 5 2 1 0 
384 6 4 1 2 0 
385 6 3 1 0 0 
386 5 3 1 0 0 
387 6 2 2 0 0 
388 5 2 2 0 0 
389 4 2 2 0 0 
390 4 2 2 0 0 
391 3 1 4 3 0 
392 2 1 2 2 0 
393 1 2 2 2 0 
394 1 4 1 2 0 
395 1 5 1 2 0 
396 3 2 2 3 0 
397 4 2 2 3 0 
398 3 1 0 4 1 
399 2 0 0 2 0 
400 2 0 0 2 0 
401 3 0 0 3 0 
402 4 1 2 2 0 
403 5 1 2 3 0 
404 5 1 3 7 0 
405 3 1 3 7 0 
406 3 0 3 7 0 
407 1 1 1 6 0 
408 0 2 1 6 0 
409 0 2 1 6 0 
410 1 3 0 9 0 
411 1 3 0 8 0 
412 1 2 1 11 0 
413 1 4 0 13 0 
414 1 4 0 14 0 
415 3 4 0 13 0 
416 4 4 0 10 0 
417 4 3 0 8 0 
418 2 2 0 9 0 
419 2 1 0 9 0 
420 1 1 0 8 0 
421 1 1 0 12 0 
422 1 1 0 10 0 
423 1 1 0 11 0 
424 0 1 0 6 0 
425 0 1 0 6 0 
426 0 0 0 4 0 
427 0 0 0 5 0 
428 0 0 0 4 0 
429 0 0 0 3 0 
430 0 0 0 0 0 
