1 0 10 0 0 0 
2 0 13 0 0 0 
3 0 16 0 0 0 
4 0 17 0 0 0 
5 0 13 0 0 0 
6 0 13 0 0 0 
7 2 18 0 0 0 
8 3 16 0 1 0 
9 0 23 0 1 0 
10 0 24 0 1 0 
11 2 32 1 1 0 
12 4 20 1 2 0 
13 2 22 1 2 0 
14 3 23 2 3 0 
15 4 16 0 3 0 
16 3 19 0 3 0 
17 4 22 0 2 0 
18 6 28 0 2 0 
19 6 24 1 2 1 
20 3 27 2 2 1 
21 3 23 3 2 1 
22 2 27 5 1 1 
23 2 32 1 2 1 
24 7 36 1 3 3 
25 5 30 3 2 4 
26 4 27 3 3 6 
27 5 28 5 3 5 
28 7 25 7 4 6 
29 3 21 12 6 4 
30 5 19 9 3 6 
31 6 19 10 3 6 
32 7 26 12 5 8 
33 5 31 13 8 7 
34 4 24 17 6 7 
35 5 27 20 5 9 
36 7 31 18 10 8 
37 12 28 18 7 11 
38 10 26 15 11 11 
39 6 29 15 18 15 
40 7 27 13 17 9 
41 6 31 13 19 7 
42 10 42 15 21 9 
43 11 51 17 21 9 
44 7 50 15 25 9 
45 9 52 15 26 9 
46 12 56 18 38 7 
47 13 52 17 33 8 
48 9 62 17 33 7 
49 13 68 18 41 6 
50 16 74 17 44 9 
51 18 82 17 49 6 
52 16 83 19 45 5 
53 20 85 17 41 5 
54 18 76 13 37 6 
55 19 81 14 42 3 
56 18 76 17 46 4 
57 19 88 21 43 4 
58 25 90 30 42 5 
59 24 91 33 46 5 
60 30 114 35 67 5 
61 37 127 40 74 4 
62 41 123 45 80 4 
63 42 129 44 84 5 
64 36 139 53 96 7 
65 37 159 59 93 5 
66 39 178 60 110 5 
67 34 165 63 122 6 
68 39 165 62 132 6 
69 43 200 65 140 8 
70 43 181 72 155 7 
71 45 211 88 172 12 
72 48 210 78 181 12 
73 47 204 86 196 13 
74 45 221 87 206 10 
75 55 248 88 198 12 
76 62 271 102 221 14 
77 61 278 108 221 12 
78 64 297 100 237 9 
79 68 314 103 228 12 
80 74 335 112 245 13 
81 76 350 123 262 15 
82 65 366 130 277 21 
83 71 356 153 293 19 
84 75 371 155 321 17 
85 72 412 160 314 14 
86 92 447 167 333 19 
87 106 494 197 328 17 
88 107 528 212 361 20 
89 104 545 221 372 26 
90 110 565 243 386 28 
91 124 590 254 410 27 
92 127 620 269 418 25 
93 141 693 269 448 21 
94 141 709 287 487 21 
95 143 759 324 512 23 
96 159 845 318 513 30 
97 180 899 330 554 27 
98 197 918 340 552 32 
99 213 979 356 594 31 
100 237 1003 384 625 30 
101 237 1093 416 652 32 
102 234 1173 458 735 34 
103 231 1228 470 829 52 
104 238 1280 482 863 63 
105 250 1345 509 890 77 
106 247 1437 542 917 90 
107 264 1543 554 1012 85 
108 291 1637 609 1017 97 
109 326 1746 651 1061 101 
110 339 1802 697 1068 105 
111 356 1897 739 1148 109 
112 379 2010 763 1220 124 
113 402 2097 818 1278 128 
114 449 2156 900 1339 146 
115 435 2189 928 1394 150 
116 446 2320 973 1444 134 
117 515 2475 1100 1517 130 
118 523 2615 1213 1525 145 
119 587 2735 1273 1602 160 
120 604 2860 1350 1680 184 
121 646 2969 1446 1743 194 
122 668 3120 1490 1838 184 
123 693 3344 1601 1996 203 
124 740 3515 1700 2056 197 
125 780 3702 1828 2179 218 
126 831 3861 1888 2286 242 
127 865 4012 2049 2389 246 
128 907 4176 2215 2536 275 
129 939 4367 2398 2602 279 
130 962 4595 2488 2706 299 
131 1011 4763 2641 2887 316 
132 1068 5004 2802 2999 323 
133 1074 5290 2829 3139 358 
134 1152 5504 2991 3316 381 
135 1191 5620 3102 3411 395 
136 1247 5868 3309 3578 454 
137 1273 6161 3443 3642 477 
138 1321 6437 3581 3847 464 
139 1396 6497 3797 3982 486 
140 1474 6813 3943 4301 514 
141 1574 7013 4087 4469 568 
142 1622 7308 4234 4729 582 
143 1638 7573 4388 4855 624 
144 1732 7842 4621 4999 675 
145 1849 8142 4823 5318 707 
146 1919 8493 4942 5418 706 
147 2034 8892 5092 5637 725 
148 2062 9112 5295 5824 762 
149 2158 9298 5502 6061 772 
150 2197 9429 5753 6249 799 
151 2229 9650 6073 6530 817 
152 2296 9772 6304 6723 874 
153 2438 9953 6445 6949 903 
154 2478 10194 6676 7199 968 
155 2553 10595 6983 7502 1030 
156 2711 10889 7223 7791 1105 
157 2789 11042 7558 8052 1149 
158 2874 11267 7941 8316 1261 
159 2920 11559 8210 8531 1341 
160 3009 11908 8479 8852 1410 
161 3148 12184 8548 9123 1498 
162 3217 12348 8845 9442 1533 
163 3306 12465 9047 9649 1583 
164 3346 12460 9454 10002 1618 
165 3460 12596 9926 10203 1688 
166 3503 12603 10146 10488 1783 
167 3654 12568 10410 10813 1886 
168 3746 12712 10743 10968 1984 
169 3827 12779 11067 11294 2097 
170 3946 12653 11397 11466 2159 
171 4007 12653 11659 11812 2155 
172 4128 12842 11785 12087 2207 
173 4230 12794 12194 12446 2303 
174 4277 12697 12461 12828 2455 
175 4291 12583 12860 13153 2460 
176 4373 12514 13218 13390 2514 
177 4535 12436 13678 13569 2665 
178 4667 12365 14062 13920 2757 
179 4681 12199 14210 14265 2695 
180 4722 12093 14432 14452 2792 
181 4749 11946 14587 14722 2760 
182 4811 11861 14762 14926 2868 
183 4850 11710 14894 15175 2966 
184 4877 11541 15230 15201 2974 
185 4908 11334 15348 15251 3035 
186 4904 11189 15451 15477 3091 
187 4974 11032 15266 15455 3010 
188 5001 10900 15345 15426 2977 
189 5037 10614 15317 15445 3032 
190 4955 10343 15520 15483 3091 
191 4945 10309 15759 15416 3042 
192 4884 10171 15723 15504 3046 
193 4864 10016 15782 15616 3021 
194 4817 9799 15720 15536 3027 
195 4758 9595 15738 15350 3038 
196 4783 9424 15848 15095 3076 
197 4842 9127 15907 15021 3032 
198 4948 9021 15893 14994 3053 
199 4871 8808 15644 14996 3002 
200 4796 8591 15398 14779 2968 
201 4749 8427 15301 14574 2993 
202 4754 8245 15224 14449 3011 
203 4706 7932 15024 14286 3007 
204 4594 7703 15075 14153 3019 
205 4545 7580 14796 13840 2983 
206 4379 7503 14718 13585 2948 
207 4358 7316 14492 13282 2879 
208 4271 7224 14167 12999 2847 
209 4232 7042 14007 12823 2817 
210 4178 6783 13874 12509 2790 
211 4196 6541 13636 12151 2736 
212 4172 6275 13382 11879 2670 
213 4043 6155 13168 11674 2627 
214 4004 5956 12990 11302 2601 
215 3909 5831 12676 11187 2645 
216 3805 5655 12233 10996 2628 
217 3676 5501 12186 10765 2608 
218 3518 5254 11972 10605 2521 
219 3429 5137 11723 10436 2425 
220 3327 4977 11409 10076 2443 
221 3226 4777 11176 9829 2392 
222 3106 4720 10805 9527 2424 
223 3083 4582 10616 9290 2297 
224 3081 4500 10254 8974 2266 
225 3026 4358 10033 8655 2165 
226 2922 4185 9738 8546 2121 
227 2870 3989 9424 8226 2015 
228 2843 3867 9153 7993 1958 
229 2687 3653 8975 7749 1863 
230 2625 3507 8733 7488 1748 
231 2528 3362 8428 7123 1716 
232 2469 3192 8143 6893 1678 
233 2377 3010 7907 6659 1658 
234 2276 2862 7663 6379 1604 
235 2130 2711 7583 6119 1563 
236 2091 2633 7312 5904 1510 
237 2054 2531 7097 5702 1484 
238 1914 2471 6804 5634 1416 
239 1822 2399 6616 5418 1351 
240 1751 2282 6410 5213 1327 
241 1712 2144 6159 5026 1321 
242 1657 2048 5898 4933 1280 
243 1675 2007 5622 4744 1226 
244 1605 1934 5367 4540 1208 
245 1623 1882 5043 4393 1140 
246 1540 1755 4956 4198 1128 
247 1494 1679 4730 3990 1035 
248 1439 1637 4550 3858 1034 
249 1370 1604 4362 3670 1012 
250 1354 1551 4269 3552 982 
251 1276 1457 4053 3395 922 
252 1220 1386 3818 3241 887 
253 1151 1365 3609 3176 853 
254 1090 1302 3398 3102 781 
255 1043 1282 3254 2963 743 
256 1003 1223 3179 2831 681 
257 959 1177 3112 2754 660 
258 906 1127 2999 2632 639 
259 921 1136 2833 2562 599 
260 885 1058 2711 2477 560 
261 833 1015 2627 2365 532 
262 774 983 2496 2291 543 
263 770 915 2364 2163 491 
264 733 920 2290 2080 473 
265 680 879 2221 2041 454 
266 660 810 2136 1880 425 
267 645 734 1998 1783 425 
268 647 676 1909 1682 431 
269 645 596 1814 1603 412 
270 618 595 1823 1536 415 
271 532 579 1805 1489 394 
272 543 569 1731 1428 351 
273 521 548 1665 1316 323 
274 473 542 1617 1229 324 
275 459 527 1548 1177 292 
276 434 490 1474 1175 302 
277 389 450 1408 1125 294 
278 381 413 1332 1105 287 
279 370 407 1281 1057 276 
280 322 398 1243 1032 274 
281 297 384 1134 1032 253 
282 291 378 1099 996 246 
283 287 345 1081 934 235 
284 274 341 1024 870 223 
285 273 320 969 826 229 
286 257 298 931 798 214 
287 258 294 916 745 221 
288 255 288 917 747 207 
289 235 263 880 683 191 
290 243 263 862 650 199 
291 243 258 799 575 182 
292 220 249 769 579 182 
293 210 223 771 579 184 
294 204 220 723 560 189 
295 185 224 667 548 177 
296 183 237 636 504 179 
297 177 234 599 510 181 
298 173 209 582 482 164 
299 168 192 527 468 146 
300 157 185 506 439 140 
301 151 196 489 424 126 
302 144 192 473 418 137 
303 126 185 446 368 128 
304 116 173 435 335 115 
305 119 166 404 321 107 
306 107 148 380 318 105 
307 115 147 367 293 120 
308 105 147 352 305 115 
309 118 129 350 283 101 
310 110 126 315 253 105 
311 99 105 332 264 108 
312 91 95 275 239 108 
313 85 89 265 241 97 
314 89 80 244 234 79 
315 95 85 208 211 62 
316 87 85 205 211 59 
317 84 90 166 199 58 
318 85 90 162 188 67 
319 85 86 149 170 56 
320 76 85 141 155 60 
321 67 89 142 131 67 
322 70 87 142 149 69 
323 69 85 140 151 69 
324 72 80 117 142 65 
325 52 73 129 129 56 
326 57 72 104 133 54 
327 51 65 110 124 53 
328 44 59 120 109 60 
329 47 47 113 101 58 
330 47 45 125 87 53 
331 45 45 123 88 45 
332 46 45 122 88 51 
333 47 39 118 86 41 
334 38 36 114 86 44 
335 41 37 109 85 44 
336 34 40 100 76 51 
337 32 38 92 70 37 
338 28 31 84 73 29 
339 28 33 87 73 29 
340 28 31 76 65 30 
341 22 38 69 69 34 
342 30 33 65 63 27 
343 32 34 65 57 25 
344 37 42 68 55 25 
345 34 41 62 38 28 
346 26 45 60 37 24 
347 22 42 64 37 23 
348 21 42 59 33 18 
349 19 42 52 40 17 
350 20 41 41 45 20 
351 23 35 33 44 23 
352 28 38 34 36 23 
353 29 44 33 36 21 
354 27 34 39 36 19 
355 23 33 36 41 17 
356 22 36 36 36 14 
357 21 21 32 41 11 
358 20 16 32 35 11 
359 14 13 28 32 9 
360 10 17 31 30 9 
361 11 20 31 28 8 
362 12 13 35 28 5 
363 11 13 37 26 5 
364 17 14 37 21 5 
365 14 13 31 17 6 
366 9 13 31 15 5 
367 9 13 24 9 5 
368 7 17 19 13 6 
369 5 17 20 10 6 
370 4 19 19 12 7 
371 3 17 17 14 7 
372 4 9 13 10 8 
373 6 6 13 7 9 
374 5 9 11 9 8 
375 5 10 10 11 8 
376 7 13 8 13 7 
377 7 14 9 14 6 
378 9 13 5 13 3 
379 10 10 5 12 3 
380 13 12 4 10 2 
381 11 4 4 10 2 
382 10 2 3 10 1 
383 9 1 1 11 2 
384 7 0 3 12 2 
385 4 0 3 11 1 
386 4 0 3 8 1 
387 2 0 1 7 1 
388 4 0 3 7 1 
389 4 0 2 6 1 
390 5 0 3 4 2 
391 2 0 3 4 1 
392 2 0 4 5 0 
393 3 0 3 4 0 
394 4 0 3 2 0 
395 2 0 2 2 0 
396 1 0 1 1 0 
397 1 1 1 1 0 
398 1 0 1 1 0 
399 1 0 1 1 0 
400 0 0 3 1 0 
401 0 0 6 1 0 
402 0 0 5 1 0 
403 0 0 4 0 0 
404 0 0 4 0 0 
405 0 0 3 0 0 
406 0 0 2 0 0 
407 0 0 1 0 0 
408 0 0 1 0 0 
409 0 0 1 0 0 
410 0 0 0 0 0 
