1 0 7 0 0 0 
2 0 9 0 0 0 
3 0 6 0 0 0 
4 0 4 0 0 0 
5 0 7 0 0 0 
6 0 6 0 0 0 
7 0 8 0 0 0 
8 0 7 0 0 0 
9 0 6 0 0 0 
10 0 7 0 0 0 
11 0 9 0 2 0 
12 0 8 0 2 0 
13 0 11 0 2 0 
14 0 14 0 0 0 
15 0 13 0 0 0 
16 0 12 0 0 0 
17 0 12 0 0 0 
18 0 11 0 0 0 
19 0 12 0 0 0 
20 0 10 0 0 0 
21 0 9 0 0 0 
22 0 9 0 0 0 
23 0 12 0 0 0 
24 0 13 0 0 0 
25 1 12 0 1 0 
26 1 12 0 2 0 
27 2 8 0 2 0 
28 1 9 0 3 0 
29 1 10 0 2 0 
30 1 6 0 2 0 
31 3 7 0 1 0 
32 3 10 0 1 0 
33 1 14 0 0 0 
34 1 11 0 0 0 
35 1 12 0 1 0 
36 1 16 0 1 0 
37 0 24 0 1 0 
38 0 21 0 0 0 
39 2 24 0 0 0 
40 3 27 0 2 0 
41 1 27 0 4 0 
42 1 28 0 5 0 
43 1 35 0 3 0 
44 1 33 0 3 0 
45 0 36 0 3 0 
46 0 40 0 3 0 
47 0 42 1 4 0 
48 1 42 1 6 0 
49 8 43 3 4 0 
50 5 47 7 2 0 
51 6 40 5 2 0 
52 5 42 6 5 0 
53 6 39 7 7 0 
54 7 42 6 9 0 
55 11 41 3 6 0 
56 8 39 2 11 0 
57 8 44 4 11 0 
58 10 50 6 8 0 
59 11 45 5 11 0 
60 10 54 4 13 0 
61 9 50 4 16 0 
62 9 53 7 13 0 
63 11 62 7 16 0 
64 10 69 6 15 0 
65 11 80 6 14 0 
66 17 95 3 20 0 
67 16 98 3 19 0 
68 18 100 5 21 0 
69 17 105 7 23 0 
70 22 105 13 24 0 
71 18 121 16 26 0 
72 20 118 18 25 0 
73 21 129 22 27 0 
74 16 144 22 33 0 
75 13 144 35 32 0 
76 22 149 41 40 1 
77 19 174 48 44 1 
78 14 183 61 38 2 
79 16 192 73 37 2 
80 18 184 79 43 2 
81 19 195 89 41 3 
82 16 192 86 41 5 
83 14 207 87 44 7 
84 19 228 90 60 10 
85 30 247 90 64 13 
86 33 246 98 69 8 
87 37 269 96 81 8 
88 46 290 105 88 7 
89 51 308 109 95 10 
90 58 301 122 104 16 
91 59 336 122 108 15 
92 53 320 126 112 18 
93 62 336 123 129 21 
94 54 330 127 137 21 
95 63 356 152 133 13 
96 82 401 139 132 16 
97 77 447 150 139 22 
98 85 485 157 145 27 
99 94 490 174 151 30 
100 83 488 164 168 38 
101 84 511 167 195 50 
102 93 529 197 210 55 
103 101 562 211 213 60 
104 117 571 240 223 64 
105 141 573 255 251 67 
106 156 613 273 263 70 
107 165 654 281 300 64 
108 165 714 299 338 61 
109 178 739 334 361 64 
110 184 797 367 389 69 
111 197 820 399 417 75 
112 215 856 432 441 87 
113 220 858 449 475 102 
114 221 930 474 502 125 
115 229 957 510 522 142 
116 238 952 545 587 154 
117 221 1058 611 650 152 
118 234 1080 658 682 174 
119 242 1162 678 730 189 
120 261 1202 717 756 182 
121 279 1266 731 789 178 
122 285 1323 779 811 179 
123 282 1393 798 876 183 
124 301 1465 858 953 199 
125 334 1544 907 984 210 
126 360 1644 964 1001 235 
127 379 1662 998 1062 238 
128 384 1729 1066 1110 227 
129 399 1798 1088 1146 214 
130 426 1927 1152 1194 240 
131 409 1986 1233 1302 248 
132 430 2076 1316 1326 246 
133 453 2154 1361 1377 261 
134 482 2220 1447 1489 263 
135 515 2333 1468 1568 266 
136 542 2447 1532 1621 286 
137 577 2596 1604 1641 293 
138 603 2709 1674 1702 319 
139 614 2908 1717 1718 335 
140 630 3063 1795 1814 347 
141 635 3178 1920 1933 378 
142 640 3266 1984 2019 398 
143 642 3329 2017 2139 437 
144 658 3510 2136 2212 445 
145 681 3630 2252 2276 455 
146 777 3774 2284 2347 491 
147 817 4000 2368 2530 557 
148 877 4139 2456 2617 587 
149 941 4343 2594 2789 595 
150 990 4528 2697 2908 631 
151 1054 4708 2849 3089 662 
152 1142 5013 2934 3228 684 
153 1165 5149 3008 3359 672 
154 1244 5486 3072 3554 714 
155 1310 5650 3203 3804 757 
156 1373 5913 3434 3895 819 
157 1401 6160 3679 4009 854 
158 1520 6404 3928 4279 879 
159 1533 6515 4150 4512 902 
160 1630 6706 4358 4829 956 
161 1691 6884 4510 5033 984 
162 1786 7002 4642 5159 1003 
163 1882 7188 4848 5379 1030 
164 1913 7502 5046 5624 1097 
165 1889 7663 5271 5993 1130 
166 1984 7909 5498 6334 1193 
167 2155 8228 5717 6646 1229 
168 2288 8355 5994 6931 1346 
169 2335 8524 6244 7119 1364 
170 2479 8779 6571 7463 1450 
171 2578 8730 6865 7652 1513 
172 2682 9014 7220 8111 1591 
173 2638 9165 7616 8399 1606 
174 2726 9525 7961 8831 1665 
175 2804 9828 8219 9106 1697 
176 2982 9967 8544 9427 1783 
177 3114 10159 8949 9594 1801 
178 3227 10318 9284 9866 1867 
179 3280 10708 9594 10225 1965 
180 3224 10909 10019 10607 1999 
181 3285 11132 10447 10966 2018 
182 3415 11218 10792 11279 2101 
183 3608 11486 11058 11409 2155 
184 3664 11585 11387 11755 2258 
185 3740 11646 11744 12045 2338 
186 3824 11830 12079 12382 2361 
187 3932 11911 12348 12784 2412 
188 3993 11945 12736 12904 2414 
189 4064 12040 12864 13142 2492 
190 4228 11956 13174 13435 2541 
191 4371 12245 13424 13654 2601 
192 4393 12263 13629 13961 2583 
193 4500 12338 13869 14157 2599 
194 4546 12431 14232 14289 2613 
195 4670 12491 14434 14279 2613 
196 4722 12597 14533 14517 2683 
197 4780 12370 14739 14770 2679 
198 4895 12285 15154 14935 2710 
199 4940 12272 15436 15087 2734 
200 5034 12168 15569 15205 2746 
201 5057 12199 15643 15373 2788 
202 5112 12159 15807 15539 2777 
203 5006 12160 15825 15718 2818 
204 5117 11928 15890 15714 2884 
205 5104 11771 15892 15735 2843 
206 5021 11721 15950 15794 2895 
207 5060 11707 15944 15747 2880 
208 5140 11550 15957 15704 2944 
209 5122 11366 15972 15691 2919 
210 5115 11146 15984 15754 2958 
211 5071 10917 16021 15713 2987 
212 5008 10694 16020 15676 2931 
213 4966 10407 15986 15693 2915 
214 4980 10145 15993 15778 2887 
215 4860 9975 15913 15540 2838 
216 4879 9859 15799 15325 2747 
217 4829 9613 15735 15221 2747 
218 4819 9529 15464 15108 2758 
219 4724 9381 15352 14899 2781 
220 4652 9214 15191 14645 2785 
221 4571 9072 15044 14410 2738 
222 4571 8770 14852 14173 2722 
223 4541 8619 14525 13849 2672 
224 4453 8433 14383 13630 2653 
225 4354 8160 14049 13357 2579 
226 4288 7907 13643 12952 2563 
227 4166 7732 13303 12627 2528 
228 4114 7495 13125 12490 2390 
229 4040 7176 12834 12204 2395 
230 4069 7020 12659 12083 2347 
231 4085 6773 12319 11956 2255 
232 3953 6647 11981 11740 2208 
233 3890 6566 11646 11314 2160 
234 3784 6299 11421 11155 2168 
235 3727 6119 11175 10752 2246 
236 3609 5928 10930 10350 2214 
237 3588 5715 10668 9967 2090 
238 3545 5562 10328 9757 2027 
239 3394 5279 10016 9380 1981 
240 3256 5150 9734 9027 1956 
241 3145 4969 9499 8717 1887 
242 3043 4814 9119 8488 1824 
243 2926 4494 8809 8270 1713 
244 2802 4369 8645 8068 1730 
245 2729 4154 8351 7791 1676 
246 2646 3965 8131 7623 1665 
247 2606 3724 7943 7331 1621 
248 2505 3588 7642 7126 1519 
249 2467 3448 7538 6857 1477 
250 2429 3371 7388 6544 1429 
251 2268 3201 7263 6270 1386 
252 2154 3013 7053 6142 1287 
253 2075 2829 6907 5949 1276 
254 2022 2692 6517 5837 1197 
255 1932 2554 6262 5650 1164 
256 1885 2463 6065 5408 1124 
257 1770 2404 5909 5253 1105 
258 1660 2345 5730 5022 1043 
259 1652 2271 5551 4812 955 
260 1582 2142 5326 4658 929 
261 1536 2094 5116 4499 893 
262 1465 1959 4937 4322 862 
263 1392 1895 4692 4085 859 
264 1336 1816 4479 3919 811 
265 1295 1736 4348 3751 759 
266 1273 1644 4220 3672 720 
267 1208 1554 4011 3502 689 
268 1143 1469 3764 3382 661 
269 1146 1380 3635 3228 615 
270 1109 1360 3547 3077 589 
271 1054 1307 3328 2892 554 
272 1051 1274 3144 2798 549 
273 1002 1210 3043 2739 532 
274 1000 1211 2913 2590 533 
275 970 1177 2760 2485 486 
276 921 1111 2727 2426 465 
277 883 1076 2630 2306 438 
278 850 1052 2515 2224 418 
279 845 1023 2381 2092 412 
280 799 937 2297 1979 382 
281 786 928 2238 1905 350 
282 732 862 2160 1831 353 
283 729 823 2071 1748 345 
284 698 766 1948 1712 336 
285 649 723 1835 1626 325 
286 592 712 1803 1587 313 
287 545 694 1699 1516 267 
288 527 675 1678 1415 253 
289 506 617 1555 1371 243 
290 468 581 1510 1251 247 
291 445 581 1464 1225 226 
292 448 531 1426 1149 239 
293 421 513 1326 1087 237 
294 423 483 1225 1045 221 
295 416 452 1152 984 221 
296 375 444 1112 974 225 
297 374 403 1072 913 214 
298 365 377 1034 871 212 
299 324 371 982 826 201 
300 287 366 926 784 189 
301 267 341 888 735 192 
302 243 330 873 708 193 
303 226 326 856 676 177 
304 210 305 793 675 172 
305 233 312 785 658 174 
306 227 292 763 621 159 
307 227 291 733 588 152 
308 230 270 685 593 151 
309 222 252 690 594 140 
310 212 233 653 594 134 
311 206 216 598 557 122 
312 189 215 575 550 122 
313 179 211 540 539 127 
314 165 208 524 509 124 
315 150 207 506 495 131 
316 137 200 465 480 122 
317 138 182 472 464 120 
318 135 159 450 414 107 
319 119 156 431 380 96 
320 119 155 424 364 91 
321 114 165 430 367 87 
322 108 154 416 359 93 
323 111 152 410 352 91 
324 106 143 421 311 85 
325 98 155 393 299 80 
326 93 138 389 289 70 
327 77 124 351 285 68 
328 82 126 335 258 72 
329 85 136 321 237 76 
330 87 121 294 208 67 
331 74 123 281 189 67 
332 68 128 259 198 60 
333 67 123 262 192 65 
334 58 137 264 174 52 
335 59 120 257 152 46 
336 58 91 255 164 45 
337 55 85 255 164 56 
338 56 80 254 156 51 
339 44 78 245 155 54 
340 44 81 234 153 57 
341 43 82 227 147 56 
342 27 78 227 146 57 
343 31 72 228 149 46 
344 33 73 223 143 40 
345 37 62 205 123 42 
346 35 62 221 109 31 
347 28 59 219 106 27 
348 30 52 187 99 26 
349 28 53 157 104 20 
350 29 54 158 88 18 
351 28 52 151 87 17 
352 30 49 135 75 16 
353 31 41 134 72 21 
354 29 41 123 66 17 
355 28 37 135 74 13 
356 29 33 121 78 13 
357 31 32 106 77 15 
358 26 31 107 74 9 
359 25 33 103 65 10 
360 25 20 80 65 9 
361 25 19 78 55 10 
362 17 15 61 63 12 
363 24 11 50 51 12 
364 24 7 51 53 9 
365 23 13 46 50 12 
366 20 14 49 57 13 
367 20 13 46 52 6 
368 18 10 43 51 3 
369 15 8 43 53 4 
370 13 6 46 50 4 
371 11 6 36 46 2 
372 11 2 34 36 3 
373 10 2 30 29 4 
374 7 3 30 28 4 
375 7 2 37 25 5 
376 4 3 37 20 5 
377 5 4 41 16 5 
378 6 4 40 14 5 
379 5 4 37 17 5 
380 5 3 42 17 5 
381 8 6 41 14 3 
382 9 8 45 12 2 
383 9 9 43 14 0 
384 9 9 38 13 0 
385 9 10 38 7 0 
386 11 11 32 6 0 
387 10 10 27 8 1 
388 8 8 29 6 0 
389 7 8 26 4 0 
390 6 10 35 6 0 
391 3 10 35 4 0 
392 2 7 33 3 0 
393 2 3 31 1 0 
394 3 1 29 1 0 
395 3 0 31 1 0 
396 2 0 26 0 0 
397 1 0 22 0 0 
398 1 0 21 0 0 
399 1 0 20 1 0 
400 1 0 15 0 0 
401 0 1 9 0 0 
402 0 0 7 0 0 
403 0 0 8 0 0 
404 0 0 3 0 0 
405 0 0 3 0 0 
406 0 0 3 0 0 
407 0 0 3 0 0 
408 0 0 2 0 0 
409 0 0 1 0 0 
410 0 0 0 0 0 
