1 0 10 0 0 0 
2 0 12 0 0 0 
3 1 9 0 0 0 
4 3 11 0 0 0 
5 3 14 0 0 0 
6 3 14 1 0 0 
7 3 18 1 0 0 
8 4 22 1 0 0 
9 3 24 0 0 0 
10 3 24 0 1 0 
11 3 19 0 2 0 
12 4 19 0 3 0 
13 3 22 4 3 0 
14 5 16 6 5 0 
15 4 20 7 6 0 
16 6 28 5 8 1 
17 4 34 3 11 1 
18 5 35 5 14 0 
19 5 36 5 16 0 
20 7 38 6 16 0 
21 11 41 9 18 0 
22 7 44 10 18 0 
23 9 38 15 23 0 
24 8 40 18 22 0 
25 7 48 21 25 0 
26 4 52 23 24 0 
27 3 54 28 24 0 
28 9 65 28 27 0 
29 9 80 24 28 1 
30 11 95 24 24 2 
31 13 112 21 26 2 
32 12 135 26 34 1 
33 14 154 20 36 1 
34 15 156 26 40 0 
35 13 171 28 40 0 
36 13 158 23 34 1 
37 13 155 27 40 0 
38 12 176 29 37 1 
39 14 182 37 45 1 
40 19 218 39 53 1 
41 19 225 39 51 2 
42 21 243 48 58 3 
43 17 250 45 74 3 
44 17 279 60 89 3 
45 16 271 58 96 3 
46 22 274 56 108 3 
47 32 298 69 111 2 
48 36 294 90 119 1 
49 34 309 102 130 1 
50 45 352 108 137 0 
51 43 378 120 145 1 
52 47 355 131 145 1 
53 48 386 133 157 3 
54 55 396 139 163 5 
55 44 433 163 161 9 
56 47 445 191 182 9 
57 55 480 228 188 16 
58 68 494 231 214 16 
59 71 524 232 225 18 
60 78 547 263 235 18 
61 87 596 280 258 16 
62 96 606 320 270 14 
63 102 643 313 275 16 
64 95 707 328 301 18 
65 100 702 356 321 18 
66 113 743 379 355 27 
67 122 743 408 360 28 
68 127 802 441 394 31 
69 135 857 466 409 32 
70 143 897 477 435 34 
71 147 969 516 445 39 
72 153 1054 506 473 39 
73 173 1050 540 511 44 
74 193 1106 572 537 58 
75 209 1182 605 556 55 
76 232 1284 647 571 57 
77 260 1370 686 622 60 
78 255 1465 730 690 72 
79 272 1498 788 769 78 
80 302 1551 855 809 94 
81 300 1629 899 894 95 
82 336 1670 951 905 111 
83 346 1685 992 968 123 
84 341 1836 1051 1036 123 
85 367 1976 1124 1095 122 
86 388 2154 1201 1117 120 
87 383 2259 1258 1208 132 
88 424 2290 1264 1261 141 
89 441 2438 1416 1313 159 
90 469 2512 1440 1324 156 
91 478 2647 1503 1380 174 
92 510 2738 1560 1451 190 
93 529 2847 1636 1525 194 
94 530 2970 1719 1565 194 
95 562 3098 1792 1596 185 
96 542 3265 1874 1691 195 
97 606 3394 1971 1795 187 
98 641 3501 2072 1924 198 
99 668 3621 2133 2048 214 
100 719 3800 2267 2146 229 
101 735 3963 2300 2291 232 
102 768 4158 2379 2397 249 
103 810 4395 2514 2584 265 
104 850 4553 2583 2707 284 
105 892 4799 2747 2898 307 
106 968 5124 2842 3070 349 
107 1043 5319 2980 3242 394 
108 1089 5526 3119 3443 431 
109 1122 5757 3327 3592 470 
110 1213 5964 3504 3758 507 
111 1227 6250 3733 4040 532 
112 1231 6481 3925 4233 584 
113 1361 6697 4050 4434 624 
114 1426 6937 4249 4665 654 
115 1557 7260 4436 4725 687 
116 1638 7387 4514 4924 724 
117 1689 7628 4680 5215 765 
118 1703 7778 4936 5365 752 
119 1832 8070 5028 5598 761 
120 1868 8240 5227 5819 745 
121 1966 8486 5371 6039 806 
122 2028 8707 5534 6342 826 
123 2139 8780 5756 6552 840 
124 2268 9002 5949 6864 851 
125 2340 9417 6100 7188 916 
126 2424 9830 6337 7408 929 
127 2533 10225 6669 7498 941 
128 2637 10371 6851 7904 975 
129 2743 10486 7148 8230 1004 
130 2786 10719 7402 8428 1085 
131 2868 10947 7657 8772 1109 
132 2951 11146 7842 9079 1151 
133 3075 11461 8238 9401 1215 
134 3243 11650 8510 9588 1302 
135 3260 11779 8833 9823 1287 
136 3468 11910 9065 10091 1362 
137 3536 12057 9265 10406 1407 
138 3570 11983 9630 10615 1488 
139 3654 12138 10003 10963 1521 
140 3778 12378 10342 11303 1614 
141 3814 12371 10634 11687 1699 
142 3923 12339 10822 11946 1743 
143 4043 12402 11153 12332 1791 
144 4121 12717 11592 12676 1865 
145 4198 12647 11960 13013 1927 
146 4333 12724 12174 13329 1958 
147 4406 12666 12631 13557 2040 
148 4481 12666 13006 13827 2115 
149 4532 12702 13297 14045 2208 
150 4517 12514 13626 14098 2267 
151 4562 12414 13949 14382 2302 
152 4602 12396 14134 14666 2371 
153 4619 12330 14278 14833 2480 
154 4683 12276 14578 14873 2517 
155 4782 12161 14849 15017 2561 
156 4851 12035 15009 15140 2572 
157 4876 11816 15075 15378 2673 
158 4939 11673 15213 15556 2638 
159 4927 11554 15225 15555 2745 
160 4982 11283 15290 15663 2731 
161 4995 11018 15199 15592 2779 
162 5064 10917 15278 15546 2759 
163 5041 10765 15492 15518 2726 
164 5013 10483 15421 15446 2817 
165 5041 10329 15263 15497 2792 
166 4986 10140 15323 15491 2793 
167 5069 9983 15297 15393 2786 
168 4941 9821 15176 15251 2822 
169 5006 9596 15021 15195 2861 
170 4946 9401 14955 15213 2942 
171 4892 9173 14838 15098 2917 
172 4808 8947 14706 14906 2887 
173 4765 8743 14711 14815 2918 
174 4702 8422 14523 14664 2902 
175 4652 8163 14316 14361 2907 
176 4589 7933 14270 13946 2867 
177 4512 7725 14054 13616 2886 
178 4429 7618 13994 13365 2837 
179 4305 7407 13792 13247 2829 
180 4233 7134 13723 12852 2768 
181 4196 7007 13479 12615 2804 
182 4071 6783 13359 12496 2775 
183 3980 6556 13094 12316 2721 
184 3965 6299 12789 11983 2705 
185 3882 6156 12558 11770 2698 
186 3805 6063 12374 11599 2650 
187 3675 5782 12028 11356 2586 
188 3511 5599 11750 11102 2526 
189 3478 5410 11585 11006 2447 
190 3469 5207 11317 10751 2364 
191 3380 4962 11039 10426 2274 
192 3232 4840 10881 10166 2218 
193 3181 4604 10590 10018 2154 
194 3040 4425 10416 9768 2083 
195 3000 4326 10032 9563 1960 
196 2987 4118 9795 9334 1906 
197 2970 3989 9450 9043 1875 
198 2911 3893 9123 8842 1878 
199 2865 3787 8812 8555 1779 
200 2818 3638 8596 8151 1702 
201 2740 3481 8262 7834 1622 
202 2616 3429 7996 7537 1625 
203 2509 3327 7786 7175 1559 
204 2439 3150 7550 6975 1555 
205 2398 3021 7391 6750 1532 
206 2306 2902 7148 6512 1531 
207 2202 2805 6950 6291 1446 
208 2187 2738 6758 6155 1448 
209 2059 2699 6576 5904 1431 
210 1956 2571 6499 5756 1395 
211 1947 2479 6317 5598 1348 
212 1850 2366 6127 5431 1299 
213 1774 2266 5929 5322 1274 
214 1724 2181 5798 5098 1223 
215 1716 2085 5569 4933 1168 
216 1678 1971 5367 4706 1101 
217 1611 1916 5138 4525 1073 
218 1562 1833 4941 4310 1041 
219 1526 1739 4650 4149 1012 
220 1456 1680 4577 3974 955 
221 1375 1618 4371 3811 952 
222 1283 1612 4156 3675 918 
223 1220 1538 3974 3496 892 
224 1206 1479 3798 3313 844 
225 1148 1424 3655 3202 814 
226 1135 1379 3501 3099 810 
227 1080 1292 3318 2906 749 
228 1013 1229 3201 2726 760 
229 943 1126 3053 2624 741 
230 902 1034 2969 2516 719 
231 844 1031 2832 2427 679 
232 811 970 2680 2407 629 
233 770 947 2608 2295 570 
234 714 915 2486 2197 538 
235 669 878 2432 2158 496 
236 612 868 2317 2056 502 
237 606 815 2222 1995 481 
238 642 758 2189 1911 499 
239 613 718 2056 1783 471 
240 595 693 1953 1749 446 
241 574 649 1886 1647 430 
242 561 613 1785 1624 418 
243 544 577 1759 1568 401 
244 498 570 1626 1518 396 
245 462 584 1593 1438 373 
246 444 585 1528 1387 364 
247 427 562 1446 1325 362 
248 424 522 1370 1284 325 
249 430 539 1301 1260 321 
250 403 520 1301 1211 331 
251 378 532 1237 1221 303 
252 363 518 1207 1153 275 
253 357 485 1194 1097 263 
254 344 487 1183 1008 249 
255 348 479 1122 976 249 
256 350 460 1056 928 222 
257 336 437 1000 824 212 
258 303 420 943 801 181 
259 288 393 924 787 169 
260 267 361 913 757 166 
261 262 326 899 732 159 
262 258 303 821 706 165 
263 229 280 788 689 172 
264 237 259 751 643 175 
265 235 251 707 597 179 
266 207 219 694 562 172 
267 190 206 679 570 160 
268 183 194 655 517 161 
269 158 174 625 500 157 
270 154 160 626 471 163 
271 150 165 604 450 160 
272 158 157 576 424 156 
273 155 152 533 423 154 
274 148 148 509 412 141 
275 138 139 498 404 124 
276 141 136 467 363 122 
277 146 125 449 348 117 
278 132 128 432 345 116 
279 116 119 442 349 120 
280 120 118 443 364 103 
281 118 127 410 332 98 
282 111 119 380 309 92 
283 105 120 387 295 92 
284 102 127 377 266 89 
285 96 113 364 241 96 
286 87 103 350 249 87 
287 88 106 325 234 80 
288 75 106 303 211 88 
289 77 91 285 198 82 
290 63 85 270 196 74 
291 60 77 238 183 74 
292 58 76 221 183 79 
293 64 71 225 167 62 
294 58 59 239 160 58 
295 55 58 210 153 48 
296 50 57 209 152 48 
297 44 64 210 148 49 
298 49 65 215 139 44 
299 52 67 202 128 39 
300 47 68 199 114 42 
301 45 65 176 97 47 
302 37 61 169 96 41 
303 43 57 170 93 45 
304 45 48 166 75 48 
305 54 39 141 73 48 
306 45 44 125 80 42 
307 47 45 128 86 54 
308 52 40 122 79 51 
309 49 42 114 78 51 
310 47 37 121 77 46 
311 45 42 121 75 46 
312 41 36 116 83 37 
313 39 31 116 79 34 
314 41 24 100 82 34 
315 41 18 99 69 33 
316 37 18 86 74 29 
317 36 27 80 71 31 
318 30 30 75 67 25 
319 31 27 58 58 25 
320 22 24 65 47 30 
321 20 23 55 47 34 
322 17 24 50 40 35 
323 15 29 51 46 31 
324 11 26 48 44 26 
325 9 29 50 35 23 
326 8 31 46 36 25 
327 5 36 46 50 22 
328 5 36 45 59 26 
329 8 36 42 58 23 
330 7 39 43 61 23 
331 5 27 38 57 26 
332 4 24 38 60 23 
333 4 29 36 60 19 
334 6 25 29 55 18 
335 5 26 29 45 15 
336 3 25 35 50 11 
337 5 23 34 65 10 
338 6 18 37 62 9 
339 7 16 46 61 7 
340 11 16 52 52 7 
341 8 13 46 44 4 
342 10 19 46 40 5 
343 8 20 41 41 3 
344 8 20 45 38 4 
345 7 20 42 32 4 
346 8 21 36 26 5 
347 7 21 30 33 5 
348 7 19 27 29 7 
349 8 13 23 26 11 
350 10 9 24 31 9 
351 11 8 26 31 7 
352 12 11 23 31 4 
353 11 8 19 30 4 
354 8 15 24 29 4 
355 5 10 24 24 3 
356 3 7 19 21 3 
357 1 8 13 28 4 
358 2 6 14 31 7 
359 3 5 10 30 7 
360 7 4 9 36 8 
361 8 5 9 27 8 
362 7 6 7 25 5 
363 5 8 7 24 8 
364 4 8 7 25 8 
365 3 7 9 27 10 
366 5 7 6 26 10 
367 4 9 5 24 18 
368 4 5 6 31 17 
369 4 1 8 22 12 
370 3 2 6 15 14 
371 1 1 3 13 17 
372 1 2 4 14 20 
373 2 1 4 14 23 
374 1 1 6 13 18 
375 1 1 6 9 15 
376 4 1 7 8 17 
377 3 1 8 7 17 
378 3 1 7 8 18 
379 3 0 8 5 15 
380 2 0 6 5 18 
381 3 0 6 4 21 
382 3 2 7 3 14 
383 2 3 4 5 11 
384 2 2 7 5 11 
385 1 3 9 5 11 
386 1 4 8 8 10 
387 2 3 8 9 10 
388 1 2 5 10 9 
389 2 2 7 10 9 
390 2 2 7 12 10 
391 3 3 7 10 8 
392 3 5 9 7 7 
393 3 5 9 5 5 
394 4 6 7 5 5 
395 7 7 9 8 4 
396 7 6 10 6 2 
397 10 6 7 8 2 
398 11 3 6 5 0 
399 12 1 10 5 0 
400 10 3 8 3 0 
401 9 3 7 2 0 
402 8 4 11 2 0 
403 4 3 10 3 0 
404 2 4 13 2 0 
405 5 3 7 3 0 
406 3 3 5 2 1 
407 3 3 4 3 0 
408 3 2 3 2 0 
409 3 2 2 2 0 
410 7 2 2 2 0 
411 6 2 3 2 0 
412 7 2 1 1 0 
413 7 2 0 0 0 
414 5 4 0 0 0 
415 6 5 0 0 0 
416 6 4 0 0 0 
417 7 1 0 0 0 
418 4 1 0 0 0 
419 3 1 0 0 0 
420 3 2 0 0 0 
421 2 0 0 0 0 
422 2 0 0 0 0 
423 2 0 0 0 0 
424 2 0 0 0 0 
425 2 0 0 0 0 
426 1 0 0 0 0 
427 1 0 0 0 0 
428 1 0 0 0 0 
429 1 0 0 0 0 
430 1 0 0 0 0 
431 1 0 0 0 0 
432 0 0 0 0 0 
