1 0 1 0 0 0 
2 0 6 0 0 0 
3 0 0 0 0 0 
4 0 2 0 0 0 
5 0 4 0 0 0 
6 0 1 0 0 0 
7 0 4 0 0 0 
8 0 2 0 0 0 
9 0 1 0 0 0 
10 0 1 0 0 0 
11 0 4 0 2 0 
12 0 1 0 0 0 
13 0 6 0 0 0 
14 0 6 0 0 0 
15 0 4 0 0 0 
16 0 4 0 0 0 
17 0 3 0 0 0 
18 0 4 0 0 0 
19 0 5 0 0 0 
20 0 4 0 0 0 
21 0 2 0 0 0 
22 0 1 0 0 0 
23 0 5 0 0 0 
24 0 4 0 0 0 
25 1 4 0 1 0 
26 0 3 0 1 0 
27 1 1 0 0 0 
28 0 2 0 2 0 
29 0 5 0 1 0 
30 0 2 0 0 0 
31 2 3 0 0 0 
32 1 4 0 0 0 
33 0 6 0 0 0 
34 0 2 0 0 0 
35 0 1 0 1 0 
36 0 8 0 0 0 
37 0 10 0 0 0 
38 0 2 0 0 0 
39 2 8 0 0 0 
40 1 13 0 3 0 
41 0 8 0 3 0 
42 0 12 0 3 0 
43 0 16 1 0 0 
44 0 4 0 0 0 
45 0 8 0 3 0 
46 0 12 0 0 0 
47 0 15 1 4 0 
48 1 12 1 2 0 
49 7 18 2 2 0 
50 2 23 4 0 0 
51 2 10 1 0 0 
52 2 14 2 4 0 
53 2 12 5 4 0 
54 3 16 1 3 0 
55 5 12 0 2 0 
56 3 17 1 9 0 
57 4 15 2 3 0 
58 3 19 2 2 0 
59 6 11 2 4 0 
60 3 20 4 4 0 
61 2 16 1 6 0 
62 1 25 3 4 0 
63 4 27 3 9 0 
64 4 26 3 8 0 
65 3 33 3 5 0 
66 7 34 1 11 0 
67 5 29 2 8 0 
68 3 35 3 9 0 
69 6 33 4 9 0 
70 9 39 6 6 0 
71 4 45 6 12 0 
72 12 41 11 8 0 
73 8 48 6 12 0 
74 7 57 9 13 0 
75 3 54 18 8 0 
76 11 59 15 19 1 
77 5 75 22 18 0 
78 5 72 29 16 1 
79 10 61 31 14 0 
80 8 50 27 17 2 
81 3 71 33 18 1 
82 6 69 28 13 3 
83 5 75 27 17 4 
84 9 93 22 26 4 
85 15 95 28 27 7 
86 15 96 35 24 1 
87 15 108 37 26 2 
88 25 109 42 30 3 
89 22 116 46 39 6 
90 23 117 50 42 10 
91 20 132 49 40 7 
92 19 113 42 38 8 
93 29 124 41 63 9 
94 14 108 45 61 7 
95 27 128 60 41 4 
96 34 155 38 49 6 
97 25 167 64 45 9 
98 37 187 61 49 14 
99 37 183 75 55 10 
100 24 170 51 62 18 
101 30 173 57 81 19 
102 38 212 75 81 23 
103 31 209 81 77 25 
104 47 227 87 92 26 
105 59 201 95 116 25 
106 53 222 108 95 26 
107 58 225 98 121 18 
108 56 263 119 136 18 
109 61 268 114 136 28 
110 69 290 147 156 22 
111 88 301 149 154 29 
112 79 329 161 181 43 
113 81 319 175 161 33 
114 85 339 178 172 53 
115 88 344 192 169 55 
116 90 344 215 221 55 
117 66 380 230 233 43 
118 83 384 255 251 59 
119 89 414 252 283 81 
120 92 440 280 269 55 
121 114 464 253 287 59 
122 111 457 298 298 65 
123 94 488 275 310 63 
124 114 534 322 376 81 
125 145 542 330 367 80 
126 155 609 364 355 91 
127 134 566 386 396 92 
128 162 622 418 400 81 
129 153 651 352 418 75 
130 176 735 401 448 89 
131 143 703 479 499 86 
132 167 765 480 460 88 
133 180 778 500 511 102 
134 207 800 544 592 89 
135 185 852 529 588 108 
136 210 907 572 585 105 
137 219 953 592 612 104 
138 218 973 597 643 120 
139 226 1052 625 628 122 
140 217 1150 669 673 127 
141 225 1186 732 727 147 
142 243 1144 674 775 129 
143 239 1148 749 773 146 
144 245 1297 810 822 154 
145 252 1336 841 822 173 
146 299 1320 825 850 190 
147 294 1501 860 928 216 
148 345 1462 885 945 215 
149 355 1629 986 994 202 
150 368 1625 1013 1056 232 
151 394 1731 1075 1178 246 
152 436 1792 1091 1189 241 
153 414 1839 1124 1211 231 
154 485 2008 1115 1288 264 
155 484 2018 1152 1409 280 
156 502 2164 1280 1399 300 
157 521 2235 1371 1465 295 
158 565 2306 1453 1611 298 
159 512 2338 1509 1659 321 
160 607 2380 1593 1778 349 
161 646 2454 1658 1814 335 
162 683 2460 1702 1855 352 
163 696 2527 1789 1967 350 
164 725 2714 1877 2066 406 
165 675 2681 1949 2207 408 
166 706 2873 2046 2241 421 
167 812 2907 2067 2440 459 
168 849 2925 2203 2496 507 
169 840 2942 2324 2538 465 
170 907 3135 2360 2720 510 
171 920 2991 2499 2686 552 
172 1012 3136 2658 3038 593 
173 919 3224 2793 2993 558 
174 994 3330 2874 3207 607 
175 1015 3471 2990 3254 594 
176 1117 3435 3021 3339 664 
177 1131 3606 3223 3317 630 
178 1137 3564 3329 3452 649 
179 1192 3722 3459 3732 712 
180 1140 3773 3597 3769 689 
181 1208 3857 3665 3879 699 
182 1243 3820 3815 4020 750 
183 1327 3944 3913 3926 773 
184 1281 3927 4003 4099 824 
185 1337 3819 4165 4242 811 
186 1359 4057 4223 4299 819 
187 1425 4034 4276 4540 810 
188 1427 4028 4442 4399 829 
189 1482 4051 4498 4648 856 
190 1504 3977 4487 4716 906 
191 1544 4143 4604 4767 865 
192 1556 3994 4752 4884 872 
193 1617 4039 4870 4867 914 
194 1650 4161 5012 4911 847 
195 1647 4212 4946 4831 886 
196 1658 4156 4894 4975 967 
197 1640 4051 5015 5063 883 
198 1719 4036 5160 5000 924 
199 1712 3969 5339 5135 911 
200 1744 3902 5368 5141 947 
201 1726 4046 5348 5246 942 
202 1747 4044 5344 5238 923 
203 1679 4011 5334 5351 975 
204 1797 3912 5423 5228 954 
205 1769 3810 5357 5254 937 
206 1737 3857 5368 5228 955 
207 1721 3756 5261 5176 940 
208 1786 3733 5306 5181 978 
209 1711 3645 5222 5201 964 
210 1714 3553 5169 5164 984 
211 1720 3485 5321 5242 999 
212 1653 3447 5322 5128 964 
213 1710 3312 5252 5204 945 
214 1701 3228 5251 5209 941 
215 1555 3145 5213 5074 903 
216 1670 3081 5201 4980 922 
217 1629 3071 5097 5009 908 
218 1573 3089 5001 4878 926 
219 1542 2992 5063 4785 930 
220 1548 2912 4923 4733 898 
221 1511 2858 4777 4607 874 
222 1510 2638 4774 4535 859 
223 1480 2675 4615 4353 850 
224 1445 2613 4702 4341 855 
225 1414 2530 4461 4264 794 
226 1366 2466 4283 4108 843 
227 1330 2426 4214 3959 818 
228 1346 2347 4214 4092 685 
229 1353 2152 4004 3818 770 
230 1360 2207 4055 3787 755 
231 1348 2051 3861 3802 675 
232 1269 2065 3824 3736 704 
233 1244 2025 3607 3446 648 
234 1201 1904 3588 3501 698 
235 1203 1828 3515 3318 750 
236 1159 1823 3452 3254 669 
237 1164 1722 3361 3086 623 
238 1156 1705 3218 3060 622 
239 1077 1569 3122 2924 616 
240 982 1601 3000 2721 602 
241 962 1510 2974 2661 596 
242 995 1447 2814 2657 575 
243 899 1319 2697 2562 499 
244 912 1331 2679 2548 562 
245 886 1269 2531 2323 522 
246 812 1185 2465 2373 506 
247 829 1085 2502 2206 529 
248 777 1074 2342 2154 442 
249 836 1046 2320 2130 441 
250 773 1042 2279 1949 431 
251 702 984 2265 1873 452 
252 702 916 2176 1889 378 
253 657 840 2166 1879 417 
254 634 819 1893 1857 385 
255 586 753 1922 1702 338 
256 590 759 1844 1658 369 
257 546 776 1857 1596 356 
258 502 711 1746 1514 312 
259 524 698 1688 1378 246 
260 510 621 1622 1441 300 
261 487 630 1549 1389 268 
262 439 575 1503 1287 257 
263 405 592 1434 1188 279 
264 414 557 1316 1158 237 
265 419 498 1299 1123 234 
266 412 504 1276 1117 199 
267 373 442 1226 1068 199 
268 351 455 1082 1041 202 
269 358 406 1109 958 178 
270 348 428 1110 892 180 
271 326 392 978 828 167 
272 340 392 914 860 176 
273 298 351 906 847 175 
274 311 381 863 750 159 
275 313 352 818 727 140 
276 292 312 878 746 143 
277 263 342 781 724 128 
278 261 325 738 696 128 
279 253 309 699 612 122 
280 238 271 682 566 106 
281 232 297 706 582 107 
282 213 259 669 531 122 
283 214 230 629 537 114 
284 210 207 549 527 107 
285 183 212 521 497 94 
286 165 215 550 501 98 
287 141 226 496 453 68 
288 172 193 528 404 72 
289 159 155 439 417 70 
290 128 169 463 371 81 
291 112 178 441 373 65 
292 151 145 434 338 82 
293 121 158 404 310 70 
294 138 143 357 356 81 
295 142 135 351 264 57 
296 113 140 353 306 69 
297 129 122 314 279 60 
298 109 124 335 270 66 
299 86 107 314 237 67 
300 74 103 283 229 52 
301 79 111 278 231 60 
302 76 97 249 217 56 
303 71 101 244 210 45 
304 63 92 206 210 53 
305 88 105 251 198 59 
306 73 88 230 170 47 
307 73 100 198 185 50 
308 89 75 202 192 49 
309 57 70 213 195 42 
310 73 68 193 191 40 
311 66 67 162 160 33 
312 49 67 168 178 38 
313 54 68 156 162 48 
314 51 86 157 154 34 
315 40 66 159 138 48 
316 34 52 135 145 39 
317 42 46 162 126 34 
318 44 43 144 119 27 
319 38 51 121 105 30 
320 33 44 133 113 23 
321 39 52 124 103 25 
322 25 47 117 113 31 
323 35 42 126 109 30 
324 36 38 131 81 25 
325 32 58 113 86 19 
326 33 48 111 79 19 
327 19 36 101 81 22 
328 33 40 103 78 27 
329 27 38 89 67 22 
330 24 31 76 55 18 
331 25 42 86 51 16 
332 15 39 79 59 14 
333 21 30 86 49 19 
334 20 42 87 49 11 
335 16 35 80 35 11 
336 23 20 90 48 12 
337 13 25 80 54 20 
338 21 21 77 47 15 
339 14 24 74 56 20 
340 15 25 66 53 13 
341 14 26 62 40 16 
342 4 19 69 43 19 
343 11 16 70 45 12 
344 11 22 65 48 11 
345 12 16 58 35 10 
346 15 18 75 25 8 
347 6 18 63 34 5 
348 12 11 59 37 6 
349 7 15 43 29 7 
350 9 11 44 24 5 
351 6 17 45 28 6 
352 10 13 37 20 4 
353 12 16 40 21 7 
354 6 11 34 19 2 
355 10 13 42 26 3 
356 13 11 37 22 1 
357 12 9 32 21 5 
358 10 8 34 17 2 
359 7 9 28 15 4 
360 11 2 16 13 3 
361 6 5 24 15 3 
362 3 5 13 22 6 
363 13 3 19 15 2 
364 8 0 20 20 2 
365 6 9 13 13 5 
366 7 4 18 23 4 
367 8 5 13 12 2 
368 4 3 9 15 0 
369 4 2 11 18 4 
370 4 2 16 16 1 
371 3 1 9 13 0 
372 4 0 9 16 1 
373 1 1 9 4 1 
374 4 2 10 6 2 
375 1 2 16 3 2 
376 0 1 13 4 2 
377 3 2 11 4 1 
378 2 2 11 4 2 
379 2 1 10 6 1 
380 2 1 18 5 1 
381 3 3 8 2 0 
382 3 2 15 2 0 
383 3 4 8 4 0 
384 5 2 12 6 0 
385 4 2 12 4 0 
386 4 3 5 0 0 
387 1 2 8 4 1 
388 2 1 11 1 0 
389 2 1 4 0 1 
390 1 4 12 3 0 
391 1 3 14 1 0 
392 0 0 9 0 0 
393 1 0 7 0 0 
394 3 0 9 1 0 
395 1 0 8 0 0 
396 0 0 6 1 0 
397 1 0 5 0 0 
398 1 0 5 0 0 
399 0 0 4 1 0 
400 0 0 2 0 0 
401 0 1 2 0 0 
402 0 1 1 0 0 
403 0 0 2 0 0 
404 0 0 1 0 0 
405 0 0 0 0 0 
406 0 0 0 0 0 
407 0 0 0 0 0 
408 0 0 0 0 0 
409 0 0 0 0 0 
410 0 0 0 0 0 
