1 0 11 0 0 0 
2 0 13 0 1 0 
3 0 12 0 1 0 
4 0 12 0 2 0 
5 0 6 0 3 0 
6 0 6 0 4 0 
7 0 9 0 6 0 
8 0 5 0 5 0 
9 0 7 0 4 0 
10 0 13 0 4 0 
11 0 14 2 3 0 
12 0 12 2 2 0 
13 0 16 0 3 0 
14 0 15 0 5 0 
15 0 17 0 7 0 
16 0 12 1 9 0 
17 0 15 1 10 0 
18 0 11 1 10 0 
19 0 15 1 14 0 
20 0 9 2 14 0 
21 0 12 1 19 0 
22 0 15 0 15 0 
23 1 17 0 18 0 
24 2 15 0 13 0 
25 5 20 0 17 0 
26 5 20 0 20 0 
27 6 16 0 14 0 
28 4 21 1 11 0 
29 3 16 2 11 0 
30 3 17 1 18 0 
31 3 19 1 23 0 
32 6 22 2 19 0 
33 5 28 3 20 0 
34 7 30 4 23 0 
35 6 31 6 30 0 
36 6 45 9 28 0 
37 6 37 6 24 0 
38 8 43 11 25 1 
39 5 34 14 24 4 
40 8 36 13 27 7 
41 8 51 20 23 5 
42 12 56 21 18 5 
43 10 62 21 17 6 
44 10 72 26 20 4 
45 8 81 38 22 5 
46 10 95 36 23 6 
47 9 96 38 30 5 
48 12 106 36 20 6 
49 16 122 29 27 7 
50 18 125 38 20 7 
51 15 132 31 20 6 
52 19 157 42 25 6 
53 17 161 43 22 9 
54 20 194 31 28 5 
55 19 194 32 23 6 
56 14 225 39 30 7 
57 19 246 41 39 7 
58 32 252 45 37 10 
59 40 274 35 39 13 
60 42 268 35 43 9 
61 34 296 28 57 9 
62 40 316 33 64 8 
63 47 310 41 71 7 
64 56 361 54 70 12 
65 49 364 59 86 11 
66 52 384 62 93 15 
67 56 441 66 110 13 
68 57 481 74 107 14 
69 56 471 105 102 13 
70 56 490 114 102 14 
71 50 519 123 111 17 
72 65 572 131 130 14 
73 77 614 136 155 20 
74 82 667 140 169 21 
75 93 698 146 182 24 
76 98 743 154 187 27 
77 103 780 171 195 27 
78 105 799 203 219 30 
79 126 804 213 248 32 
80 121 888 251 268 30 
81 122 959 253 290 32 
82 131 1005 270 334 41 
83 142 1040 279 358 42 
84 153 1096 310 398 45 
85 163 1159 328 383 47 
86 168 1220 379 403 52 
87 169 1307 394 429 51 
88 197 1358 422 436 47 
89 210 1419 483 451 62 
90 224 1470 497 468 55 
91 224 1571 513 496 54 
92 232 1666 550 505 57 
93 236 1765 613 537 80 
94 254 1804 597 607 90 
95 277 1888 629 633 96 
96 282 2044 632 674 103 
97 315 2130 679 711 97 
98 338 2202 729 803 93 
99 358 2313 782 897 94 
100 391 2499 815 947 110 
101 431 2592 847 979 109 
102 452 2694 911 1068 103 
103 480 2836 958 1155 111 
104 506 2956 1008 1235 118 
105 555 3101 1092 1336 127 
106 553 3318 1167 1441 149 
107 574 3395 1231 1483 176 
108 606 3488 1276 1530 173 
109 617 3611 1363 1613 186 
110 645 3788 1476 1676 207 
111 652 3962 1513 1775 232 
112 655 4286 1610 1859 258 
113 688 4468 1710 1845 252 
114 719 4734 1825 1949 292 
115 773 4978 1921 2100 312 
116 829 5054 2029 2206 336 
117 872 5251 2197 2313 341 
118 906 5509 2348 2451 357 
119 921 5711 2465 2550 394 
120 991 5825 2609 2650 402 
121 1020 6056 2766 2874 425 
122 1032 6378 2979 3069 456 
123 1119 6562 3064 3216 466 
124 1212 6825 3199 3464 483 
125 1260 7018 3358 3676 521 
126 1299 7230 3605 3867 534 
127 1427 7469 3724 4132 567 
128 1575 7735 3935 4421 605 
129 1661 7841 4155 4554 671 
130 1744 7990 4336 4789 700 
131 1756 8160 4514 5106 707 
132 1846 8388 4718 5376 744 
133 1913 8602 4949 5500 786 
134 1968 8804 5195 5696 834 
135 1977 9060 5454 5876 876 
136 2057 9310 5676 6166 925 
137 2213 9482 5955 6474 966 
138 2207 9760 6101 6708 1024 
139 2323 9981 6241 6982 1083 
140 2423 10134 6575 7200 1141 
141 2502 10379 6785 7408 1203 
142 2629 10630 7047 7759 1228 
143 2668 10893 7425 7955 1328 
144 2801 11101 7798 8285 1400 
145 2893 11194 8068 8606 1484 
146 3008 11257 8331 9040 1501 
147 3009 11387 8598 9356 1502 
148 3022 11756 8940 9641 1564 
149 3214 11885 9193 9963 1598 
150 3354 12010 9585 10196 1636 
151 3384 12291 9817 10524 1756 
152 3511 12325 10047 10767 1775 
153 3646 12350 10209 11113 1818 
154 3684 12470 10650 11369 1892 
155 3816 12590 10851 11731 1945 
156 3915 12606 11168 12046 2088 
157 4165 12646 11543 12245 2144 
158 4275 12634 11773 12529 2245 
159 4370 12735 12104 12879 2322 
160 4480 12775 12318 13191 2413 
161 4457 12858 12632 13437 2503 
162 4526 12560 12886 13584 2546 
163 4654 12362 13036 13798 2626 
164 4724 12239 13150 14059 2673 
165 4733 12235 13452 14143 2677 
166 4741 12028 13707 14503 2711 
167 4721 11975 13901 14633 2758 
168 4676 11671 14144 14921 2842 
169 4695 11696 14327 15021 2865 
170 4695 11569 14402 15109 2926 
171 4755 11324 14505 15178 2880 
172 4822 11138 14735 15373 2874 
173 4820 11099 14855 15524 2971 
174 4883 10936 14976 15582 3013 
175 4847 10788 15045 15443 3015 
176 4857 10474 15020 15490 2991 
177 4868 10243 15012 15560 3046 
178 4856 9975 15030 15671 3034 
179 4893 9635 15239 15687 3031 
180 4890 9527 15149 15703 3003 
181 4835 9345 15196 15460 3029 
182 4786 9160 15249 15424 3043 
183 4821 8919 15028 15315 2990 
184 4785 8688 15043 15328 2936 
185 4729 8523 14938 15138 2904 
186 4598 8316 14807 15077 2889 
187 4496 8209 14570 15063 2869 
188 4505 8047 14616 14831 2851 
189 4583 7802 14346 14704 2825 
190 4638 7539 14171 14510 2818 
191 4677 7402 14136 14265 2781 
192 4608 7197 14017 13960 2754 
193 4565 7089 13773 13866 2731 
194 4423 6885 13663 13735 2677 
195 4379 6645 13329 13654 2654 
196 4348 6548 13269 13477 2564 
197 4318 6388 13069 13350 2564 
198 4284 6213 13027 13025 2556 
199 4206 5962 12693 12706 2550 
200 4128 5764 12560 12376 2524 
201 3954 5627 12291 11933 2515 
202 3892 5401 12144 11739 2466 
203 3843 5296 11959 11464 2372 
204 3777 5152 11955 11283 2307 
205 3736 5001 11588 11175 2337 
206 3670 4907 11414 10802 2313 
207 3535 4711 11091 10528 2275 
208 3406 4619 10875 10244 2216 
209 3305 4530 10728 10160 2146 
210 3312 4360 10360 9877 2095 
211 3137 4210 9912 9641 1990 
212 3087 3988 9761 9327 1922 
213 2965 3797 9424 9100 1933 
214 2849 3636 9265 8878 1859 
215 2709 3604 9038 8671 1830 
216 2591 3452 8872 8345 1796 
217 2636 3275 8589 8001 1746 
218 2521 3166 8359 7713 1700 
219 2382 3107 8115 7530 1652 
220 2337 2967 7994 7256 1599 
221 2227 2858 7730 7000 1493 
222 2091 2760 7469 6678 1452 
223 1987 2700 7113 6411 1372 
224 1943 2604 6818 6140 1378 
225 1915 2474 6578 5901 1319 
226 1824 2363 6349 5648 1268 
227 1796 2234 6065 5430 1220 
228 1720 2176 5769 5252 1207 
229 1674 1986 5656 5106 1203 
230 1644 1918 5512 4889 1151 
231 1547 1840 5249 4735 1133 
232 1495 1808 5081 4519 1072 
233 1506 1713 4790 4335 1066 
234 1431 1681 4618 4186 1019 
235 1360 1649 4528 4036 990 
236 1343 1589 4309 3849 927 
237 1322 1574 4215 3706 864 
238 1245 1527 4014 3606 818 
239 1175 1458 3902 3555 790 
240 1098 1364 3812 3420 762 
241 1080 1278 3706 3296 741 
242 1062 1244 3593 3116 710 
243 1001 1201 3407 3020 678 
244 975 1107 3302 2877 659 
245 958 1072 3128 2745 613 
246 897 1032 2980 2667 582 
247 820 988 2768 2569 601 
248 818 932 2625 2491 561 
249 793 901 2544 2397 530 
250 772 874 2483 2301 490 
251 724 837 2335 2130 465 
252 699 800 2216 2051 445 
253 681 759 2145 1969 413 
254 651 723 2048 1908 403 
255 627 697 1985 1799 407 
256 586 669 1952 1755 394 
257 585 649 1920 1656 376 
258 549 612 1852 1557 367 
259 549 564 1743 1504 362 
260 529 567 1729 1415 335 
261 491 522 1641 1364 331 
262 470 490 1595 1303 286 
263 439 463 1542 1255 286 
264 455 457 1473 1169 269 
265 429 450 1435 1158 259 
266 392 453 1390 1117 244 
267 379 435 1369 1068 217 
268 390 432 1303 1022 207 
269 360 406 1228 981 210 
270 326 379 1144 958 223 
271 307 346 1098 886 215 
272 284 318 1023 840 190 
273 255 300 1027 790 159 
274 254 283 957 762 159 
275 241 267 956 731 131 
276 236 266 938 706 119 
277 213 248 894 702 112 
278 217 236 826 641 98 
279 200 234 775 600 103 
280 205 230 751 591 107 
281 200 223 727 583 106 
282 182 220 693 549 96 
283 166 204 643 522 87 
284 149 201 621 478 85 
285 130 203 601 444 81 
286 119 210 569 448 68 
287 138 189 531 415 74 
288 134 180 538 417 72 
289 128 172 494 415 61 
290 128 161 490 382 56 
291 122 157 457 363 51 
292 124 156 421 349 45 
293 123 135 390 320 37 
294 109 132 376 301 36 
295 109 123 375 282 37 
296 89 129 366 266 35 
297 90 112 343 236 32 
298 90 105 340 224 33 
299 74 98 321 213 42 
300 68 90 308 221 40 
301 69 82 284 213 35 
302 79 72 276 212 33 
303 77 74 251 202 27 
304 80 64 230 185 32 
305 76 70 227 174 29 
306 65 75 208 169 28 
307 52 74 178 159 21 
308 54 73 167 157 20 
309 62 66 175 166 18 
310 68 66 166 165 20 
311 65 67 144 157 19 
312 57 56 149 150 20 
313 55 60 139 143 20 
314 58 66 129 130 15 
315 57 55 114 128 20 
316 57 55 114 127 21 
317 55 56 100 119 22 
318 49 56 100 106 22 
319 48 53 106 85 22 
320 50 55 94 77 19 
321 45 63 91 75 18 
322 42 56 91 72 16 
323 37 58 106 82 13 
324 37 52 108 74 11 
325 28 50 91 75 8 
326 25 49 93 73 11 
327 23 52 71 76 10 
328 25 56 77 62 9 
329 21 46 87 59 12 
330 14 43 82 61 12 
331 10 44 82 63 10 
332 17 42 78 61 10 
333 17 44 76 57 10 
334 12 38 81 51 10 
335 15 38 74 47 8 
336 18 44 75 52 8 
337 13 47 70 56 9 
338 14 48 72 52 6 
339 12 46 55 55 8 
340 12 47 49 60 10 
341 17 45 56 56 10 
342 16 47 64 54 9 
343 15 40 64 52 9 
344 12 45 58 48 5 
345 12 48 53 52 6 
346 13 50 52 42 9 
347 18 41 42 38 7 
348 13 36 40 44 4 
349 8 35 42 40 5 
350 5 33 30 29 6 
351 5 30 38 27 7 
352 5 33 37 25 4 
353 8 38 27 23 2 
354 11 36 25 21 4 
355 7 31 25 24 4 
356 9 31 26 22 6 
357 7 27 24 26 7 
358 8 26 19 26 6 
359 9 31 21 22 3 
360 6 27 18 18 3 
361 4 23 21 24 0 
362 5 26 20 21 1 
363 4 24 19 24 1 
364 3 22 14 28 1 
365 4 18 13 21 1 
366 6 19 11 20 0 
367 5 17 14 26 0 
368 6 14 18 29 0 
369 4 13 16 38 0 
370 5 8 14 39 0 
371 7 13 15 40 0 
372 4 12 19 46 0 
373 3 11 16 50 1 
374 3 9 17 53 1 
375 6 9 16 53 1 
376 5 8 13 46 0 
377 7 7 12 38 0 
378 7 6 15 39 0 
379 8 9 18 38 0 
380 9 5 17 34 0 
381 7 4 18 32 0 
382 8 6 15 23 0 
383 6 7 10 21 0 
384 8 10 10 19 0 
385 5 7 8 23 0 
386 2 7 9 22 0 
387 2 6 11 17 1 
388 2 5 10 11 2 
389 3 5 5 6 1 
390 2 4 7 4 1 
391 1 8 5 3 1 
392 0 7 4 3 0 
393 0 5 4 4 0 
394 1 3 2 5 0 
395 1 5 2 4 0 
396 2 4 1 7 0 
397 1 3 2 5 0 
398 1 3 3 6 0 
399 1 5 3 5 0 
400 1 4 2 5 0 
401 1 5 5 5 0 
402 1 4 3 3 0 
403 1 5 3 4 0 
404 1 3 5 5 0 
405 1 1 4 7 0 
406 0 1 5 5 0 
407 0 1 3 7 0 
408 0 1 4 9 0 
409 0 2 3 6 0 
410 0 2 3 7 0 
411 0 2 4 8 0 
412 0 1 3 8 0 
413 0 1 1 6 0 
414 0 2 1 4 0 
415 0 0 1 3 0 
416 0 0 1 4 0 
417 0 0 2 5 0 
418 0 0 2 7 0 
419 0 0 0 10 0 
420 0 0 1 7 0 
421 0 0 2 6 0 
422 0 0 1 7 0 
423 0 0 1 5 0 
424 0 0 1 6 0 
425 0 0 0 6 0 
426 2 0 0 4 0 
427 1 0 0 5 0 
428 1 0 0 6 0 
429 1 0 0 6 0 
430 1 0 0 4 0 
431 1 0 0 4 0 
432 0 0 0 3 0 
433 0 0 0 3 0 
434 0 0 0 2 0 
435 0 0 0 2 0 
436 0 0 0 2 0 
437 0 0 0 1 0 
438 0 0 0 0 0 
