1 0 18 0 0 0 
2 0 13 0 1 0 
3 0 14 0 0 1 
4 0 13 1 0 1 
5 1 15 1 0 0 
6 1 15 0 0 0 
7 2 19 0 1 0 
8 1 23 0 2 0 
9 1 25 0 2 0 
10 2 27 0 1 0 
11 1 34 1 1 0 
12 3 34 0 0 0 
13 4 37 0 0 0 
14 6 44 0 0 0 
15 4 42 0 0 0 
16 3 42 0 0 0 
17 1 40 0 0 0 
18 1 44 1 0 0 
19 1 51 1 1 0 
20 1 66 1 2 0 
21 3 78 2 2 0 
22 2 81 3 4 0 
23 8 80 4 3 0 
24 11 85 6 6 0 
25 10 102 7 12 1 
26 6 101 10 12 1 
27 6 108 12 15 1 
28 5 108 16 15 1 
29 4 112 22 15 1 
30 11 125 19 15 1 
31 10 114 20 16 2 
32 10 119 22 19 2 
33 15 128 25 21 2 
34 19 132 29 20 2 
35 16 140 33 28 2 
36 15 140 29 27 4 
37 16 159 30 23 4 
38 22 150 34 26 5 
39 24 147 32 40 6 
40 29 156 30 41 4 
41 19 149 40 47 3 
42 28 172 42 45 3 
43 25 178 39 46 3 
44 26 179 46 66 4 
45 26 204 50 74 4 
46 33 210 58 62 5 
47 32 225 58 73 6 
48 27 229 63 75 8 
49 24 235 57 71 7 
50 20 263 60 87 5 
51 16 291 52 97 4 
52 15 301 63 106 12 
53 25 324 76 116 16 
54 27 336 77 118 8 
55 34 363 74 138 7 
56 41 385 82 136 10 
57 46 403 98 123 15 
58 50 405 98 143 16 
59 47 442 101 156 17 
60 64 472 117 151 17 
61 73 543 122 156 24 
62 64 548 141 174 26 
63 75 591 170 187 24 
64 78 617 208 210 23 
65 78 623 226 241 30 
66 82 622 238 229 32 
67 95 654 256 256 37 
68 94 682 283 267 50 
69 100 738 306 293 46 
70 118 789 299 296 42 
71 126 838 329 325 43 
72 137 930 366 332 44 
73 156 935 378 392 46 
74 159 989 380 414 43 
75 150 1074 401 437 45 
76 180 1090 438 474 51 
77 189 1152 441 518 67 
78 194 1223 455 580 71 
79 222 1268 497 641 80 
80 229 1356 557 666 82 
81 257 1390 569 715 104 
82 267 1470 625 747 110 
83 293 1567 682 774 114 
84 311 1651 741 846 132 
85 344 1715 756 865 138 
86 362 1807 810 914 145 
87 374 1867 840 973 148 
88 389 1961 871 1056 155 
89 379 2076 961 1121 156 
90 380 2154 972 1202 157 
91 403 2317 1024 1188 166 
92 413 2455 1076 1260 192 
93 447 2601 1158 1319 206 
94 473 2684 1229 1362 210 
95 486 2770 1269 1465 224 
96 512 2804 1371 1546 229 
97 570 2953 1469 1631 254 
98 564 3102 1521 1694 249 
99 595 3251 1606 1830 251 
100 606 3424 1671 1944 260 
101 628 3468 1764 2085 282 
102 677 3705 1874 2185 300 
103 736 3915 2021 2262 316 
104 786 4073 2200 2337 316 
105 823 4269 2342 2465 338 
106 881 4525 2384 2660 335 
107 930 4745 2500 2834 341 
108 936 4979 2660 2964 372 
109 992 5220 2763 3100 395 
110 1031 5412 2887 3284 402 
111 1046 5674 2976 3428 422 
112 1091 5791 3123 3487 466 
113 1157 6066 3254 3596 480 
114 1201 6318 3364 3748 534 
115 1212 6483 3608 3896 560 
116 1307 6789 3798 4060 591 
117 1398 7131 3938 4312 605 
118 1489 7338 4010 4521 645 
119 1565 7616 4226 4686 674 
120 1577 7829 4473 4874 727 
121 1675 8081 4688 5082 761 
122 1775 8225 4960 5386 785 
123 1853 8597 5051 5678 847 
124 1901 8916 5322 5921 903 
125 2022 9242 5594 6174 937 
126 2137 9480 5803 6366 974 
127 2243 9635 6111 6659 984 
128 2311 9835 6383 7005 991 
129 2488 10097 6721 7209 1073 
130 2598 10321 6985 7622 1115 
131 2669 10707 7221 7960 1158 
132 2737 10949 7463 8361 1256 
133 2821 11150 7869 8614 1377 
134 2896 11355 8222 8972 1432 
135 2944 11645 8477 9279 1471 
136 3115 11898 8730 9507 1544 
137 3240 12092 8994 9966 1616 
138 3296 12269 9371 10220 1614 
139 3395 12425 9618 10567 1664 
140 3554 12468 9962 11017 1739 
141 3639 12551 10410 11338 1799 
142 3786 12855 10734 11505 1882 
143 3911 12998 11163 11692 1872 
144 4067 13114 11544 11987 1892 
145 4220 13085 11756 12170 2006 
146 4316 13136 12002 12602 2070 
147 4373 13186 12353 12831 2120 
148 4416 13289 12584 13066 2219 
149 4446 13195 12985 13271 2319 
150 4474 13096 13270 13561 2418 
151 4612 13029 13515 13700 2498 
152 4740 13032 13699 14089 2570 
153 4729 12979 14027 14220 2684 
154 4683 12979 14386 14496 2643 
155 4783 12778 14696 14662 2646 
156 4820 12725 14774 14921 2682 
157 4892 12611 14997 15156 2727 
158 4963 12471 15112 15254 2765 
159 4947 12393 15379 15506 2789 
160 5020 12203 15552 15710 2822 
161 4966 12035 15651 15871 2846 
162 5042 11951 15668 15977 2866 
163 4983 11688 15657 16153 2943 
164 5050 11649 15757 16211 3016 
165 5134 11459 16010 16267 2995 
166 5225 11142 16139 16256 3045 
167 5244 10839 16267 16109 3040 
168 5262 10361 16188 16043 3080 
169 5159 10287 16248 16021 3097 
170 5184 10061 16340 16043 3038 
171 5203 9875 16232 15972 3022 
172 5127 9692 16178 15978 3097 
173 5085 9482 16333 15914 3051 
174 5047 9244 16029 15617 3054 
175 4988 8837 15819 15350 3020 
176 4870 8611 15674 15148 3028 
177 4813 8309 15560 14936 2976 
178 4700 7988 15250 14739 2957 
179 4694 7756 15115 14501 3026 
180 4669 7507 14886 14193 2948 
181 4619 7224 14618 13950 2992 
182 4530 6969 14387 13776 2941 
183 4435 6821 14150 13652 2904 
184 4339 6624 13840 13271 2782 
185 4151 6423 13545 12967 2681 
186 4166 6138 13303 12759 2601 
187 4082 5994 13031 12404 2615 
188 3998 5921 12842 12046 2532 
189 3813 5757 12649 11764 2399 
190 3773 5571 12471 11622 2347 
191 3667 5323 12089 11415 2316 
192 3504 5158 11831 11163 2257 
193 3381 4901 11699 10894 2205 
194 3336 4789 11406 10678 2091 
195 3179 4640 10997 10414 2012 
196 3092 4485 10709 10130 1922 
197 3150 4295 10360 9722 1827 
198 3068 4102 9880 9389 1767 
199 2973 3924 9549 9183 1773 
200 2845 3764 9329 9025 1712 
201 2752 3594 9062 8722 1693 
202 2643 3415 8707 8451 1622 
203 2599 3232 8326 8210 1579 
204 2565 3166 8055 7915 1509 
205 2508 3034 7831 7719 1481 
206 2418 2900 7556 7419 1443 
207 2357 2782 7304 7185 1381 
208 2270 2699 6979 6931 1365 
209 2222 2596 6803 6629 1328 
210 2150 2547 6657 6367 1298 
211 2052 2448 6469 6187 1243 
212 2034 2438 6242 5930 1199 
213 1962 2303 6040 5650 1156 
214 1865 2231 5942 5336 1120 
215 1837 2150 5758 5128 1084 
216 1764 2070 5427 4922 1100 
217 1667 2073 5162 4713 1086 
218 1664 2031 4967 4467 1035 
219 1595 1983 4820 4264 1026 
220 1551 1915 4681 4150 985 
221 1480 1849 4563 4024 974 
222 1460 1863 4364 3875 911 
223 1425 1801 4241 3788 866 
224 1343 1678 4021 3655 841 
225 1273 1615 3813 3502 819 
226 1204 1574 3662 3281 788 
227 1135 1528 3457 3167 743 
228 1074 1453 3357 3071 723 
229 1067 1340 3213 2906 692 
230 1025 1325 3110 2816 648 
231 1015 1244 2967 2681 681 
232 983 1193 2835 2506 672 
233 870 1170 2702 2353 645 
234 866 1092 2558 2236 613 
235 816 1032 2466 2135 579 
236 799 1001 2316 2027 570 
237 749 936 2221 1929 518 
238 713 917 2086 1824 493 
239 660 910 1991 1839 468 
240 637 869 1966 1703 454 
241 628 869 1940 1655 441 
242 582 808 1926 1621 427 
243 547 762 1889 1513 416 
244 517 784 1777 1405 416 
245 517 722 1642 1366 436 
246 510 724 1550 1276 416 
247 483 748 1563 1192 406 
248 455 717 1440 1127 440 
249 437 705 1407 1125 422 
250 433 670 1363 1065 420 
251 412 644 1288 1022 401 
252 395 622 1220 986 375 
253 382 620 1215 976 371 
254 377 627 1213 949 355 
255 357 572 1159 942 333 
256 348 534 1114 884 296 
257 348 519 1085 883 266 
258 341 503 1055 814 257 
259 336 479 995 780 262 
260 317 447 907 747 272 
261 330 423 850 741 276 
262 313 426 784 710 272 
263 317 406 795 709 256 
264 287 385 788 704 235 
265 298 358 729 638 221 
266 293 356 701 617 231 
267 283 328 676 588 207 
268 270 313 654 575 204 
269 290 298 614 559 200 
270 260 280 566 546 165 
271 241 265 530 515 170 
272 230 255 524 486 150 
273 210 224 492 454 137 
274 195 210 494 424 126 
275 170 198 491 415 118 
276 155 193 483 392 110 
277 160 183 455 379 118 
278 145 168 430 388 126 
279 130 167 406 379 109 
280 134 169 374 382 97 
281 123 166 354 339 82 
282 113 154 362 310 74 
283 100 156 328 308 64 
284 105 151 310 298 62 
285 98 148 288 296 52 
286 96 141 276 280 52 
287 94 136 282 282 53 
288 98 132 263 272 53 
289 88 127 266 267 42 
290 87 131 240 252 46 
291 93 122 247 250 46 
292 79 125 245 236 42 
293 81 107 232 217 40 
294 84 94 249 221 40 
295 75 105 246 207 43 
296 83 106 219 183 51 
297 74 96 200 184 40 
298 64 89 186 170 40 
299 71 78 187 161 45 
300 77 77 189 149 42 
301 81 91 192 152 38 
302 67 92 181 163 40 
303 60 75 174 159 33 
304 56 68 162 170 32 
305 61 74 172 167 28 
306 56 65 166 161 17 
307 47 54 158 152 16 
308 50 48 156 158 15 
309 57 43 146 149 17 
310 51 39 151 134 13 
311 52 36 144 129 13 
312 52 34 135 125 20 
313 55 33 130 120 19 
314 58 28 119 117 24 
315 54 30 116 120 24 
316 51 28 122 130 22 
317 41 28 95 122 21 
318 43 16 107 114 16 
319 41 17 102 105 18 
320 41 13 93 92 19 
321 43 17 81 97 16 
322 44 10 75 94 13 
323 45 11 69 79 11 
324 42 10 60 78 12 
325 29 13 50 77 10 
326 26 14 43 78 12 
327 28 10 33 80 12 
328 25 10 24 92 11 
329 25 13 19 76 9 
330 26 14 19 60 7 
331 21 13 27 66 3 
332 26 14 34 64 3 
333 23 12 38 60 4 
334 27 12 37 58 2 
335 22 12 40 51 1 
336 19 11 34 46 0 
337 19 12 30 43 0 
338 18 11 46 46 0 
339 15 7 44 42 1 
340 12 7 46 46 1 
341 13 10 46 45 0 
342 10 11 44 50 0 
343 15 12 44 38 0 
344 15 13 49 41 1 
345 17 16 43 38 1 
346 18 16 42 37 1 
347 17 15 33 33 1 
348 9 13 28 31 2 
349 9 14 27 35 2 
350 8 19 30 38 2 
351 9 17 31 38 2 
352 8 15 30 33 1 
353 8 12 27 29 1 
354 7 13 25 28 1 
355 5 15 22 27 1 
356 5 12 20 26 0 
357 8 9 17 22 0 
358 7 7 13 21 0 
359 5 8 9 19 0 
360 6 12 8 18 0 
361 9 14 6 14 0 
362 6 12 12 11 0 
363 6 8 12 13 0 
364 4 5 12 11 0 
365 3 5 11 7 0 
366 3 2 10 8 0 
367 7 2 12 9 0 
368 6 2 17 9 0 
369 6 2 16 8 0 
370 6 1 16 8 0 
371 4 1 20 6 0 
372 4 2 20 10 0 
373 5 0 23 6 0 
374 4 0 19 5 0 
375 4 0 17 7 0 
376 2 0 19 4 0 
377 1 1 19 2 0 
378 2 1 18 3 0 
379 3 2 21 2 0 
380 0 1 20 4 0 
381 0 1 22 4 1 
382 1 1 23 4 1 
383 3 0 25 5 1 
384 6 0 21 6 0 
385 5 0 23 7 0 
386 4 1 20 5 0 
387 4 0 23 4 0 
388 2 1 23 6 0 
389 2 1 24 9 0 
390 3 1 23 11 0 
391 2 4 20 16 0 
392 3 1 14 16 0 
393 3 2 19 15 0 
394 1 2 27 21 0 
395 1 2 23 27 0 
396 0 3 25 33 0 
397 0 0 24 31 1 
398 0 1 24 31 1 
399 2 1 19 35 1 
400 2 1 19 35 0 
401 2 2 15 40 0 
402 1 3 14 43 1 
403 1 5 18 38 1 
404 2 8 15 30 1 
405 3 7 15 30 0 
406 4 9 8 26 0 
407 5 9 8 17 0 
408 2 6 7 16 1 
409 2 4 5 16 1 
410 1 1 6 12 1 
411 2 1 8 11 2 
412 1 2 7 10 3 
413 0 2 5 9 5 
414 1 2 6 11 4 
415 0 1 6 9 4 
416 2 1 5 6 4 
417 2 0 4 5 6 
418 1 0 4 7 5 
419 0 0 2 7 4 
420 0 0 2 8 3 
421 0 0 2 8 3 
422 0 0 1 8 1 
423 1 0 1 9 1 
424 2 0 0 5 1 
425 2 0 0 6 1 
426 2 0 0 8 0 
427 2 0 0 6 0 
428 1 0 1 4 0 
429 0 0 3 4 0 
430 1 0 3 3 0 
431 1 0 4 2 0 
432 0 0 3 1 0 
433 0 0 1 2 0 
434 0 0 1 3 0 
435 0 0 1 3 0 
436 0 0 1 3 0 
437 0 0 2 1 0 
438 0 0 3 0 0 
439 0 0 1 1 0 
440 0 0 0 1 0 
441 1 0 0 1 0 
442 0 0 0 1 0 
443 0 0 0 0 0 
