1 0 6 0 0 0 
2 0 5 0 0 0 
3 0 9 0 0 0 
4 0 14 0 0 0 
5 1 3 0 2 0 
6 0 5 2 0 0 
7 1 3 1 1 0 
8 0 6 0 2 0 
9 0 10 1 0 0 
10 2 5 0 3 0 
11 0 7 0 3 0 
12 1 9 0 0 0 
13 0 9 0 4 0 
14 0 11 0 1 0 
15 5 10 0 5 0 
16 2 11 1 2 0 
17 0 10 1 2 0 
18 1 19 0 2 0 
19 0 12 0 4 1 
20 0 18 0 3 1 
21 1 21 0 8 0 
22 2 20 1 5 1 
23 4 16 0 2 0 
24 7 15 0 6 0 
25 3 24 0 8 0 
26 4 22 0 5 0 
27 7 13 0 3 0 
28 3 28 4 5 0 
29 7 24 4 10 0 
30 5 22 5 4 0 
31 6 30 8 3 0 
32 10 28 5 7 0 
33 5 34 9 8 0 
34 6 25 6 6 0 
35 14 35 8 7 0 
36 9 35 4 8 0 
37 8 43 4 12 0 
38 7 53 4 13 3 
39 3 38 8 11 0 
40 7 46 7 15 0 
41 14 37 10 21 1 
42 6 44 8 21 1 
43 6 55 6 16 0 
44 10 48 9 32 1 
45 11 56 6 25 1 
46 6 59 10 23 0 
47 10 62 13 38 1 
48 7 89 17 26 2 
49 10 90 8 47 4 
50 11 97 13 32 4 
51 18 131 11 36 1 
52 14 122 7 44 3 
53 24 121 17 38 6 
54 11 110 22 48 4 
55 13 153 17 45 4 
56 9 156 25 42 4 
57 17 145 27 48 1 
58 19 153 24 51 1 
59 27 174 44 73 9 
60 30 205 46 65 4 
61 24 218 48 66 1 
62 21 226 55 60 5 
63 37 267 55 69 5 
64 39 264 67 66 5 
65 37 261 75 71 6 
66 35 242 77 82 2 
67 31 256 74 65 10 
68 48 274 90 60 11 
69 43 268 107 73 4 
70 32 301 109 97 10 
71 48 300 130 90 8 
72 49 279 148 116 13 
73 34 316 133 124 19 
74 60 340 125 136 20 
75 79 343 138 130 26 
76 73 365 174 139 19 
77 77 346 169 140 15 
78 63 355 147 159 23 
79 83 410 157 169 15 
80 72 420 141 154 14 
81 77 445 158 198 20 
82 77 435 179 166 23 
83 87 409 201 203 21 
84 68 445 209 179 25 
85 81 547 218 240 21 
86 86 529 224 242 30 
87 95 566 214 267 34 
88 104 606 242 274 37 
89 123 592 244 276 51 
90 101 650 250 299 55 
91 115 723 281 298 48 
92 135 701 309 330 47 
93 126 768 324 302 37 
94 124 774 335 367 45 
95 161 832 364 361 47 
96 180 894 424 367 57 
97 166 861 436 427 62 
98 197 959 467 465 67 
99 176 990 440 465 67 
100 208 1013 490 428 60 
101 189 1061 543 525 56 
102 243 1179 517 569 63 
103 260 1184 615 557 75 
104 236 1247 634 594 81 
105 275 1349 691 620 80 
106 257 1333 705 657 114 
107 278 1450 692 709 83 
108 301 1470 774 719 98 
109 273 1553 835 744 107 
110 343 1651 856 785 106 
111 322 1629 901 883 95 
112 351 1643 940 903 128 
113 369 1707 982 925 144 
114 412 1798 1000 1074 142 
115 413 1878 1059 1029 150 
116 411 1965 1171 1102 159 
117 424 2016 1129 1057 158 
118 428 1927 1140 1207 164 
119 460 2172 1174 1258 170 
120 454 2230 1226 1263 194 
121 473 2248 1341 1248 159 
122 515 2315 1390 1301 184 
123 527 2529 1379 1442 184 
124 547 2498 1407 1456 197 
125 593 2658 1504 1558 202 
126 648 2606 1591 1609 238 
127 622 2736 1750 1729 237 
128 662 2811 1745 1720 251 
129 693 2854 1781 1848 277 
130 725 2956 2039 1922 289 
131 777 3178 2041 2007 299 
132 791 3197 2075 1964 290 
133 833 3179 2139 2048 329 
134 792 3474 2280 2239 344 
135 815 3398 2409 2283 366 
136 832 3447 2447 2403 397 
137 879 3642 2586 2432 403 
138 932 3547 2638 2513 360 
139 993 3636 2739 2572 433 
140 976 3646 2843 2688 441 
141 1025 3763 2913 2741 425 
142 1045 3848 2937 2908 450 
143 1062 3620 3020 3052 461 
144 1078 3724 3250 3000 476 
145 1137 3809 3321 3200 499 
146 1113 3972 3385 3248 513 
147 1180 3910 3324 3362 555 
148 1154 3918 3524 3535 555 
149 1168 3952 3704 3631 597 
150 1314 3903 3810 3675 564 
151 1310 3896 3974 3703 629 
152 1336 4055 4110 3878 674 
153 1443 3912 4126 4077 720 
154 1423 4036 4289 4187 697 
155 1458 3985 4396 4319 728 
156 1455 3956 4522 4302 711 
157 1472 3984 4545 4401 832 
158 1444 3956 4594 4403 829 
159 1465 3789 4788 4492 842 
160 1463 3894 4824 4556 892 
161 1560 3972 4841 4747 840 
162 1532 4014 4866 4798 791 
163 1563 3872 4973 4706 873 
164 1573 3841 5075 4701 918 
165 1614 3774 5145 4783 883 
166 1602 3767 5205 4877 894 
167 1618 3560 5124 4903 925 
168 1630 3606 5155 4916 899 
169 1638 3632 5186 5085 867 
170 1676 3607 5134 4870 936 
171 1620 3404 5198 5081 959 
172 1720 3382 5269 5008 968 
173 1647 3245 5271 5044 932 
174 1689 3246 5253 5129 909 
175 1637 3194 5329 5002 985 
176 1702 3274 5275 5083 929 
177 1691 3133 5326 5135 976 
178 1682 3103 5176 5049 938 
179 1559 2998 5220 5146 958 
180 1556 2985 5346 4934 940 
181 1609 2906 5178 4753 985 
182 1604 2841 5228 4725 948 
183 1582 2846 5082 4636 966 
184 1434 2702 5023 4661 932 
185 1527 2596 4879 4617 1011 
186 1523 2505 4845 4463 938 
187 1431 2497 4767 4432 971 
188 1448 2419 4696 4313 880 
189 1458 2382 4660 4220 907 
190 1420 2355 4576 4248 901 
191 1357 2251 4505 4095 888 
192 1372 2122 4308 3899 893 
193 1367 2067 4204 3762 934 
194 1281 2080 4163 3750 820 
195 1285 2039 4249 3732 833 
196 1252 1969 4118 3783 789 
197 1188 1947 3811 3549 861 
198 1207 1747 3900 3500 821 
199 1213 1790 3828 3465 816 
200 1113 1704 3672 3371 833 
201 1137 1641 3757 3354 815 
202 1158 1571 3628 3155 729 
203 1075 1465 3536 3153 756 
204 1055 1427 3412 3055 756 
205 1040 1381 3338 3134 711 
206 977 1367 3117 2965 702 
207 1070 1341 3248 2884 682 
208 962 1282 3157 2967 694 
209 995 1239 3003 2833 618 
210 865 1187 2848 2650 641 
211 904 1166 2774 2565 586 
212 888 1123 2707 2566 546 
213 833 1038 2642 2491 567 
214 762 1038 2545 2484 545 
215 823 978 2519 2231 486 
216 791 1024 2368 2315 524 
217 756 961 2257 2165 464 
218 691 945 2186 2153 457 
219 669 877 2078 1988 440 
220 666 822 2024 1914 445 
221 640 819 1917 1894 406 
222 612 747 1836 1759 431 
223 576 682 1814 1743 345 
224 560 684 1719 1699 345 
225 580 667 1728 1617 377 
226 519 686 1642 1534 375 
227 536 698 1503 1544 319 
228 461 617 1503 1444 296 
229 500 591 1397 1420 278 
230 462 576 1304 1287 272 
231 442 518 1243 1355 268 
232 446 469 1247 1247 264 
233 486 473 1182 1192 258 
234 412 442 1136 1138 266 
235 415 453 1071 1054 235 
236 418 461 1045 1041 257 
237 358 456 1015 1012 216 
238 333 397 995 905 215 
239 344 371 925 938 206 
240 292 351 906 852 192 
241 326 363 894 841 199 
242 303 339 818 798 203 
243 281 337 844 754 215 
244 274 267 837 758 202 
245 280 284 790 699 199 
246 265 296 757 680 176 
247 232 283 735 592 141 
248 213 265 716 634 175 
249 208 250 653 579 158 
250 216 235 626 622 148 
251 205 218 616 551 140 
252 183 194 654 534 133 
253 187 181 582 509 157 
254 196 216 512 487 122 
255 176 173 553 482 127 
256 155 190 452 440 93 
257 151 154 434 455 101 
258 142 115 460 413 114 
259 159 151 392 389 78 
260 127 143 424 409 64 
261 126 136 376 335 82 
262 114 150 385 353 61 
263 129 115 347 310 61 
264 108 115 340 296 74 
265 102 101 324 324 66 
266 99 99 299 296 69 
267 85 86 298 286 65 
268 91 106 270 288 61 
269 88 69 252 265 55 
270 84 70 267 255 39 
271 73 85 236 242 55 
272 84 88 234 220 52 
273 72 86 226 206 51 
274 82 95 229 207 38 
275 55 75 189 195 43 
276 68 95 193 168 47 
277 70 75 184 150 46 
278 61 77 158 164 46 
279 62 79 155 148 45 
280 46 61 125 140 42 
281 56 84 139 137 35 
282 35 55 141 140 26 
283 41 73 140 101 42 
284 36 52 113 106 22 
285 46 58 100 129 29 
286 40 52 131 116 35 
287 33 65 111 102 28 
288 30 62 112 115 26 
289 28 56 103 85 35 
290 29 52 113 95 29 
291 25 46 92 72 36 
292 31 59 99 92 35 
293 41 53 87 78 27 
294 38 42 94 66 27 
295 39 41 110 73 26 
296 36 41 93 58 19 
297 36 27 91 60 22 
298 29 25 86 49 31 
299 34 45 85 53 25 
300 23 25 87 45 21 
301 29 22 62 39 17 
302 19 41 66 37 19 
303 16 26 71 38 14 
304 28 33 69 50 16 
305 26 24 57 40 15 
306 13 29 53 41 17 
307 17 25 45 32 8 
308 13 26 46 25 11 
309 16 18 56 31 9 
310 14 20 43 28 18 
311 13 16 44 35 13 
312 19 29 44 22 15 
313 11 21 40 28 8 
314 11 11 41 17 13 
315 16 15 41 25 9 
316 9 14 32 23 6 
317 10 12 40 24 9 
318 13 15 37 18 8 
319 7 14 32 17 8 
320 11 12 25 27 7 
321 10 8 35 18 7 
322 7 13 24 23 4 
323 9 7 33 11 2 
324 8 10 20 13 4 
325 5 12 19 11 2 
326 10 13 30 11 3 
327 9 5 33 13 2 
328 6 10 27 10 2 
329 8 10 22 7 3 
330 4 11 26 9 3 
331 10 10 17 9 2 
332 3 11 23 6 0 
333 3 12 22 14 3 
334 7 11 16 15 5 
335 5 10 18 8 2 
336 1 9 11 9 1 
337 1 6 8 14 2 
338 3 8 6 6 5 
339 6 10 7 8 2 
340 3 5 12 6 1 
341 5 5 6 9 0 
342 0 14 5 2 2 
343 3 10 7 4 0 
344 1 11 3 6 0 
345 0 5 6 5 0 
346 1 8 2 1 0 
347 0 6 7 4 0 
348 3 4 3 3 0 
349 1 2 4 1 0 
350 0 3 5 1 0 
351 2 3 5 0 1 
352 1 6 3 0 0 
353 0 4 4 1 0 
354 1 6 5 0 0 
355 0 4 2 1 0 
356 1 4 5 0 0 
357 1 2 8 1 0 
358 1 2 3 1 0 
359 1 2 2 0 0 
360 0 4 4 1 0 
361 1 2 1 3 1 
362 1 4 2 1 0 
363 1 9 1 1 0 
364 1 2 2 1 0 
365 0 4 3 0 0 
366 0 3 0 1 0 
367 1 3 0 2 0 
368 0 2 0 0 0 
369 3 3 2 1 0 
370 3 5 3 1 0 
371 2 5 3 1 0 
372 0 5 4 0 0 
373 3 5 0 2 0 
374 6 2 2 1 0 
375 1 7 2 0 0 
376 0 4 0 1 0 
377 0 4 1 1 0 
378 1 1 0 0 0 
379 0 1 0 0 0 
380 1 4 0 0 0 
381 1 1 2 1 0 
382 1 3 0 2 0 
383 1 1 1 0 0 
384 2 0 0 1 0 
385 2 0 0 0 0 
386 2 0 0 0 0 
387 1 0 2 0 0 
388 1 0 0 0 0 
389 1 0 0 0 0 
390 1 0 1 0 0 
391 2 0 2 3 0 
392 1 0 1 0 0 
393 0 2 0 0 0 
394 0 2 0 0 0 
395 0 1 0 0 0 
396 2 1 1 1 0 
397 1 0 0 1 0 
398 0 0 0 2 1 
399 0 0 0 0 0 
400 0 0 0 0 0 
401 3 0 0 1 0 
402 1 1 2 0 0 
403 1 0 0 1 0 
404 2 0 1 4 0 
405 0 0 2 2 0 
406 0 0 0 1 0 
407 0 1 0 0 0 
408 0 1 0 1 0 
409 0 0 0 3 0 
410 1 1 0 5 0 
411 0 0 0 2 0 
412 0 0 1 4 0 
413 0 2 0 4 0 
414 0 1 0 2 0 
415 2 1 0 2 0 
416 1 1 0 0 0 
417 0 0 0 3 0 
418 0 0 0 4 0 
419 0 0 0 3 0 
420 0 1 0 3 0 
421 0 0 0 5 0 
422 0 0 0 2 0 
423 0 0 0 3 0 
424 0 0 0 1 0 
425 0 0 0 0 0 
426 0 0 0 0 0 
427 0 0 0 2 0 
428 0 0 0 2 0 
429 0 0 0 2 0 
430 0 0 0 0 0 
