1 0 2 0 0 0 
2 0 4 0 0 0 
3 0 1 0 0 0 
4 0 4 0 0 0 
5 0 5 0 0 0 
6 0 3 0 0 0 
7 0 4 0 0 0 
8 0 3 0 0 0 
9 0 3 0 0 0 
10 0 3 0 1 0 
11 0 1 0 0 0 
12 0 4 0 0 0 
13 1 3 0 0 0 
14 1 3 0 0 0 
15 3 2 0 0 0 
16 0 2 1 0 0 
17 1 1 0 0 0 
18 0 3 1 0 0 
19 3 1 0 0 0 
20 1 3 0 2 0 
21 2 3 0 0 0 
22 2 7 0 1 0 
23 1 8 0 0 0 
24 0 3 0 3 0 
25 0 11 0 3 0 
26 1 11 1 1 0 
27 0 7 0 2 0 
28 1 9 0 3 0 
29 0 7 1 2 0 
30 1 13 0 1 0 
31 1 12 0 0 0 
32 1 11 0 0 0 
33 2 11 0 0 0 
34 0 17 1 0 0 
35 2 20 0 2 0 
36 2 20 1 1 0 
37 6 27 0 0 0 
38 0 20 1 0 0 
39 3 13 0 2 0 
40 0 15 1 1 0 
41 3 21 0 2 0 
42 1 23 0 2 0 
43 2 26 2 1 1 
44 1 21 2 4 0 
45 0 17 0 3 0 
46 0 15 1 2 0 
47 2 9 2 4 0 
48 0 20 2 4 0 
49 4 20 2 10 0 
50 4 16 3 8 0 
51 1 16 0 10 0 
52 0 21 3 5 0 
53 1 22 1 7 0 
54 0 19 3 11 0 
55 4 12 2 11 0 
56 0 19 0 9 0 
57 0 25 1 7 0 
58 0 28 0 6 0 
59 1 32 0 8 0 
60 0 32 0 12 0 
61 3 44 0 10 0 
62 2 34 6 8 0 
63 4 39 7 11 1 
64 4 49 5 12 0 
65 2 50 6 12 1 
66 4 55 7 15 0 
67 9 38 3 21 0 
68 1 51 3 13 1 
69 6 35 7 10 0 
70 8 49 5 24 0 
71 8 48 10 23 0 
72 6 55 7 15 0 
73 4 74 10 26 0 
74 6 66 8 24 0 
75 5 83 12 20 0 
76 4 80 6 23 1 
77 5 94 13 23 1 
78 9 111 17 25 0 
79 15 107 16 35 2 
80 9 98 18 46 0 
81 5 90 12 35 1 
82 12 110 15 38 0 
83 19 108 16 31 1 
84 12 114 23 33 0 
85 20 113 26 37 0 
86 16 95 37 27 0 
87 31 113 29 35 4 
88 31 119 26 35 0 
89 22 121 34 36 2 
90 18 125 31 30 1 
91 30 159 28 42 3 
92 32 153 48 46 4 
93 29 162 43 45 4 
94 23 171 53 53 4 
95 23 213 51 50 6 
96 27 182 52 66 8 
97 17 208 71 59 5 
98 28 231 67 77 3 
99 23 229 48 73 3 
100 38 227 53 63 6 
101 41 267 69 73 6 
102 42 257 66 76 7 
103 22 289 69 93 5 
104 36 296 71 109 4 
105 42 329 71 89 5 
106 42 327 80 92 9 
107 44 340 84 118 9 
108 47 328 76 130 12 
109 40 386 99 143 10 
110 51 398 96 136 13 
111 53 391 136 150 14 
112 56 397 148 172 16 
113 63 433 135 174 23 
114 70 465 157 188 15 
115 73 487 142 211 22 
116 75 510 165 203 24 
117 73 563 171 240 27 
118 79 583 183 246 31 
119 87 620 185 237 31 
120 95 705 217 269 40 
121 111 740 268 308 37 
122 123 783 251 368 30 
123 127 871 304 335 35 
124 137 907 301 405 47 
125 130 961 325 377 28 
126 134 996 352 417 35 
127 156 1010 334 439 53 
128 172 1089 391 468 42 
129 188 1123 416 494 55 
130 228 1164 416 518 45 
131 221 1126 472 489 51 
132 227 1240 500 556 60 
133 211 1316 524 591 58 
134 243 1427 552 618 60 
135 263 1486 589 599 54 
136 243 1569 640 693 60 
137 278 1570 686 697 80 
138 276 1643 661 793 84 
139 298 1670 744 799 77 
140 283 1813 845 823 80 
141 332 1899 859 847 82 
142 359 1919 919 931 84 
143 327 2091 946 974 84 
144 386 2069 941 1005 104 
145 414 2243 966 1043 105 
146 425 2315 1076 1112 125 
147 396 2376 1123 1164 105 
148 456 2412 1155 1280 126 
149 502 2485 1220 1292 124 
150 505 2506 1345 1325 125 
151 508 2647 1305 1426 148 
152 569 2743 1485 1514 166 
153 599 2765 1489 1599 181 
154 587 2699 1553 1672 149 
155 615 3004 1639 1765 184 
156 653 2952 1736 1961 198 
157 706 3124 1752 1949 205 
158 731 3126 1892 2077 209 
159 737 3292 1893 2104 227 
160 726 3249 2058 2152 249 
161 840 3400 2169 2309 325 
162 815 3386 2289 2355 320 
163 838 3416 2264 2509 312 
164 927 3543 2373 2539 321 
165 872 3579 2378 2779 327 
166 974 3753 2604 2885 379 
167 972 3784 2635 2862 377 
168 1069 3762 2736 3022 415 
169 983 3812 2784 3163 445 
170 1049 3885 2945 3195 445 
171 1124 3905 2969 3330 446 
172 1104 4049 3113 3388 478 
173 1117 3984 3219 3419 487 
174 1247 3999 3429 3538 525 
175 1189 4083 3491 3830 519 
176 1245 4050 3739 3878 537 
177 1258 4115 3656 3850 617 
178 1334 4078 3735 3921 589 
179 1338 4172 3938 4055 631 
180 1348 4114 3990 4030 683 
181 1460 4058 4152 4160 721 
182 1469 4126 4301 4241 767 
183 1438 4109 4367 4440 733 
184 1440 4016 4408 4501 776 
185 1427 3943 4566 4624 816 
186 1482 3914 4525 4675 886 
187 1528 3966 4823 4713 856 
188 1567 3955 4835 4848 894 
189 1619 3835 4811 4895 872 
190 1587 3775 5036 5033 930 
191 1634 3701 4996 4955 981 
192 1675 3674 5053 5193 1037 
193 1638 3636 5100 5184 1019 
194 1586 3581 5307 5178 1071 
195 1563 3595 5219 5202 1032 
196 1607 3546 5197 5208 1037 
197 1666 3531 5174 5348 1087 
198 1599 3374 5231 5340 1087 
199 1648 3265 5352 5457 1040 
200 1654 3274 5218 5252 1057 
201 1676 3094 5205 5191 1048 
202 1682 3143 5412 5309 1075 
203 1623 3082 5188 5004 1116 
204 1521 3121 5119 4991 1079 
205 1609 2938 5233 5058 1073 
206 1655 2863 5057 4961 1066 
207 1616 2806 5024 4991 1066 
208 1643 2720 5172 4899 1072 
209 1556 2734 5107 4846 1073 
210 1603 2560 4991 4670 1087 
211 1439 2602 4933 4606 1091 
212 1482 2483 4829 4687 1097 
213 1479 2473 4931 4592 1059 
214 1514 2396 4775 4511 1062 
215 1465 2354 4746 4307 1037 
216 1422 2281 4631 4389 1095 
217 1431 2299 4683 4223 1059 
218 1449 2290 4552 4163 1052 
219 1404 2205 4415 4103 1017 
220 1313 1980 4329 3811 917 
221 1389 2009 4419 3923 974 
222 1249 2002 4295 3834 912 
223 1244 1872 4150 3837 912 
224 1231 1794 4150 3802 932 
225 1234 1731 3983 3620 954 
226 1244 1730 3878 3654 885 
227 1158 1543 3822 3398 818 
228 1131 1556 3701 3418 831 
229 1100 1552 3741 3165 771 
230 1108 1487 3586 3173 817 
231 1037 1472 3457 3164 704 
232 1000 1300 3450 3003 745 
233 1037 1330 3329 2983 705 
234 925 1266 3189 2795 742 
235 952 1251 3061 2914 713 
236 887 1209 2996 2735 689 
237 917 1155 2858 2637 635 
238 848 1163 2747 2564 643 
239 908 1068 2758 2474 650 
240 862 1095 2723 2437 600 
241 842 1015 2481 2281 571 
242 827 991 2455 2227 578 
243 742 901 2353 2152 557 
244 716 835 2219 2123 504 
245 728 845 2224 1945 505 
246 712 781 2142 1960 461 
247 627 788 1950 1863 493 
248 647 733 1813 1762 458 
249 644 664 1867 1724 397 
250 653 634 1748 1698 452 
251 568 678 1723 1581 378 
252 605 614 1621 1638 377 
253 533 591 1643 1587 388 
254 481 563 1556 1571 364 
255 499 561 1464 1447 412 
256 498 522 1399 1404 356 
257 460 490 1313 1314 367 
258 433 530 1298 1254 358 
259 398 501 1312 1262 327 
260 364 457 1201 1157 313 
261 353 426 1196 1143 334 
262 388 456 1152 1003 280 
263 354 406 1052 1028 308 
264 354 436 1067 957 263 
265 330 357 991 946 262 
266 298 360 955 910 222 
267 307 346 955 899 206 
268 285 323 936 831 200 
269 267 356 901 822 171 
270 276 358 836 784 182 
271 242 314 827 741 179 
272 254 304 801 719 161 
273 239 261 795 677 179 
274 202 249 735 673 151 
275 231 238 717 649 160 
276 226 250 702 580 149 
277 204 221 612 622 130 
278 213 252 590 623 118 
279 216 215 574 563 124 
280 179 184 579 529 96 
281 186 196 560 519 100 
282 152 161 546 493 98 
283 169 188 486 453 85 
284 149 143 486 439 97 
285 112 188 423 414 87 
286 140 169 437 398 72 
287 146 167 385 365 90 
288 110 153 378 353 87 
289 111 137 381 351 74 
290 103 139 345 294 108 
291 108 153 329 295 76 
292 112 131 361 295 80 
293 96 133 267 276 75 
294 90 143 299 266 76 
295 100 127 287 237 69 
296 89 121 265 243 64 
297 67 110 254 225 63 
298 99 109 233 205 56 
299 81 115 211 193 56 
300 76 96 186 202 46 
301 80 83 192 184 40 
302 62 105 178 208 45 
303 66 101 151 157 45 
304 54 88 162 183 44 
305 46 98 147 158 39 
306 54 84 151 146 41 
307 38 78 122 122 50 
308 48 85 120 127 51 
309 36 62 126 129 43 
310 63 62 114 130 43 
311 46 48 117 140 38 
312 43 45 109 122 34 
313 47 47 101 136 30 
314 36 50 95 127 26 
315 32 30 100 93 27 
316 38 44 81 106 18 
317 33 24 85 102 14 
318 29 28 86 93 15 
319 28 30 64 92 13 
320 28 31 75 97 15 
321 22 29 77 77 15 
322 22 28 72 85 12 
323 21 15 70 77 9 
324 21 16 51 84 11 
325 19 19 55 58 9 
326 21 32 91 62 7 
327 22 21 51 77 11 
328 16 21 54 67 11 
329 11 15 56 48 13 
330 10 17 37 59 12 
331 11 20 40 61 3 
332 17 20 25 55 5 
333 19 23 32 56 4 
334 9 17 30 45 5 
335 6 9 27 53 4 
336 12 10 35 49 4 
337 9 19 25 40 5 
338 9 18 22 47 13 
339 12 16 27 54 9 
340 15 8 33 43 5 
341 16 13 29 49 10 
342 11 7 30 36 12 
343 9 6 29 40 3 
344 7 8 19 33 5 
345 9 7 15 28 5 
346 9 5 13 16 6 
347 9 8 9 22 6 
348 6 11 14 26 2 
349 5 4 8 29 1 
350 9 7 8 17 1 
351 6 5 8 28 2 
352 6 3 10 24 2 
353 3 7 9 19 5 
354 4 1 13 23 6 
355 5 7 6 24 5 
356 5 3 9 24 4 
357 7 2 17 22 4 
358 3 7 5 17 7 
359 6 1 7 24 1 
360 8 2 3 19 2 
361 3 1 4 11 0 
362 6 7 7 12 2 
363 2 5 8 13 2 
364 2 4 2 16 1 
365 1 3 6 18 3 
366 4 6 2 15 3 
367 6 3 2 13 2 
368 2 5 5 20 1 
369 6 4 1 13 0 
370 3 2 4 8 0 
371 1 2 1 4 0 
372 0 8 2 4 0 
373 1 6 2 3 0 
374 5 2 6 8 0 
375 0 5 4 5 0 
376 2 2 7 6 0 
377 3 5 3 5 0 
378 0 4 1 3 0 
379 1 5 2 4 0 
380 2 3 5 7 1 
381 1 6 3 7 0 
382 0 5 5 2 0 
383 1 7 3 5 0 
384 2 4 4 4 0 
385 0 3 5 5 1 
386 0 3 2 2 0 
387 1 4 6 2 0 
388 0 3 1 3 0 
389 0 4 5 0 2 
390 0 3 4 6 2 
391 2 3 2 2 0 
392 1 4 2 4 0 
393 2 2 2 3 0 
394 2 3 4 0 0 
395 2 4 6 1 0 
396 0 2 5 0 0 
397 4 2 7 0 0 
398 1 1 7 1 0 
399 2 2 4 0 0 
400 0 0 7 1 0 
401 0 1 4 1 0 
402 1 0 4 0 0 
403 0 1 6 0 0 
404 0 1 4 0 0 
405 0 3 5 0 0 
406 0 1 2 0 0 
407 0 0 5 0 0 
408 0 0 6 0 0 
409 0 0 6 0 0 
410 0 0 4 0 0 
411 0 0 4 0 0 
412 0 1 3 0 0 
413 0 0 3 4 0 
414 0 0 2 0 0 
415 0 0 2 4 0 
416 0 0 3 5 0 
417 0 0 1 1 0 
418 0 0 5 1 0 
419 0 0 6 2 0 
420 1 2 4 2 0 
421 1 0 5 1 0 
422 0 1 5 1 0 
423 1 0 6 0 0 
424 0 0 4 3 0 
425 0 0 2 0 0 
426 0 0 2 2 2 
427 0 0 5 3 0 
428 0 1 2 4 0 
429 3 0 4 1 1 
430 2 0 3 1 2 
431 1 0 2 4 0 
432 0 0 4 1 2 
433 0 0 1 1 0 
434 1 0 2 1 1 
435 1 0 1 3 3 
436 0 0 2 4 1 
437 0 0 1 3 3 
438 0 0 1 0 0 
439 0 0 0 1 3 
440 1 0 2 2 3 
441 0 0 0 2 0 
442 0 0 1 2 2 
443 0 1 0 1 3 
444 0 0 0 5 0 
445 0 0 0 3 0 
446 0 0 0 2 1 
447 0 0 0 4 0 
448 0 0 0 3 0 
449 0 0 0 1 0 
450 0 0 0 3 0 
451 0 0 0 5 0 
452 0 0 1 1 0 
453 0 0 0 3 0 
454 0 0 1 3 0 
455 0 0 0 1 0 
456 0 0 0 0 0 
457 0 0 0 0 0 
458 0 0 0 0 0 
