1 0 11 0 0 0 
2 0 10 0 0 0 
3 0 9 0 0 0 
4 0 9 0 0 0 
5 0 11 0 0 0 
6 0 8 0 0 0 
7 0 9 0 0 0 
8 0 12 0 0 0 
9 0 8 0 0 0 
10 0 8 0 1 0 
11 0 7 0 1 0 
12 0 8 0 0 0 
13 1 9 0 0 0 
14 2 8 0 0 0 
15 5 7 0 0 0 
16 4 8 1 0 0 
17 2 7 1 0 0 
18 2 6 2 0 0 
19 4 4 2 0 0 
20 4 6 1 1 0 
21 6 6 0 1 0 
22 6 11 0 2 0 
23 7 13 0 2 0 
24 5 13 0 4 0 
25 3 21 0 5 0 
26 4 27 1 0 0 
27 4 26 1 2 0 
28 4 27 1 5 0 
29 2 24 2 4 0 
30 2 28 0 4 0 
31 2 32 0 4 0 
32 2 30 0 3 0 
33 2 29 0 2 0 
34 1 39 1 1 0 
35 3 47 1 3 0 
36 4 55 1 1 0 
37 7 56 1 1 0 
38 6 59 2 1 0 
39 6 55 1 3 0 
40 4 51 0 3 0 
41 6 53 0 3 0 
42 4 56 0 5 0 
43 4 58 2 4 1 
44 2 46 3 7 0 
45 1 47 0 6 0 
46 1 44 1 7 0 
47 2 38 2 10 0 
48 2 38 2 13 0 
49 5 42 3 21 0 
50 7 43 4 23 0 
51 4 46 3 24 0 
52 2 50 4 25 0 
53 3 51 4 25 0 
54 3 55 3 26 0 
55 6 45 4 30 0 
56 4 50 2 32 0 
57 4 58 1 24 0 
58 4 63 0 21 0 
59 1 76 0 25 0 
60 0 77 0 30 0 
61 3 97 0 33 0 
62 4 97 5 29 0 
63 7 98 9 34 1 
64 7 122 6 36 1 
65 5 124 10 33 2 
66 6 129 13 38 2 
67 14 116 13 47 2 
68 10 123 14 46 2 
69 11 118 13 38 1 
70 15 131 13 45 1 
71 19 141 18 57 1 
72 19 154 17 51 1 
73 16 165 19 61 1 
74 18 181 23 64 1 
75 18 197 25 69 1 
76 18 219 23 64 2 
77 16 234 30 66 1 
78 17 266 34 62 1 
79 27 270 41 82 2 
80 27 274 38 94 2 
81 26 260 37 93 3 
82 30 276 37 91 2 
83 35 284 40 87 2 
84 34 312 50 76 1 
85 44 326 64 77 1 
86 47 313 81 87 1 
87 60 331 82 93 5 
88 65 323 79 90 3 
89 66 336 87 94 5 
90 58 349 87 96 6 
91 69 391 91 110 6 
92 74 422 104 117 9 
93 78 444 107 124 8 
94 70 472 123 140 8 
95 62 533 141 131 9 
96 57 544 147 144 11 
97 51 588 165 154 13 
98 63 627 169 173 8 
99 63 627 158 184 11 
100 80 661 154 187 10 
101 93 695 165 195 12 
102 102 734 169 190 16 
103 89 770 177 218 18 
104 90 797 187 255 17 
105 101 849 197 262 16 
106 115 892 215 261 20 
107 123 905 218 297 26 
108 125 932 222 323 27 
109 113 983 248 353 22 
110 119 1058 264 377 29 
111 127 1092 311 419 33 
112 134 1141 355 449 39 
113 155 1201 359 462 46 
114 164 1232 413 509 46 
115 187 1299 420 567 49 
116 194 1384 427 566 57 
117 203 1491 455 595 66 
118 220 1606 475 616 78 
119 235 1714 515 659 85 
120 259 1863 553 709 101 
121 268 1975 637 777 95 
122 294 2131 675 875 84 
123 304 2309 738 907 92 
124 338 2421 793 990 110 
125 352 2583 840 1038 99 
126 368 2730 895 1108 97 
127 397 2870 941 1159 109 
128 413 2987 1004 1257 115 
129 454 3120 1071 1325 134 
130 518 3264 1131 1397 124 
131 560 3361 1184 1414 139 
132 579 3492 1276 1503 158 
133 572 3656 1343 1588 159 
134 604 3858 1440 1679 161 
135 672 4041 1536 1706 152 
136 703 4208 1652 1795 165 
137 738 4329 1782 1868 191 
138 747 4512 1837 2033 217 
139 766 4692 1990 2125 213 
140 783 4949 2184 2273 202 
141 829 5267 2353 2415 211 
142 898 5410 2456 2551 228 
143 921 5685 2493 2661 248 
144 1005 5885 2561 2731 254 
145 1070 6129 2643 2836 273 
146 1128 6334 2833 2976 295 
147 1164 6573 2995 3185 303 
148 1218 6772 3163 3360 314 
149 1297 6960 3368 3481 332 
150 1378 7151 3497 3679 342 
151 1438 7413 3657 3884 381 
152 1492 7692 3927 4144 419 
153 1587 7905 4126 4356 448 
154 1602 7997 4253 4571 455 
155 1654 8255 4439 4819 481 
156 1739 8518 4736 5178 508 
157 1873 8797 4895 5365 543 
158 1956 9061 5141 5644 573 
159 2035 9404 5269 5929 610 
160 2063 9519 5618 6144 649 
161 2139 9743 5881 6351 792 
162 2204 9927 6151 6546 829 
163 2303 10059 6362 6848 853 
164 2453 10332 6551 7075 870 
165 2498 10509 6759 7438 901 
166 2607 10619 7136 7824 998 
167 2689 10864 7304 8091 1041 
168 2787 10956 7616 8329 1097 
169 2829 11135 7797 8684 1161 
170 2885 11348 8180 8927 1213 
171 3012 11455 8469 9218 1277 
172 3082 11702 8815 9461 1320 
173 3160 11730 9121 9731 1344 
174 3336 11905 9508 9958 1383 
175 3383 12083 9781 10509 1423 
176 3462 12056 10216 10781 1494 
177 3534 12134 10447 11064 1565 
178 3611 12233 10665 11216 1643 
179 3769 12334 11040 11496 1727 
180 3884 12402 11353 11680 1839 
181 4002 12222 11730 11936 1978 
182 4079 12366 12192 12175 2057 
183 4083 12237 12488 12651 2105 
184 4157 12099 12756 12959 2204 
185 4186 11982 13135 13220 2328 
186 4236 11918 13228 13485 2431 
187 4345 11929 13646 13694 2467 
188 4416 11972 13933 13997 2503 
189 4524 11823 14091 14315 2561 
190 4573 11664 14305 14581 2664 
191 4642 11438 14431 14685 2728 
192 4732 11302 14717 15005 2835 
193 4775 11234 14843 15114 2927 
194 4697 11137 15263 15345 3006 
195 4690 11028 15419 15491 3005 
196 4683 10868 15401 15538 3115 
197 4706 10786 15482 15720 3163 
198 4714 10623 15546 15774 3144 
199 4766 10345 15715 15891 3098 
200 4784 10252 15821 15771 3111 
201 4806 9924 15742 15616 3157 
202 4851 9856 15851 15562 3160 
203 4799 9685 15787 15406 3217 
204 4707 9594 15650 15222 3244 
205 4657 9405 15647 15148 3248 
206 4733 9063 15627 15075 3264 
207 4804 8945 15428 15115 3250 
208 4793 8703 15389 14981 3199 
209 4671 8606 15443 14822 3200 
210 4700 8299 15170 14560 3261 
211 4606 8126 15019 14346 3308 
212 4515 8018 14840 14208 3326 
213 4436 7859 14848 13941 3287 
214 4413 7660 14716 13784 3293 
215 4341 7467 14650 13573 3216 
216 4286 7275 14427 13432 3257 
217 4265 7104 14267 13180 3228 
218 4290 7007 14152 12946 3250 
219 4217 6857 13861 12691 3137 
220 4071 6602 13559 12246 3054 
221 4106 6455 13518 12188 3019 
222 3960 6271 13325 12035 2950 
223 3840 6102 13039 11903 2899 
224 3772 5887 12789 11737 2913 
225 3753 5752 12557 11491 2888 
226 3687 5556 12295 11225 2841 
227 3577 5273 12008 11021 2703 
228 3487 5102 11763 10803 2629 
229 3388 4970 11608 10344 2543 
230 3352 4811 11300 10185 2540 
231 3313 4704 11071 9909 2369 
232 3193 4472 10833 9597 2351 
233 3148 4323 10552 9438 2304 
234 2965 4193 10271 9166 2293 
235 2886 4088 10062 9049 2275 
236 2781 3967 9690 8760 2218 
237 2778 3858 9330 8543 2108 
238 2668 3734 9019 8309 2052 
239 2657 3571 8782 8107 1990 
240 2613 3482 8695 7823 1939 
241 2576 3292 8280 7473 1857 
242 2572 3172 7998 7227 1833 
243 2479 3005 7657 7027 1770 
244 2323 2873 7374 6787 1716 
245 2256 2775 7061 6559 1665 
246 2211 2685 6775 6320 1568 
247 2126 2567 6435 6121 1515 
248 2038 2431 6128 5913 1437 
249 1996 2296 5997 5689 1348 
250 1978 2167 5771 5496 1339 
251 1890 2102 5607 5244 1274 
252 1823 1990 5396 5152 1239 
253 1765 1922 5222 5053 1239 
254 1650 1836 5027 5010 1218 
255 1553 1764 4807 4850 1235 
256 1515 1707 4567 4644 1209 
257 1493 1652 4373 4426 1183 
258 1416 1660 4213 4206 1158 
259 1349 1582 4075 4039 1131 
260 1253 1519 3992 3913 1090 
261 1177 1434 3880 3731 1046 
262 1192 1417 3759 3465 998 
263 1132 1379 3562 3362 966 
264 1079 1339 3513 3237 904 
265 1056 1242 3372 3106 834 
266 1018 1187 3215 2999 782 
267 947 1155 3121 2906 710 
268 948 1115 3019 2802 676 
269 890 1108 2948 2702 617 
270 832 1106 2804 2579 600 
271 794 1054 2704 2464 573 
272 790 1005 2620 2408 552 
273 789 932 2517 2339 542 
274 733 850 2451 2242 539 
275 719 813 2386 2149 517 
276 704 779 2247 2021 482 
277 674 750 2112 2005 445 
278 683 758 2014 2002 424 
279 649 728 1957 1896 401 
280 592 664 1903 1794 363 
281 569 660 1807 1700 333 
282 528 586 1740 1646 321 
283 514 572 1632 1581 289 
284 490 544 1552 1490 304 
285 430 560 1417 1430 292 
286 413 552 1371 1345 266 
287 404 537 1315 1256 286 
288 367 514 1235 1181 286 
289 340 497 1206 1121 278 
290 342 474 1148 1057 299 
291 344 477 1087 1001 302 
292 349 450 1079 947 274 
293 338 439 1006 909 277 
294 314 437 965 859 258 
295 310 425 924 808 242 
296 286 406 869 769 230 
297 248 385 850 722 211 
298 256 372 816 702 199 
299 246 361 753 668 175 
300 249 335 686 631 166 
301 249 305 633 605 146 
302 235 298 594 626 138 
303 214 320 541 570 139 
304 196 315 516 552 136 
305 167 310 487 525 136 
306 167 302 465 509 139 
307 155 280 444 463 145 
308 158 260 429 434 156 
309 148 237 420 442 154 
310 164 220 396 431 142 
311 158 190 383 433 127 
312 147 169 364 393 121 
313 142 158 332 394 118 
314 126 149 326 396 96 
315 119 119 330 360 82 
316 116 125 304 334 69 
317 115 109 293 316 58 
318 107 105 276 307 61 
319 95 103 254 294 57 
320 94 101 247 294 57 
321 91 99 247 280 55 
322 75 92 226 271 55 
323 69 86 219 267 46 
324 72 72 203 251 42 
325 68 65 203 236 37 
326 71 73 216 215 33 
327 66 70 189 221 35 
328 63 71 178 201 36 
329 58 61 174 197 30 
330 44 58 143 187 30 
331 39 60 139 201 21 
332 43 66 119 201 19 
333 51 63 110 187 17 
334 40 58 101 167 14 
335 31 44 97 165 16 
336 29 42 102 166 12 
337 32 48 91 153 15 
338 32 48 81 149 26 
339 34 43 84 157 29 
340 35 38 89 160 26 
341 42 38 89 161 26 
342 36 32 85 143 28 
343 33 26 85 141 19 
344 35 27 65 118 20 
345 31 21 64 102 16 
346 32 20 54 87 18 
347 30 21 42 89 16 
348 24 22 39 90 15 
349 21 17 38 93 10 
350 23 16 33 83 6 
351 22 15 29 85 8 
352 20 14 27 76 5 
353 19 17 30 70 8 
354 19 14 29 76 13 
355 18 19 26 69 13 
356 18 15 29 71 11 
357 16 12 30 77 10 
358 16 14 25 64 11 
359 14 10 17 62 6 
360 14 8 9 62 7 
361 12 8 9 53 4 
362 14 11 13 48 5 
363 11 13 15 45 4 
364 9 12 9 53 3 
365 8 11 8 59 4 
366 10 14 5 53 7 
367 15 15 4 47 6 
368 11 19 5 42 5 
369 15 18 5 34 3 
370 13 16 5 28 1 
371 9 16 6 20 0 
372 7 15 7 20 0 
373 4 16 6 17 0 
374 7 14 6 22 0 
375 5 16 9 23 0 
376 7 14 12 19 0 
377 7 13 12 12 0 
378 4 11 10 12 0 
379 4 13 9 10 0 
380 4 14 11 14 1 
381 5 17 9 16 1 
382 3 15 12 14 1 
383 4 16 14 13 1 
384 4 16 12 16 0 
385 2 14 13 15 1 
386 2 13 11 12 1 
387 3 11 12 12 1 
388 2 10 9 11 1 
389 2 7 10 9 2 
390 1 6 10 11 3 
391 0 7 10 9 0 
392 1 10 9 10 0 
393 2 11 9 11 0 
394 3 8 12 6 0 
395 3 8 12 6 0 
396 1 9 11 6 0 
397 5 7 15 4 0 
398 3 8 16 3 0 
399 4 6 18 2 0 
400 2 4 18 1 0 
401 2 4 15 1 0 
402 3 2 14 1 0 
403 1 2 15 1 0 
404 1 1 13 1 0 
405 0 2 15 1 0 
406 0 1 16 1 0 
407 0 0 13 1 0 
408 0 0 12 0 0 
409 0 0 15 0 0 
410 0 0 11 0 0 
411 0 0 11 0 0 
412 0 1 9 0 0 
413 0 0 9 4 0 
414 0 0 7 3 0 
415 0 0 5 6 0 
416 0 0 8 9 0 
417 0 0 9 8 0 
418 0 0 11 5 0 
419 0 0 15 4 0 
420 0 2 17 5 0 
421 1 2 21 4 0 
422 1 3 19 5 0 
423 1 2 18 5 0 
424 0 1 18 6 0 
425 0 1 14 3 0 
426 0 1 9 4 2 
427 0 1 11 6 2 
428 0 1 9 9 2 
429 3 1 8 6 3 
430 3 1 9 6 2 
431 3 1 9 10 2 
432 1 1 7 9 4 
433 1 1 4 6 3 
434 2 0 6 4 4 
435 1 0 7 5 6 
436 1 0 8 8 4 
437 1 0 4 6 5 
438 0 0 3 4 5 
439 0 0 3 3 8 
440 0 0 3 5 7 
441 0 0 2 4 4 
442 0 0 0 6 5 
443 0 1 0 5 5 
444 0 0 0 8 2 
445 0 0 0 8 2 
446 0 0 0 7 3 
447 0 0 0 9 1 
448 0 0 0 9 0 
449 0 0 0 6 0 
450 0 0 0 7 0 
451 0 0 0 12 0 
452 0 0 1 8 0 
453 0 0 1 8 0 
454 0 0 1 10 0 
455 0 0 1 4 0 
456 0 0 0 3 0 
457 0 0 0 1 0 
458 0 0 0 0 0 
