1 0 7 0 0 0 
2 0 5 0 0 0 
3 1 3 0 0 0 
4 2 3 0 0 0 
5 0 6 0 0 0 
6 0 4 1 0 0 
7 0 9 0 0 0 
8 1 8 0 0 0 
9 1 10 0 0 0 
10 2 7 0 1 0 
11 0 7 0 2 0 
12 1 4 0 1 0 
13 1 8 4 0 0 
14 3 5 2 3 0 
15 0 5 2 3 0 
16 5 13 1 2 1 
17 0 12 1 5 0 
18 1 16 2 5 0 
19 2 11 2 5 0 
20 3 12 1 6 0 
21 6 17 4 5 0 
22 1 18 5 7 0 
23 4 11 9 10 0 
24 2 13 7 8 0 
25 2 20 6 7 0 
26 0 16 7 8 0 
27 2 26 8 9 0 
28 7 25 15 8 0 
29 4 37 7 7 1 
30 5 41 8 12 1 
31 6 45 8 11 1 
32 4 54 11 12 0 
33 8 59 6 18 0 
34 5 47 9 16 0 
35 7 67 10 15 0 
36 4 61 7 12 1 
37 7 60 11 17 0 
38 3 70 11 12 1 
39 4 62 15 18 0 
40 8 84 9 26 0 
41 6 84 14 25 1 
42 13 107 24 26 1 
43 5 90 15 34 0 
44 6 120 26 37 0 
45 8 102 21 39 0 
46 13 96 21 51 0 
47 22 112 31 36 0 
48 16 95 38 42 0 
49 17 119 43 49 0 
50 24 153 36 45 0 
51 19 137 50 60 1 
52 23 107 52 49 0 
53 20 134 51 57 2 
54 23 142 57 62 3 
55 15 166 64 53 4 
56 24 164 81 78 2 
57 25 166 92 62 11 
58 32 173 82 84 6 
59 23 205 81 92 10 
60 35 186 105 88 8 
61 35 221 103 94 6 
62 43 222 130 108 2 
63 39 250 104 87 6 
64 41 293 120 112 6 
65 42 254 121 109 7 
66 49 273 144 122 14 
67 53 289 155 138 13 
68 50 308 162 148 15 
69 57 308 174 141 14 
70 63 337 174 156 10 
71 58 348 205 155 16 
72 61 410 179 185 17 
73 70 359 208 194 18 
74 76 415 214 212 24 
75 82 414 234 230 26 
76 97 490 226 205 25 
77 100 497 264 242 19 
78 100 555 294 258 31 
79 115 547 292 294 32 
80 131 529 330 310 36 
81 112 603 347 343 34 
82 122 591 342 319 42 
83 123 603 359 352 53 
84 110 674 383 380 40 
85 148 738 412 415 51 
86 140 826 455 409 44 
87 134 814 492 473 52 
88 176 829 465 472 51 
89 182 921 550 485 60 
90 175 891 516 476 56 
91 194 965 584 509 65 
92 201 1030 567 514 73 
93 200 1049 587 563 69 
94 188 1070 645 562 67 
95 233 1136 690 558 66 
96 188 1167 698 624 81 
97 248 1224 726 651 65 
98 243 1259 730 736 71 
99 248 1289 781 764 89 
100 281 1402 836 788 88 
101 256 1424 854 871 91 
102 294 1529 865 926 106 
103 303 1642 899 976 88 
104 338 1657 909 1006 103 
105 337 1750 1024 1065 120 
106 408 1854 1027 1132 142 
107 398 1846 1096 1163 147 
108 415 1988 1111 1255 179 
109 422 2057 1273 1285 185 
110 464 2090 1333 1354 178 
111 460 2265 1390 1449 180 
112 446 2301 1461 1568 214 
113 537 2418 1455 1590 219 
114 536 2547 1512 1607 228 
115 609 2608 1604 1681 249 
116 615 2620 1634 1776 275 
117 618 2765 1709 1948 291 
118 592 2712 1795 1918 260 
119 725 2907 1829 2021 264 
120 665 2890 1931 2100 251 
121 723 2975 1939 2161 313 
122 758 3070 1999 2360 297 
123 797 2983 2051 2325 275 
124 882 3183 2162 2487 303 
125 821 3347 2161 2529 353 
126 877 3542 2215 2663 356 
127 945 3622 2422 2588 341 
128 975 3611 2507 2777 351 
129 980 3535 2584 2991 368 
130 954 3727 2653 3016 395 
131 1058 3713 2808 3138 389 
132 1094 3863 2824 3267 408 
133 1103 3888 3007 3383 459 
134 1195 4061 3058 3234 469 
135 1184 4015 3158 3464 433 
136 1322 4101 3215 3566 495 
137 1300 4149 3272 3665 497 
138 1267 4045 3519 3747 552 
139 1290 4162 3607 3949 568 
140 1345 4217 3674 3935 579 
141 1349 4158 3762 4173 639 
142 1425 4116 3854 4154 634 
143 1402 4236 3918 4335 660 
144 1473 4343 4206 4439 702 
145 1472 4251 4215 4544 698 
146 1539 4246 4308 4641 688 
147 1555 4187 4470 4646 753 
148 1614 4265 4608 4863 749 
149 1580 4233 4555 4803 789 
150 1573 4091 4728 4793 811 
151 1593 4104 4744 5042 799 
152 1616 4112 4873 5115 836 
153 1599 4017 4925 5100 877 
154 1624 4058 5113 4960 854 
155 1737 4010 5124 5039 852 
156 1690 3913 5111 5124 871 
157 1711 3848 5022 5203 939 
158 1731 3710 5209 5241 874 
159 1702 3811 5192 5195 939 
160 1746 3652 5162 5256 931 
161 1691 3517 5108 5170 943 
162 1761 3516 5126 5162 942 
163 1675 3441 5318 5239 926 
164 1721 3335 5131 5061 944 
165 1716 3305 5020 5197 933 
166 1687 3280 5087 5146 969 
167 1739 3151 5034 5137 904 
168 1600 3114 5033 4990 940 
169 1695 3029 4998 5000 1030 
170 1614 3046 4949 5040 1021 
171 1599 2845 4879 4908 944 
172 1566 2864 4893 4849 942 
173 1578 2683 4818 4903 946 
174 1553 2599 4740 4748 956 
175 1532 2491 4676 4586 979 
176 1497 2435 4667 4427 918 
177 1512 2386 4586 4325 990 
178 1456 2360 4542 4217 902 
179 1390 2342 4461 4337 946 
180 1357 2243 4424 3945 899 
181 1409 2174 4286 4052 920 
182 1300 2042 4318 4066 926 
183 1284 2044 4175 3936 848 
184 1304 1925 4046 3768 897 
185 1234 1951 3985 3781 860 
186 1218 1927 3951 3672 841 
187 1157 1778 3856 3600 839 
188 1068 1701 3682 3537 807 
189 1167 1654 3741 3533 758 
190 1159 1604 3582 3397 734 
191 1083 1479 3466 3234 709 
192 997 1512 3399 3041 698 
193 1046 1365 3344 3183 655 
194 994 1396 3246 3073 656 
195 1017 1317 3106 2969 603 
196 985 1287 3050 2908 636 
197 981 1208 2902 2798 573 
198 914 1202 2816 2799 598 
199 920 1166 2762 2629 529 
200 900 1076 2683 2479 541 
201 845 1079 2585 2390 482 
202 804 1072 2403 2373 501 
203 793 1037 2432 2213 520 
204 762 960 2364 2170 496 
205 766 935 2279 2062 477 
206 724 891 2179 1979 458 
207 681 869 2178 1911 439 
208 658 854 2085 1882 432 
209 627 842 2038 1758 445 
210 612 773 2093 1815 423 
211 601 756 1944 1777 428 
212 569 712 1895 1653 426 
213 581 698 1811 1682 378 
214 555 663 1833 1512 368 
215 570 616 1681 1531 346 
216 556 628 1635 1398 335 
217 494 589 1531 1371 346 
218 491 565 1508 1299 320 
219 484 538 1425 1244 294 
220 455 547 1471 1137 290 
221 435 492 1310 1175 308 
222 386 527 1234 1131 271 
223 394 432 1178 1030 286 
224 377 432 1124 1014 279 
225 358 423 1099 964 256 
226 360 431 1044 967 257 
227 343 365 1022 895 219 
228 289 376 981 823 234 
229 301 332 914 776 224 
230 275 281 916 751 215 
231 270 333 833 737 203 
232 246 276 783 765 185 
233 228 276 814 693 172 
234 220 268 752 679 154 
235 206 240 772 659 142 
236 176 287 678 618 164 
237 188 265 665 614 162 
238 222 226 699 582 171 
239 185 219 614 499 146 
240 179 217 597 530 129 
241 183 188 558 477 126 
242 185 196 533 520 137 
243 168 200 568 464 115 
244 144 179 478 471 118 
245 126 187 506 437 120 
246 122 178 470 407 113 
247 144 171 434 380 106 
248 145 152 408 396 98 
249 152 183 375 369 97 
250 121 142 404 381 117 
251 99 174 385 378 81 
252 101 161 374 335 80 
253 120 150 359 333 74 
254 100 153 364 301 69 
255 124 158 321 301 70 
256 113 142 305 295 53 
257 107 124 307 232 64 
258 81 104 279 242 46 
259 96 96 279 269 47 
260 69 119 295 223 46 
261 80 106 259 209 53 
262 90 79 251 208 55 
263 64 85 256 210 61 
264 82 84 232 188 48 
265 68 72 191 154 55 
266 63 61 219 163 55 
267 52 62 189 181 52 
268 52 56 209 150 43 
269 43 45 195 145 49 
270 56 46 188 130 52 
271 48 45 185 146 54 
272 56 51 177 130 48 
273 46 45 165 142 40 
274 38 50 149 122 45 
275 40 36 159 129 35 
276 44 44 132 113 38 
277 47 43 138 107 34 
278 35 42 137 115 36 
279 35 31 139 106 38 
280 43 30 143 127 34 
281 34 48 135 95 30 
282 30 34 106 90 31 
283 35 37 113 92 26 
284 35 41 128 82 32 
285 31 37 115 65 33 
286 29 33 102 71 26 
287 30 28 89 71 25 
288 15 48 99 52 26 
289 22 20 82 59 27 
290 18 25 88 56 16 
291 23 20 68 54 26 
292 16 20 65 59 28 
293 25 22 77 59 17 
294 16 15 75 52 17 
295 17 17 47 46 12 
296 14 21 61 42 15 
297 12 19 70 40 19 
298 15 15 72 37 10 
299 16 26 59 32 8 
300 11 26 62 33 15 
301 16 14 50 30 17 
302 9 22 43 30 14 
303 18 21 59 34 12 
304 15 12 53 19 14 
305 29 7 35 23 12 
306 9 13 39 30 9 
307 13 15 43 29 21 
308 20 11 32 17 18 
309 11 16 41 26 16 
310 13 10 36 24 12 
311 11 14 35 23 9 
312 10 7 40 25 9 
313 11 10 31 23 9 
314 12 4 33 28 14 
315 14 6 26 12 12 
316 12 2 19 22 6 
317 18 12 28 14 11 
318 5 10 18 19 6 
319 9 7 17 14 10 
320 5 5 21 15 11 
321 4 6 13 12 10 
322 4 10 14 13 12 
323 3 16 13 18 8 
324 1 8 20 8 5 
325 0 9 16 6 5 
326 4 4 16 17 6 
327 2 10 16 22 3 
328 2 11 13 21 12 
329 3 10 16 17 7 
330 1 14 13 20 7 
331 1 3 8 17 11 
332 1 8 12 19 5 
333 2 9 10 13 4 
334 3 10 10 13 5 
335 1 10 10 14 0 
336 1 9 12 18 2 
337 2 4 8 28 1 
338 3 3 14 14 2 
339 1 5 15 17 1 
340 7 7 24 17 3 
341 3 4 11 4 1 
342 5 10 17 15 1 
343 2 9 10 16 2 
344 3 5 19 10 1 
345 4 7 9 13 1 
346 3 6 11 7 2 
347 2 8 6 10 1 
348 2 5 7 8 2 
349 2 4 2 7 5 
350 3 3 6 13 2 
351 4 2 12 8 1 
352 7 3 8 6 0 
353 1 2 5 11 1 
354 1 10 14 9 0 
355 1 1 7 1 0 
356 0 1 6 4 0 
357 0 4 2 12 1 
358 1 0 5 13 4 
359 1 1 5 7 2 
360 4 1 2 13 2 
361 2 1 2 6 3 
362 2 1 4 4 1 
363 4 3 2 4 4 
364 2 2 1 9 1 
365 1 1 3 8 2 
366 4 3 0 5 5 
367 1 3 0 4 8 
368 0 0 4 10 3 
369 0 0 3 4 1 
370 0 1 0 2 6 
371 0 0 0 2 8 
372 0 1 3 6 9 
373 1 1 1 4 6 
374 0 1 2 3 5 
375 0 0 3 3 4 
376 3 0 2 3 5 
377 0 0 3 1 6 
378 2 0 2 5 5 
379 1 0 4 1 4 
380 0 0 1 3 4 
381 2 0 1 1 9 
382 0 2 4 0 3 
383 0 1 0 2 3 
384 0 1 3 2 2 
385 0 2 4 1 3 
386 0 3 2 5 3 
387 2 0 3 6 3 
388 0 1 2 3 1 
389 1 1 3 4 3 
390 1 0 5 2 3 
391 2 1 2 2 3 
392 0 3 4 1 4 
393 0 2 3 3 1 
394 1 3 2 2 2 
395 4 3 3 3 3 
396 3 0 4 2 0 
397 3 0 1 4 0 
398 1 0 0 2 0 
399 3 0 7 3 0 
400 3 2 0 1 0 
401 2 0 4 0 0 
402 0 1 5 1 0 
403 0 0 2 1 0 
404 1 1 6 0 0 
405 3 1 2 1 0 
406 0 0 2 1 1 
407 1 0 1 2 0 
408 0 0 0 0 0 
409 1 1 0 0 0 
410 4 0 2 0 0 
411 2 1 1 0 0 
412 4 0 1 0 0 
413 3 1 0 0 0 
414 1 3 0 0 0 
415 1 2 0 0 0 
416 1 2 0 0 0 
417 2 0 0 0 0 
418 1 0 0 0 0 
419 0 0 0 0 0 
420 0 1 0 0 0 
421 0 0 0 0 0 
422 0 0 0 0 0 
423 0 0 0 0 0 
424 0 0 0 0 0 
425 1 0 0 0 0 
426 0 0 0 0 0 
427 0 0 0 0 0 
428 0 0 0 0 0 
429 0 0 0 0 0 
430 0 0 0 0 0 
431 0 0 0 0 0 
432 0 0 0 0 0 
