1 0 3 0 0 0 
2 0 2 0 0 0 
3 0 4 0 0 0 
4 0 4 0 0 0 
5 1 6 0 0 0 
6 0 3 0 0 0 
7 0 4 0 0 0 
8 0 3 0 0 0 
9 0 3 0 0 0 
10 0 6 0 2 0 
11 0 6 0 2 0 
12 0 7 0 4 0 
13 1 6 0 2 0 
14 0 11 1 0 0 
15 0 6 0 0 0 
16 0 3 0 0 0 
17 0 7 0 1 0 
18 0 8 0 0 0 
19 0 7 0 1 0 
20 0 9 0 0 0 
21 1 9 0 0 0 
22 0 11 1 2 1 
23 0 12 0 1 0 
24 2 7 0 1 0 
25 3 13 0 0 0 
26 0 9 0 0 0 
27 1 6 1 0 0 
28 0 10 2 0 0 
29 0 8 1 0 0 
30 0 9 1 0 0 
31 0 12 0 0 0 
32 0 5 0 0 0 
33 0 9 1 0 0 
34 1 11 0 0 0 
35 0 20 0 0 0 
36 1 21 2 1 1 
37 3 20 0 0 0 
38 1 10 2 0 0 
39 4 18 0 1 0 
40 3 13 2 2 0 
41 0 23 4 1 0 
42 3 14 2 5 0 
43 1 21 0 3 0 
44 6 18 2 3 0 
45 1 23 3 6 0 
46 2 21 0 3 0 
47 3 31 4 4 0 
48 6 34 4 4 0 
49 4 30 6 6 0 
50 7 38 3 5 1 
51 8 41 6 5 1 
52 14 51 6 7 0 
53 8 50 6 7 0 
54 5 54 6 9 3 
55 8 56 4 12 0 
56 4 59 9 14 0 
57 3 72 13 18 1 
58 13 64 7 20 1 
59 15 93 10 25 1 
60 14 77 15 27 2 
61 13 76 22 26 1 
62 13 59 28 32 3 
63 12 94 25 26 4 
64 9 83 22 27 4 
65 20 92 16 43 5 
66 15 104 21 37 0 
67 9 94 28 33 2 
68 18 125 32 37 3 
69 24 118 35 49 3 
70 27 133 28 34 4 
71 20 117 28 39 7 
72 21 141 37 51 11 
73 28 124 32 47 0 
74 24 156 49 56 5 
75 29 151 41 41 8 
76 28 139 41 56 8 
77 26 153 60 62 7 
78 29 182 61 65 9 
79 27 168 53 73 7 
80 34 164 65 73 11 
81 33 184 61 82 24 
82 40 216 69 92 14 
83 37 218 70 102 6 
84 36 243 100 96 18 
85 46 249 93 114 15 
86 39 278 104 120 22 
87 37 293 104 115 16 
88 40 300 111 115 26 
89 48 344 93 130 22 
90 39 348 103 156 20 
91 60 386 94 139 20 
92 53 364 112 145 35 
93 61 430 109 140 36 
94 62 415 149 156 37 
95 66 433 141 190 40 
96 89 430 148 172 44 
97 83 465 147 187 45 
98 87 486 169 192 46 
99 76 571 182 208 69 
100 96 573 183 246 50 
101 92 601 199 219 43 
102 110 591 192 242 50 
103 87 589 232 258 50 
104 114 682 245 271 62 
105 129 668 251 331 47 
106 149 681 262 317 52 
107 141 700 296 312 55 
108 144 771 283 323 50 
109 152 784 293 343 70 
110 160 869 321 384 68 
111 149 892 347 399 66 
112 162 894 368 414 61 
113 189 923 375 437 79 
114 201 988 366 486 80 
115 220 1004 422 519 82 
116 195 1057 450 552 81 
117 213 1083 509 552 83 
118 252 1185 555 638 85 
119 240 1256 566 652 97 
120 252 1245 547 708 85 
121 282 1387 649 722 82 
122 275 1412 652 807 100 
123 299 1437 692 784 92 
124 276 1508 727 819 109 
125 318 1527 713 881 129 
126 357 1573 816 874 134 
127 343 1669 851 932 137 
128 372 1741 865 1000 154 
129 376 1868 990 1022 160 
130 421 1898 1049 1051 162 
131 394 1975 1046 1195 162 
132 448 2080 1117 1232 172 
133 436 2092 1202 1335 196 
134 470 2174 1252 1438 208 
135 499 2220 1313 1443 205 
136 558 2284 1404 1536 200 
137 479 2306 1322 1545 210 
138 548 2314 1474 1623 202 
139 633 2494 1496 1719 238 
140 630 2606 1567 1804 244 
141 619 2705 1622 1940 251 
142 613 2711 1677 1974 286 
143 646 2784 1785 2048 262 
144 681 2859 1780 2161 257 
145 679 2876 1975 2198 290 
146 757 2905 2029 2267 260 
147 775 3038 2074 2391 319 
148 768 3136 2144 2584 353 
149 817 3184 2243 2581 334 
150 848 3282 2359 2664 335 
151 942 3260 2515 2712 403 
152 884 3297 2560 2806 351 
153 942 3422 2637 2870 428 
154 993 3458 2728 3023 411 
155 1032 3581 2832 3181 443 
156 1056 3751 2935 3192 411 
157 1050 3644 3146 3208 411 
158 1152 3793 3236 3346 388 
159 1134 3759 3380 3610 487 
160 1270 3790 3479 3633 479 
161 1170 4006 3583 3703 525 
162 1257 3995 3592 3784 488 
163 1329 4015 3922 3850 549 
164 1363 4018 3979 3986 557 
165 1346 3907 3983 4146 567 
166 1375 4073 4012 4266 592 
167 1396 4109 4061 4261 638 
168 1421 4044 4306 4439 659 
169 1502 4077 4336 4425 620 
170 1503 3958 4538 4594 668 
171 1541 4070 4546 4724 676 
172 1582 4093 4674 4818 698 
173 1579 4139 4655 5008 729 
174 1599 4045 4870 4936 738 
175 1615 3920 4896 4955 752 
176 1602 4057 5042 5135 799 
177 1664 4070 5060 5049 804 
178 1738 4058 5171 5047 792 
179 1706 3934 5150 5102 868 
180 1725 3957 5211 5100 880 
181 1668 3958 5249 5151 870 
182 1720 3941 5255 5308 895 
183 1747 3954 5446 5289 996 
184 1681 3836 5395 5233 961 
185 1777 3705 5290 5203 962 
186 1783 3607 5333 5258 957 
187 1756 3642 5246 5142 909 
188 1718 3486 5397 5190 922 
189 1722 3542 5423 5159 851 
190 1649 3373 5264 5075 941 
191 1692 3246 5255 4968 912 
192 1696 3250 5354 5088 971 
193 1745 3220 5344 5008 919 
194 1700 3117 5234 4900 913 
195 1603 2995 5231 4821 964 
196 1624 2889 5239 4777 1031 
197 1568 2915 5162 4547 947 
198 1493 2834 5260 4664 1007 
199 1577 2699 5061 4529 1079 
200 1560 2653 5158 4389 1028 
201 1537 2670 4946 4267 1054 
202 1494 2581 4848 4291 1004 
203 1516 2501 4704 4295 934 
204 1507 2265 4612 4070 922 
205 1407 2271 4473 4100 918 
206 1387 2300 4488 4039 894 
207 1290 2084 4369 3872 927 
208 1272 2113 4278 3778 900 
209 1277 2002 4187 3816 825 
210 1279 2026 4154 3725 793 
211 1210 1925 3995 3671 843 
212 1200 1836 3878 3580 785 
213 1168 1774 3797 3444 803 
214 1215 1687 3764 3387 803 
215 1079 1655 3820 3353 734 
216 1063 1625 3659 3218 751 
217 1021 1561 3545 3079 749 
218 1003 1497 3426 3132 698 
219 965 1514 3256 2935 665 
220 966 1452 3194 2869 616 
221 947 1318 3141 2817 611 
222 912 1298 2976 2693 601 
223 925 1253 2931 2682 546 
224 889 1241 2906 2555 546 
225 851 1218 2836 2441 494 
226 845 1166 2726 2467 506 
227 781 1097 2593 2396 454 
228 798 1097 2478 2268 497 
229 771 1025 2454 2293 456 
230 667 970 2354 2103 457 
231 691 970 2270 2116 455 
232 662 941 2095 1993 440 
233 605 898 2002 1873 440 
234 615 844 1953 1811 411 
235 605 842 1831 1810 412 
236 584 803 1823 1697 420 
237 580 714 1824 1658 395 
238 570 742 1680 1631 342 
239 599 747 1653 1568 385 
240 518 623 1643 1473 360 
241 538 615 1596 1418 356 
242 461 610 1440 1417 344 
243 464 612 1487 1277 346 
244 476 574 1397 1222 313 
245 424 499 1315 1132 364 
246 380 504 1232 1160 284 
247 380 485 1172 1084 310 
248 406 452 1171 1065 290 
249 358 434 1046 1030 278 
250 384 394 1110 976 257 
251 326 370 1033 960 210 
252 301 395 1033 946 220 
253 269 342 915 892 219 
254 304 341 911 848 220 
255 287 344 915 908 183 
256 288 311 826 820 209 
257 264 298 811 827 165 
258 245 284 737 717 147 
259 232 269 725 736 161 
260 220 274 702 695 155 
261 219 237 676 690 142 
262 194 207 721 647 143 
263 219 222 626 632 117 
264 181 219 614 586 124 
265 186 205 586 578 109 
266 185 197 566 576 93 
267 165 209 601 552 109 
268 171 205 576 503 90 
269 179 170 488 520 102 
270 131 170 520 501 99 
271 157 143 449 408 97 
272 149 156 459 469 99 
273 139 176 439 399 98 
274 136 161 424 371 97 
275 136 139 421 385 95 
276 92 146 406 379 86 
277 103 139 359 355 99 
278 109 132 326 353 89 
279 100 149 319 356 81 
280 100 118 319 351 71 
281 105 112 308 334 71 
282 103 103 284 326 68 
283 88 117 273 305 78 
284 82 107 283 258 73 
285 85 117 250 267 63 
286 92 78 238 276 68 
287 88 99 224 251 57 
288 93 94 212 291 58 
289 70 87 214 235 46 
290 78 67 213 249 45 
291 72 85 224 243 44 
292 88 79 207 232 47 
293 66 73 192 174 51 
294 60 69 199 182 51 
295 71 61 200 189 52 
296 64 71 172 162 40 
297 54 45 179 150 34 
298 60 50 173 168 34 
299 49 53 150 144 39 
300 47 53 156 130 44 
301 35 56 152 106 33 
302 47 48 152 127 25 
303 40 62 134 125 20 
304 60 46 138 123 19 
305 46 53 153 100 29 
306 41 42 112 101 22 
307 34 61 130 101 18 
308 55 52 127 98 24 
309 39 31 133 116 17 
310 35 32 135 107 16 
311 32 31 121 96 19 
312 38 26 121 96 22 
313 31 21 107 91 18 
314 35 27 103 103 15 
315 29 25 94 90 17 
316 30 28 89 96 15 
317 27 24 84 54 29 
318 31 24 79 61 11 
319 28 15 77 84 15 
320 25 20 72 71 19 
321 18 13 73 52 21 
322 32 18 69 68 21 
323 33 19 64 62 17 
324 29 23 63 52 8 
325 19 27 64 64 13 
326 16 29 52 52 7 
327 16 28 68 72 14 
328 20 28 46 46 9 
329 18 28 47 62 8 
330 12 27 40 60 12 
331 12 26 45 57 10 
332 19 30 31 58 9 
333 21 22 50 59 13 
334 22 36 40 61 13 
335 23 21 45 49 9 
336 13 24 39 53 13 
337 16 22 38 48 4 
338 18 21 28 49 8 
339 18 17 32 40 2 
340 11 14 31 32 6 
341 11 10 23 37 9 
342 8 12 28 49 3 
343 17 11 27 44 10 
344 15 17 31 30 7 
345 17 16 47 42 7 
346 5 8 23 34 4 
347 11 13 26 26 4 
348 12 11 35 25 5 
349 8 10 27 25 6 
350 11 14 34 25 4 
351 8 21 24 22 3 
352 5 5 26 23 4 
353 4 10 19 23 7 
354 0 7 18 19 3 
355 4 10 25 17 4 
356 5 4 25 13 3 
357 7 4 21 17 3 
358 5 2 14 15 3 
359 4 3 17 11 6 
360 4 5 16 16 1 
361 2 7 14 14 2 
362 5 5 20 15 5 
363 3 5 17 12 4 
364 4 5 15 7 7 
365 3 2 10 12 3 
366 4 2 18 10 3 
367 4 1 16 14 3 
368 1 2 10 12 2 
369 7 2 15 9 2 
370 9 2 12 8 5 
371 5 0 16 9 2 
372 4 3 7 10 2 
373 2 2 6 16 3 
374 1 1 13 8 3 
375 2 3 7 8 3 
376 4 1 10 14 2 
377 2 1 6 11 1 
378 4 3 6 10 3 
379 3 3 9 8 1 
380 5 5 2 16 0 
381 4 0 3 5 0 
382 2 1 4 5 1 
383 2 4 5 8 1 
384 3 5 2 8 2 
385 2 4 0 8 0 
386 2 2 2 6 0 
387 3 1 4 5 0 
388 2 3 6 2 0 
389 0 0 4 2 0 
390 1 1 4 5 1 
391 1 1 7 2 0 
392 1 0 5 4 0 
393 0 0 3 5 0 
394 0 2 4 5 0 
395 0 0 6 1 1 
396 0 0 7 2 0 
397 1 0 7 1 0 
398 0 0 5 1 2 
399 0 0 6 2 2 
400 1 0 8 2 2 
401 0 0 2 1 0 
402 0 0 3 1 2 
403 0 0 3 3 1 
404 0 0 2 0 3 
405 0 0 4 0 2 
406 0 0 2 0 2 
407 0 0 1 0 5 
408 1 0 0 0 2 
409 1 0 0 0 2 
410 0 0 1 0 1 
411 3 0 0 0 1 
412 0 0 0 0 0 
413 0 0 0 0 0 
414 2 0 2 0 1 
415 2 0 0 0 3 
416 0 0 2 0 1 
417 2 0 2 0 2 
418 1 0 3 0 2 
419 0 0 0 0 1 
420 0 0 1 0 0 
421 0 0 0 0 0 
422 0 0 0 0 0 
423 0 0 1 0 0 
424 0 0 0 0 0 
425 0 0 0 0 1 
426 0 0 0 0 1 
427 0 0 0 0 2 
428 0 0 0 0 1 
429 0 0 0 0 1 
430 0 0 0 0 0 
431 0 0 0 0 0 
432 0 0 0 0 2 
433 0 0 0 0 0 
434 0 0 0 0 1 
435 0 0 0 0 1 
436 0 0 0 0 0 
437 0 0 0 0 0 
