1 0 0 0 0 0 
2 0 4 0 0 0 
3 0 7 0 0 0 
4 0 5 0 0 0 
5 0 1 0 0 0 
6 0 2 0 0 0 
7 0 10 0 0 0 
8 0 11 0 0 0 
9 0 5 0 0 0 
10 1 9 0 0 0 
11 1 6 0 0 0 
12 2 4 0 0 0 
13 2 8 0 0 0 
14 2 8 1 0 1 
15 0 4 0 1 0 
16 4 4 0 1 0 
17 1 6 1 0 0 
18 0 4 0 0 0 
19 1 6 1 0 0 
20 3 5 0 1 0 
21 1 6 1 0 0 
22 2 2 0 0 0 
23 1 6 0 2 0 
24 1 1 3 0 0 
25 0 7 1 1 0 
26 0 2 3 1 0 
27 1 2 7 1 0 
28 0 7 5 0 0 
29 0 6 2 0 0 
30 0 1 3 0 0 
31 0 2 3 0 0 
32 0 4 4 0 0 
33 1 2 8 1 0 
34 0 2 9 2 0 
35 1 1 6 1 0 
36 0 3 8 1 0 
37 0 4 4 1 1 
38 0 4 3 3 0 
39 0 3 8 4 0 
40 2 2 3 1 0 
41 1 1 13 4 0 
42 1 1 12 3 0 
43 1 1 14 1 0 
44 1 1 7 1 0 
45 3 2 11 1 0 
46 0 7 7 1 0 
47 0 7 12 3 0 
48 0 1 6 3 1 
49 2 2 11 2 0 
50 1 1 11 1 0 
51 1 2 8 2 1 
52 0 4 11 4 0 
53 1 8 5 8 0 
54 0 8 6 7 0 
55 2 9 8 9 1 
56 3 12 10 4 2 
57 3 10 7 14 0 
58 2 12 10 10 0 
59 1 14 8 5 1 
60 1 8 4 9 1 
61 1 16 2 7 3 
62 2 8 4 8 0 
63 3 11 5 7 1 
64 3 11 3 6 2 
65 1 8 4 2 0 
66 0 21 10 9 1 
67 4 22 5 7 2 
68 3 35 2 10 5 
69 7 22 1 1 1 
70 1 28 4 11 2 
71 4 16 5 4 1 
72 3 23 5 5 3 
73 2 35 4 11 2 
74 5 38 7 8 1 
75 7 35 6 14 2 
76 9 38 7 21 3 
77 6 49 6 15 4 
78 9 37 7 22 2 
79 6 44 7 28 2 
80 5 55 18 15 3 
81 7 58 11 19 4 
82 9 53 14 21 1 
83 10 61 16 17 1 
84 7 64 25 24 2 
85 14 51 23 22 4 
86 16 58 15 21 6 
87 14 53 18 31 3 
88 14 53 24 37 4 
89 15 64 29 41 9 
90 8 65 28 19 8 
91 17 69 32 25 5 
92 16 72 29 36 6 
93 16 62 19 33 8 
94 11 85 37 51 9 
95 16 75 39 40 13 
96 13 78 39 41 7 
97 11 87 40 45 9 
98 12 81 52 54 9 
99 18 89 56 57 10 
100 21 79 52 53 9 
101 16 82 47 66 6 
102 13 115 61 57 6 
103 14 131 55 68 6 
104 16 120 44 68 7 
105 27 130 55 68 10 
106 30 129 53 76 11 
107 28 145 56 61 9 
108 37 143 57 75 7 
109 27 129 60 89 11 
110 28 146 86 103 7 
111 38 137 73 106 14 
112 36 190 92 99 10 
113 45 167 76 125 10 
114 48 210 64 134 13 
115 49 211 87 110 17 
116 44 217 86 136 11 
117 57 216 98 150 18 
118 61 258 101 152 19 
119 68 260 95 165 15 
120 61 262 119 164 14 
121 76 275 119 185 17 
122 68 294 127 187 30 
123 98 327 130 186 16 
124 83 298 148 224 33 
125 76 363 164 206 47 
126 74 357 161 206 47 
127 72 373 168 198 38 
128 77 405 174 231 36 
129 83 418 205 240 37 
130 78 440 206 245 48 
131 98 507 222 297 48 
132 107 532 232 292 43 
133 102 522 241 281 58 
134 124 545 259 364 54 
135 129 603 268 381 72 
136 129 648 260 429 70 
137 117 617 293 408 62 
138 141 689 308 451 70 
139 131 730 361 433 79 
140 149 761 377 514 75 
141 162 792 414 499 74 
142 165 888 387 550 82 
143 165 939 456 524 94 
144 188 968 453 573 89 
145 219 1006 453 654 103 
146 210 1056 500 632 85 
147 238 1179 524 694 96 
148 233 1186 576 726 94 
149 235 1292 604 793 120 
150 243 1295 700 840 127 
151 285 1303 689 893 92 
152 312 1374 734 882 120 
153 284 1446 738 959 139 
154 315 1576 737 931 130 
155 336 1621 846 971 136 
156 359 1671 836 1035 155 
157 339 1720 905 1097 151 
158 399 1819 897 1141 149 
159 394 1947 1004 1131 188 
160 431 1951 1118 1206 186 
161 443 2092 1097 1357 207 
162 402 2175 1097 1341 163 
163 452 2198 1237 1453 207 
164 462 2268 1203 1497 197 
165 537 2371 1315 1514 188 
166 569 2419 1343 1692 209 
167 547 2566 1433 1641 208 
168 517 2567 1465 1649 216 
169 600 2573 1461 1824 242 
170 650 2715 1596 1839 228 
171 627 2796 1615 2026 246 
172 666 2804 1733 1989 237 
173 688 2963 1791 2133 266 
174 736 3117 1927 2239 275 
175 733 3063 1936 2293 266 
176 787 3089 2044 2335 284 
177 798 3208 2139 2488 287 
178 815 3265 2171 2529 297 
179 912 3405 2252 2682 352 
180 921 3424 2363 2737 366 
181 922 3466 2508 2854 365 
182 932 3485 2511 2955 376 
183 946 3617 2543 3113 402 
184 1017 3697 2757 3252 428 
185 1012 3830 2934 3310 428 
186 1086 3819 2971 3454 445 
187 1061 3850 3053 3525 502 
188 1083 4035 3250 3487 505 
189 1175 4110 3251 3650 528 
190 1237 4117 3355 3774 527 
191 1199 4030 3413 3874 563 
192 1285 4066 3541 4033 562 
193 1325 4077 3730 4128 593 
194 1290 4195 3827 4200 670 
195 1330 4206 3861 4194 654 
196 1400 4110 3925 4274 669 
197 1352 4186 4070 4337 665 
198 1441 4145 4139 4470 697 
199 1439 4175 4211 4665 779 
200 1567 4314 4236 4730 780 
201 1490 4197 4318 4821 699 
202 1535 4185 4450 4942 773 
203 1591 4104 4577 5038 799 
204 1495 4082 4544 5148 798 
205 1483 4089 4614 5062 845 
206 1592 4112 4554 5216 893 
207 1621 3956 4750 5150 842 
208 1568 3919 4769 5127 917 
209 1609 4048 4933 5226 891 
210 1636 3925 4959 5206 922 
211 1599 3898 4840 5151 946 
212 1698 3843 5024 5210 939 
213 1731 3792 4958 5227 987 
214 1678 3537 5093 5205 1028 
215 1690 3573 5060 5196 969 
216 1703 3494 5200 5066 1024 
217 1691 3421 5128 5120 984 
218 1709 3448 5124 5125 1048 
219 1649 3291 5028 5049 1045 
220 1580 3161 5028 5026 1011 
221 1611 3206 5091 4994 1004 
222 1571 3223 4967 4882 997 
223 1539 3181 4936 4823 1057 
224 1528 2944 4918 4807 1005 
225 1596 2863 4857 4833 1026 
226 1589 2813 4736 4811 981 
227 1519 2720 4849 4760 1001 
228 1475 2570 4639 4684 986 
229 1564 2506 4755 4450 1034 
230 1465 2533 4561 4724 939 
231 1525 2531 4666 4304 1004 
232 1449 2364 4535 4407 967 
233 1510 2297 4342 4275 908 
234 1384 2349 4299 4292 974 
235 1330 2161 4384 4272 881 
236 1345 2209 4195 4060 894 
237 1337 2098 4207 3950 928 
238 1350 2034 4231 3904 892 
239 1251 1995 4097 3776 848 
240 1225 1933 3987 3791 829 
241 1247 1799 3982 3634 775 
242 1152 1775 3843 3542 771 
243 1149 1747 3820 3511 801 
244 1061 1669 3671 3274 763 
245 1090 1599 3586 3231 682 
246 1065 1608 3477 3261 729 
247 1024 1542 3393 3015 767 
248 1062 1483 3272 2983 714 
249 970 1379 3238 2843 661 
250 1045 1343 3074 2846 709 
251 867 1240 3037 2628 625 
252 959 1294 2993 2596 624 
253 919 1212 2907 2621 598 
254 888 1229 2826 2412 590 
255 834 1189 2704 2421 528 
256 832 1128 2744 2373 512 
257 841 1067 2697 2238 519 
258 761 1018 2588 2171 468 
259 760 1034 2448 2025 457 
260 736 941 2482 1940 463 
261 726 923 2332 1906 424 
262 736 807 2257 1743 400 
263 672 829 2271 1753 441 
264 657 781 2082 1743 401 
265 613 769 1957 1596 358 
266 578 676 1959 1640 381 
267 566 687 1943 1502 384 
268 533 689 1852 1457 341 
269 527 653 1715 1387 325 
270 486 639 1606 1247 336 
271 486 603 1520 1275 318 
272 481 543 1529 1192 357 
273 456 514 1427 1171 333 
274 431 514 1411 1169 315 
275 419 474 1263 1091 309 
276 369 475 1303 1038 279 
277 365 411 1239 987 280 
278 335 418 1123 928 285 
279 328 414 1112 885 248 
280 312 400 1045 850 273 
281 315 411 1036 836 236 
282 304 386 1016 829 254 
283 265 389 1028 780 218 
284 268 365 962 732 206 
285 253 342 938 721 215 
286 256 336 910 749 180 
287 232 314 905 663 163 
288 233 312 846 654 187 
289 268 318 870 602 165 
290 247 273 783 554 159 
291 222 304 791 558 170 
292 227 293 744 568 159 
293 178 254 728 603 148 
294 182 225 619 562 126 
295 193 225 672 497 122 
296 161 209 608 482 117 
297 179 200 599 452 108 
298 177 203 603 477 100 
299 183 202 596 432 100 
300 163 201 512 431 92 
301 164 176 509 404 113 
302 130 161 488 368 83 
303 160 164 460 366 108 
304 131 135 454 322 95 
305 145 150 442 352 79 
306 116 141 433 298 75 
307 135 139 386 300 84 
308 93 137 374 293 86 
309 102 138 321 288 79 
310 112 109 372 258 66 
311 130 114 309 273 64 
312 102 122 317 264 47 
313 85 105 304 264 68 
314 82 111 323 243 65 
315 92 102 299 204 48 
316 87 80 280 186 59 
317 81 74 276 209 56 
318 72 87 240 195 55 
319 79 86 222 187 43 
320 61 80 209 192 37 
321 57 76 232 195 42 
322 64 84 241 159 40 
323 59 58 182 177 30 
324 52 60 170 178 33 
325 53 67 203 149 31 
326 62 59 171 136 26 
327 60 55 183 133 30 
328 51 60 152 113 26 
329 54 59 138 112 23 
330 46 51 136 137 16 
331 54 58 130 93 25 
332 47 41 118 85 20 
333 27 37 128 89 30 
334 42 31 106 100 12 
335 32 26 105 89 15 
336 33 28 90 78 17 
337 25 37 73 92 23 
338 29 24 84 69 25 
339 29 24 76 75 19 
340 34 13 69 74 24 
341 31 27 74 66 13 
342 24 24 72 58 19 
343 38 17 69 62 20 
344 15 24 79 55 15 
345 26 25 70 43 14 
346 23 22 60 49 12 
347 22 30 76 46 15 
348 23 19 53 50 14 
349 17 13 57 33 11 
350 23 20 59 45 12 
351 12 12 60 26 10 
352 15 17 51 32 11 
353 16 20 44 25 9 
354 12 14 47 24 11 
355 11 10 48 22 12 
356 16 6 42 20 12 
357 5 11 32 15 10 
358 17 11 44 15 15 
359 15 12 41 18 7 
360 14 8 29 27 8 
361 9 11 31 23 9 
362 9 9 33 22 6 
363 9 13 20 31 6 
364 5 9 19 13 2 
365 3 4 26 12 4 
366 5 8 20 19 3 
367 5 8 17 16 3 
368 7 7 22 12 4 
369 4 7 20 12 1 
370 7 4 15 11 1 
371 8 5 10 14 2 
372 4 1 20 16 1 
373 5 1 17 11 3 
374 4 1 10 7 2 
375 3 4 15 16 2 
376 4 0 8 13 0 
377 0 6 12 17 3 
378 2 3 13 12 0 
379 6 0 8 14 3 
380 2 3 8 18 2 
381 2 1 8 11 1 
382 3 6 7 20 1 
383 5 2 5 9 0 
384 1 1 9 17 1 
385 3 3 7 5 1 
386 1 0 8 11 0 
387 3 6 8 6 0 
388 2 2 15 6 1 
389 5 1 8 4 0 
390 7 1 1 6 0 
391 3 4 4 8 1 
392 4 1 11 3 1 
393 4 1 10 5 0 
394 5 1 7 5 0 
395 3 4 8 7 0 
396 3 0 8 10 0 
397 2 4 7 13 0 
398 1 2 8 9 0 
399 0 0 3 6 0 
400 1 0 6 10 0 
401 1 1 4 4 0 
402 1 1 7 11 0 
403 2 1 6 7 0 
404 0 0 4 5 0 
405 2 2 4 6 0 
406 0 2 4 7 0 
407 5 5 7 4 0 
408 0 1 7 7 0 
409 2 1 4 4 0 
410 2 1 5 4 0 
411 3 2 6 11 0 
412 3 1 12 5 0 
413 0 1 11 11 0 
414 4 2 10 5 0 
415 2 1 8 6 0 
416 2 0 9 6 0 
417 3 1 6 10 1 
418 2 3 6 9 0 
419 1 1 5 7 0 
420 3 0 3 4 0 
421 1 1 6 5 0 
422 1 1 3 3 0 
423 1 0 2 2 0 
424 0 0 1 1 0 
425 3 0 0 3 0 
426 3 0 2 2 0 
427 2 0 2 1 1 
428 2 0 4 5 0 
429 2 1 1 1 0 
430 2 0 2 2 0 
431 1 0 2 1 0 
432 0 0 2 1 0 
433 0 0 3 2 0 
434 0 0 0 1 0 
435 0 0 4 2 0 
436 1 0 3 1 0 
437 0 0 0 3 0 
438 1 0 2 3 0 
439 2 0 2 0 0 
440 1 0 5 1 0 
441 0 0 2 0 0 
442 3 0 2 1 0 
443 1 0 3 1 0 
444 4 0 1 1 0 
445 1 2 2 1 0 
446 3 0 1 1 0 
447 1 1 8 2 0 
448 2 1 1 1 0 
449 2 1 1 0 0 
450 3 1 2 1 0 
451 2 0 1 2 0 
452 3 3 0 1 0 
453 2 0 2 5 0 
454 1 0 2 6 0 
455 0 0 4 3 0 
456 3 1 5 1 0 
457 1 0 3 3 0 
458 2 0 3 2 0 
459 0 0 1 5 0 
460 1 0 3 2 0 
461 4 0 0 2 0 
462 1 1 0 1 0 
463 1 0 1 1 0 
464 0 0 2 6 0 
465 0 0 1 5 0 
466 1 2 1 3 1 
467 1 1 1 1 0 
468 0 2 0 2 0 
469 1 1 2 1 0 
470 1 0 0 0 0 
471 1 2 0 0 0 
472 0 1 1 0 0 
473 0 0 0 0 0 
474 2 0 0 0 0 
475 1 1 0 0 0 
476 1 2 0 1 0 
477 1 3 0 0 0 
478 0 2 0 0 0 
479 0 1 0 0 0 
480 0 0 0 0 0 
481 0 0 0 0 0 
482 1 1 0 0 0 
483 0 1 0 0 0 
484 0 1 0 0 0 
485 0 1 0 0 0 
486 0 2 0 0 0 
487 0 0 0 0 0 
488 1 0 0 0 0 
489 1 1 0 0 0 
490 0 0 0 0 0 
491 0 0 0 0 0 
492 2 0 0 0 0 
493 0 0 0 0 0 
494 0 2 0 0 0 
495 0 0 0 0 0 
496 0 1 0 0 0 
497 0 1 0 0 0 
498 0 1 0 0 0 
499 0 1 0 0 0 
500 0 2 0 0 0 
501 1 0 0 1 0 
502 0 1 0 0 0 
503 0 1 0 0 0 
504 0 2 0 0 0 
505 0 0 0 0 0 
506 0 1 0 0 0 
507 0 2 0 0 0 
508 0 1 0 0 0 
509 0 2 0 0 0 
510 0 0 0 0 0 
511 0 1 0 0 0 
512 0 0 0 0 0 
513 0 0 0 0 0 
514 0 1 0 0 0 
515 0 1 0 0 0 
516 0 2 0 0 0 
517 0 3 0 0 0 
518 0 1 0 0 0 
519 0 2 0 0 0 
520 0 1 0 0 0 
521 0 2 0 0 0 
522 3 1 0 0 0 
523 0 1 2 0 0 
524 1 0 0 0 0 
525 0 1 0 0 0 
526 0 1 0 0 0 
527 0 0 2 0 0 
528 0 0 0 1 0 
529 0 0 0 0 0 
530 0 0 0 0 0 
531 0 0 0 0 0 
532 0 0 0 0 0 
533 0 0 0 0 0 
534 0 2 0 0 0 
535 0 0 0 0 0 
536 0 0 0 0 0 
537 0 0 0 0 0 
538 0 0 0 0 0 
