1 0 10 0 0 0 
2 0 5 0 1 0 
3 0 5 0 0 1 
4 0 5 1 0 0 
5 1 6 0 0 0 
6 0 4 0 0 0 
7 1 6 0 1 0 
8 1 9 0 1 0 
9 0 11 0 0 0 
10 2 16 0 0 0 
11 1 15 1 0 0 
12 2 14 0 0 0 
13 1 12 0 0 0 
14 3 18 0 1 0 
15 0 18 0 0 0 
16 3 13 0 0 0 
17 0 10 0 1 0 
18 0 13 1 0 0 
19 0 20 0 1 0 
20 1 28 1 1 0 
21 2 34 1 1 0 
22 0 28 2 2 0 
23 7 28 1 1 0 
24 5 30 3 3 0 
25 4 40 2 8 1 
26 0 33 4 5 0 
27 3 35 3 8 0 
28 2 40 5 3 0 
29 2 43 10 4 0 
30 8 50 6 6 1 
31 5 47 6 10 1 
32 6 40 8 11 0 
33 7 46 12 6 0 
34 6 47 10 8 1 
35 4 57 12 12 0 
36 4 49 7 6 2 
37 10 60 12 6 1 
38 12 56 15 10 3 
39 10 47 11 20 3 
40 14 56 15 12 2 
41 3 50 21 16 0 
42 14 69 17 14 1 
43 8 71 13 20 0 
44 7 62 16 30 2 
45 11 78 19 29 1 
46 18 84 30 18 3 
47 13 80 19 31 3 
48 6 83 22 23 3 
49 6 87 18 22 1 
50 5 102 18 35 0 
51 5 113 12 33 2 
52 10 106 29 39 9 
53 12 120 36 42 9 
54 10 126 34 44 3 
55 16 136 32 57 2 
56 21 135 35 49 5 
57 12 163 42 50 8 
58 20 147 29 55 6 
59 18 171 42 57 3 
60 33 176 48 52 6 
61 24 221 45 61 10 
62 22 188 67 62 10 
63 27 217 68 67 14 
64 38 229 91 72 6 
65 26 221 84 89 12 
66 31 221 79 79 12 
67 49 236 95 106 10 
68 31 246 115 105 23 
69 42 294 121 120 14 
70 58 294 112 107 12 
71 49 313 120 126 16 
72 51 393 139 121 20 
73 68 349 136 166 14 
74 57 375 141 153 19 
75 58 421 163 174 14 
76 76 383 159 182 21 
77 72 399 158 191 28 
78 78 461 173 244 27 
79 93 441 200 245 23 
80 84 507 244 232 32 
81 102 510 218 274 43 
82 101 566 236 264 39 
83 121 570 269 281 33 
84 115 618 299 316 56 
85 123 608 274 309 52 
86 127 688 300 340 50 
87 144 714 281 357 55 
88 150 748 328 412 60 
89 130 773 377 421 51 
90 129 795 351 446 62 
91 167 868 390 414 73 
92 161 900 403 476 76 
93 175 961 419 503 76 
94 196 997 460 480 76 
95 167 970 454 557 92 
96 196 995 525 565 76 
97 217 1101 548 588 103 
98 199 1107 552 635 76 
99 243 1166 583 695 83 
100 252 1223 636 721 94 
101 241 1221 644 796 111 
102 260 1386 662 828 99 
103 295 1460 784 834 125 
104 315 1463 852 821 113 
105 320 1579 846 935 129 
106 361 1639 828 970 116 
107 348 1707 942 1038 127 
108 345 1807 949 1081 143 
109 369 1929 1002 1167 160 
110 370 1948 1023 1165 147 
111 410 2113 1083 1247 163 
112 428 2016 1197 1247 181 
113 445 2195 1241 1307 181 
114 432 2334 1242 1384 206 
115 444 2303 1370 1423 215 
116 497 2422 1416 1523 212 
117 514 2578 1418 1584 227 
118 585 2559 1432 1645 241 
119 569 2711 1536 1680 245 
120 548 2847 1670 1695 278 
121 661 2876 1704 1855 290 
122 689 2857 1825 2012 283 
123 725 3092 1814 2107 323 
124 692 3142 1998 2159 334 
125 763 3227 2064 2223 337 
126 801 3341 2069 2294 319 
127 839 3360 2246 2387 372 
128 858 3385 2320 2530 367 
129 971 3546 2551 2543 399 
130 905 3552 2493 2779 394 
131 953 3703 2571 2907 428 
132 1006 3780 2662 3041 483 
133 1042 3872 2875 3105 524 
134 1033 3935 2935 3186 515 
135 1094 4061 2995 3310 521 
136 1179 4157 3124 3344 547 
137 1179 4144 3182 3623 581 
138 1213 4223 3470 3593 530 
139 1238 4206 3451 3764 585 
140 1326 4174 3595 4003 645 
141 1283 4197 3829 3977 685 
142 1370 4428 3862 4008 684 
143 1431 4420 4007 4067 642 
144 1484 4431 4121 4274 607 
145 1545 4330 4102 4289 754 
146 1517 4468 4155 4499 739 
147 1564 4360 4422 4432 787 
148 1516 4489 4358 4573 786 
149 1544 4300 4562 4620 812 
150 1535 4346 4681 4738 874 
151 1657 4324 4670 4714 938 
152 1655 4389 4717 4908 873 
153 1616 4306 4894 4861 929 
154 1566 4238 5004 4992 903 
155 1659 4098 5033 5039 888 
156 1712 4129 5087 5187 935 
157 1713 4134 5161 5223 913 
158 1696 4104 5185 5204 944 
159 1677 3948 5359 5277 935 
160 1750 3872 5279 5346 931 
161 1700 3810 5334 5324 985 
162 1746 3847 5254 5348 983 
163 1658 3745 5272 5451 1021 
164 1774 3773 5258 5384 1049 
165 1834 3589 5394 5488 1028 
166 1813 3521 5469 5414 1037 
167 1779 3453 5538 5271 1012 
168 1743 3208 5352 5220 1048 
169 1732 3304 5459 5260 1046 
170 1789 3221 5472 5351 1004 
171 1747 3124 5340 5285 1000 
172 1703 3104 5293 5252 1070 
173 1676 2967 5474 5206 989 
174 1682 2884 5200 5018 1039 
175 1650 2738 5117 4911 955 
176 1599 2666 5120 4870 998 
177 1557 2493 5085 4778 971 
178 1533 2473 4848 4729 959 
179 1579 2404 4919 4574 1021 
180 1561 2307 4722 4517 959 
181 1493 2207 4592 4499 992 
182 1449 2144 4645 4464 958 
183 1422 2165 4525 4353 912 
184 1392 2092 4433 4286 880 
185 1346 1967 4249 4067 840 
186 1398 1881 4280 4049 787 
187 1326 1834 4112 3878 855 
188 1351 1849 4064 3802 804 
189 1188 1802 4038 3698 749 
190 1206 1699 3940 3694 719 
191 1168 1656 3797 3514 755 
192 1092 1610 3735 3483 733 
193 1099 1553 3682 3335 729 
194 1072 1504 3628 3289 674 
195 1003 1422 3465 3300 603 
196 1016 1368 3308 3153 569 
197 1035 1243 3258 3062 539 
198 930 1253 3066 2823 564 
199 948 1214 2953 2838 571 
200 919 1136 2963 2832 529 
201 874 1122 2812 2623 537 
202 845 989 2648 2654 495 
203 818 978 2538 2531 464 
204 816 986 2458 2400 467 
205 760 892 2401 2391 464 
206 749 905 2293 2266 460 
207 746 866 2239 2176 453 
208 720 853 2189 2120 422 
209 701 801 2146 2026 407 
210 694 777 2108 1919 430 
211 607 758 2021 1921 368 
212 606 767 1906 1790 357 
213 611 706 1824 1699 363 
214 556 687 1836 1610 348 
215 585 654 1736 1567 332 
216 520 662 1597 1501 359 
217 502 640 1495 1420 337 
218 552 621 1534 1320 330 
219 481 632 1507 1273 332 
220 471 569 1463 1325 296 
221 418 557 1396 1234 305 
222 449 593 1281 1184 253 
223 433 556 1335 1141 244 
224 404 501 1175 1105 255 
225 352 459 1150 1021 258 
226 372 478 1126 978 226 
227 333 450 1019 992 222 
228 334 418 1040 927 218 
229 307 408 995 848 230 
230 338 427 956 845 187 
231 325 363 913 791 235 
232 297 349 839 752 199 
233 243 379 854 719 186 
234 290 332 726 659 188 
235 226 300 755 632 163 
236 256 329 672 604 168 
237 214 282 688 579 157 
238 205 289 616 541 138 
239 183 278 589 576 143 
240 200 272 584 496 133 
241 195 254 602 492 119 
242 173 216 599 494 133 
243 157 219 605 415 126 
244 165 264 503 401 139 
245 158 201 487 403 142 
246 179 214 435 371 130 
247 144 240 490 330 142 
248 136 196 417 326 142 
249 144 195 423 336 122 
250 139 206 408 313 128 
251 117 196 381 315 104 
252 122 203 339 299 116 
253 119 191 397 297 114 
254 107 195 372 295 115 
255 110 157 347 284 86 
256 112 157 325 287 80 
257 109 168 331 288 86 
258 110 144 324 232 83 
259 108 126 281 246 89 
260 103 131 247 226 94 
261 108 115 250 223 86 
262 90 136 218 229 84 
263 90 121 260 242 67 
264 93 121 237 210 72 
265 90 107 201 190 61 
266 92 104 215 184 71 
267 83 102 215 174 53 
268 88 91 186 182 62 
269 95 94 173 174 61 
270 89 84 174 158 36 
271 66 79 149 158 53 
272 76 80 174 150 34 
273 61 67 158 144 41 
274 63 57 148 139 36 
275 54 55 147 124 32 
276 36 67 141 115 36 
277 49 47 125 117 41 
278 42 36 128 119 33 
279 40 52 124 100 30 
280 48 54 121 120 25 
281 32 56 105 97 23 
282 31 38 112 99 21 
283 29 47 89 101 10 
284 40 50 92 95 19 
285 33 50 69 91 19 
286 35 28 82 71 15 
287 27 32 84 102 19 
288 29 44 74 86 14 
289 27 43 87 77 11 
290 22 39 67 74 19 
291 29 30 85 90 17 
292 24 35 75 73 11 
293 28 25 68 52 13 
294 31 26 91 86 11 
295 22 35 75 58 13 
296 35 38 77 65 18 
297 19 27 55 58 11 
298 17 26 63 48 13 
299 27 28 57 48 17 
300 26 19 68 40 20 
301 21 33 59 50 9 
302 15 31 60 53 12 
303 18 16 61 39 11 
304 17 23 43 61 12 
305 20 27 55 53 9 
306 14 14 43 50 1 
307 15 12 44 44 5 
308 20 11 41 49 5 
309 18 14 39 42 6 
310 14 12 51 34 4 
311 14 13 44 40 3 
312 13 12 39 45 10 
313 15 10 39 44 5 
314 20 9 37 26 10 
315 14 10 37 41 4 
316 13 9 38 46 5 
317 13 10 29 34 8 
318 11 2 39 40 2 
319 14 7 28 40 7 
320 9 1 33 20 7 
321 13 6 23 32 2 
322 17 2 16 28 1 
323 16 4 19 19 3 
324 12 4 15 25 5 
325 4 7 11 27 1 
326 5 5 11 27 3 
327 11 0 10 28 3 
328 6 3 8 32 4 
329 7 5 4 19 0 
330 4 4 6 13 1 
331 4 4 11 24 0 
332 7 5 16 13 0 
333 7 1 11 21 1 
334 9 4 10 16 0 
335 5 1 10 15 0 
336 5 3 10 15 0 
337 4 2 8 11 0 
338 5 4 18 9 0 
339 4 1 11 10 1 
340 5 2 13 24 0 
341 3 5 13 10 0 
342 2 3 16 18 0 
343 6 3 16 6 0 
344 4 2 19 16 1 
345 4 9 7 16 0 
346 7 5 13 12 0 
347 8 3 7 13 0 
348 2 1 6 11 1 
349 3 6 9 11 0 
350 3 6 10 11 1 
351 4 2 8 10 0 
352 2 5 9 8 1 
353 2 3 9 6 0 
354 3 4 7 7 0 
355 1 3 9 6 1 
356 3 3 5 10 0 
357 4 4 4 6 0 
358 2 2 3 4 0 
359 2 1 1 6 0 
360 1 4 2 5 0 
361 4 5 1 3 0 
362 3 3 6 2 0 
363 2 3 1 5 0 
364 1 2 6 4 0 
365 0 3 4 2 0 
366 1 2 1 3 0 
367 4 0 3 2 0 
368 2 0 8 2 0 
369 0 1 5 1 0 
370 0 0 6 4 0 
371 0 0 8 1 0 
372 2 1 3 5 0 
373 2 0 7 0 0 
374 0 0 5 3 0 
375 1 0 3 3 0 
376 0 0 8 0 0 
377 0 1 8 0 0 
378 2 1 6 1 0 
379 1 1 5 0 0 
380 0 0 4 3 0 
381 0 0 6 1 1 
382 1 0 6 1 0 
383 2 0 9 4 1 
384 4 1 1 3 0 
385 0 0 6 4 0 
386 1 1 8 0 0 
387 3 0 9 0 0 
388 1 1 4 3 0 
389 0 0 8 5 0 
390 1 0 8 4 0 
391 0 3 7 7 0 
392 1 0 4 4 0 
393 1 1 10 2 0 
394 0 1 12 9 0 
395 0 1 8 13 0 
396 0 3 8 9 0 
397 1 0 8 7 1 
398 0 1 8 6 0 
399 2 0 5 14 0 
400 1 0 3 7 0 
401 0 1 3 16 0 
402 0 2 3 17 1 
403 1 2 7 11 0 
404 1 4 5 7 0 
405 2 3 4 7 0 
406 1 3 0 9 0 
407 2 3 2 4 0 
408 1 1 2 4 1 
409 1 0 1 2 0 
410 0 0 2 2 0 
411 1 0 3 2 1 
412 1 1 3 3 1 
413 0 1 0 3 4 
414 1 1 2 4 2 
415 0 0 2 1 1 
416 3 0 1 0 1 
417 0 0 0 1 2 
418 0 0 2 3 1 
419 0 0 1 1 1 
420 0 0 1 2 0 
421 0 0 0 3 1 
422 0 0 0 1 1 
423 1 0 0 5 0 
424 1 0 0 2 0 
425 1 0 0 1 1 
426 0 0 0 2 0 
427 1 0 0 1 0 
428 0 0 1 0 0 
429 0 0 2 1 0 
430 1 0 0 0 0 
431 0 1 1 1 0 
432 0 0 0 1 0 
433 0 0 0 1 0 
434 0 0 0 2 0 
435 0 0 0 1 0 
436 0 0 0 0 0 
437 0 0 1 0 0 
438 0 0 1 0 0 
439 0 0 0 1 0 
440 0 0 0 0 0 
441 1 0 0 0 0 
442 0 0 0 1 0 
443 0 0 0 0 0 
