1 0 3 0 0 0 
2 0 2 2 0 0 
3 0 1 1 0 0 
4 0 3 1 0 0 
5 0 3 1 0 0 
6 0 4 0 0 0 
7 0 6 1 0 0 
8 0 7 0 0 0 
9 0 4 0 0 0 
10 0 5 5 0 0 
11 2 1 4 0 0 
12 0 2 0 0 0 
13 0 4 3 0 0 
14 0 2 5 0 0 
15 2 4 2 0 0 
16 0 0 3 0 0 
17 0 5 1 0 0 
18 1 4 4 0 0 
19 0 9 5 0 0 
20 2 3 2 0 0 
21 1 8 2 0 0 
22 0 4 3 0 0 
23 0 5 6 0 0 
24 1 5 6 0 0 
25 1 7 10 2 0 
26 1 9 2 3 0 
27 1 8 9 3 0 
28 1 7 7 2 0 
29 1 12 8 3 1 
30 4 5 10 6 0 
31 3 14 4 4 0 
32 1 20 3 5 0 
33 8 6 3 5 0 
34 1 14 7 4 0 
35 2 14 11 5 1 
36 4 28 19 7 0 
37 4 19 8 8 0 
38 5 15 13 8 0 
39 8 14 11 6 0 
40 3 25 13 7 2 
41 8 16 10 8 0 
42 6 19 22 8 2 
43 12 17 25 10 0 
44 7 28 24 9 0 
45 5 28 18 11 2 
46 5 34 17 15 0 
47 4 25 23 15 0 
48 3 31 22 27 0 
49 6 25 22 16 0 
50 5 28 37 18 0 
51 8 15 28 25 1 
52 12 38 32 27 1 
53 6 47 29 31 0 
54 11 32 36 29 1 
55 8 32 42 35 4 
56 9 49 35 29 0 
57 12 37 43 31 2 
58 5 44 42 37 3 
59 13 47 42 33 5 
60 10 45 42 33 2 
61 8 63 56 38 5 
62 20 46 61 23 6 
63 17 43 64 38 4 
64 24 60 76 26 5 
65 13 63 72 39 7 
66 15 71 73 34 6 
67 21 71 64 39 4 
68 24 42 89 48 8 
69 17 70 64 51 7 
70 20 74 75 54 12 
71 27 92 85 56 9 
72 21 93 111 80 16 
73 33 99 83 81 13 
74 18 99 91 96 13 
75 33 100 91 100 17 
76 37 104 135 90 19 
77 30 117 137 119 21 
78 32 119 148 108 16 
79 41 123 158 123 24 
80 42 120 153 120 13 
81 39 127 140 127 25 
82 57 127 156 142 23 
83 67 136 148 130 27 
84 61 157 162 154 30 
85 60 156 171 157 32 
86 58 177 170 139 25 
87 54 189 228 175 14 
88 78 207 200 173 23 
89 76 199 212 185 27 
90 62 203 209 162 33 
91 73 235 201 200 26 
92 69 235 263 228 29 
93 82 245 247 201 35 
94 77 255 272 208 40 
95 85 249 275 221 42 
96 94 272 282 173 30 
97 83 272 271 219 34 
98 99 264 308 246 35 
99 112 314 289 269 52 
100 87 322 288 282 56 
101 89 329 297 263 53 
102 105 371 317 259 51 
103 113 388 296 274 48 
104 127 411 330 324 53 
105 113 444 326 318 75 
106 113 419 349 365 80 
107 124 451 375 400 58 
108 119 486 427 405 69 
109 121 500 438 412 63 
110 119 539 450 469 65 
111 159 563 479 444 81 
112 156 629 521 438 89 
113 166 640 513 491 65 
114 200 707 615 454 83 
115 169 732 601 500 93 
116 182 790 583 550 83 
117 209 827 629 598 105 
118 218 817 601 620 110 
119 207 861 656 658 91 
120 245 932 704 676 99 
121 243 951 783 710 106 
122 277 1011 811 725 96 
123 260 1056 850 800 125 
124 302 1084 844 796 115 
125 305 1081 894 847 134 
126 341 1201 970 919 130 
127 314 1245 899 1008 162 
128 349 1339 1033 1046 132 
129 349 1391 1041 1068 147 
130 368 1462 1131 1074 194 
131 424 1478 1165 1137 164 
132 443 1596 1264 1215 154 
133 414 1715 1241 1306 190 
134 504 1707 1362 1367 214 
135 482 1839 1428 1444 210 
136 500 1823 1416 1464 222 
137 532 1928 1539 1498 250 
138 564 1912 1586 1578 229 
139 591 2031 1648 1791 215 
140 611 2115 1706 1759 265 
141 649 2233 1743 1843 264 
142 680 2311 1787 1884 312 
143 695 2429 1877 1941 300 
144 639 2469 2040 2052 307 
145 721 2592 2113 2116 307 
146 748 2709 2101 2186 316 
147 747 2737 2194 2209 331 
148 786 2842 2244 2388 345 
149 815 2935 2406 2344 373 
150 863 2976 2416 2493 343 
151 789 3137 2568 2616 423 
152 902 3147 2690 2665 415 
153 943 3315 2680 2892 453 
154 925 3343 2874 2911 449 
155 974 3519 2833 2975 491 
156 1013 3651 3044 3040 523 
157 1043 3653 3049 3182 499 
158 1061 3672 3107 3283 531 
159 1127 3826 3179 3294 507 
160 1085 3910 3372 3543 574 
161 1097 3970 3435 3636 559 
162 1125 3959 3526 3681 599 
163 1223 3985 3587 3796 666 
164 1242 4060 3560 3801 632 
165 1299 4112 3747 3829 622 
166 1341 4133 3745 4049 657 
167 1307 4287 3812 4071 679 
168 1395 4254 3865 4154 722 
169 1397 4195 4005 4223 686 
170 1480 4196 4179 4105 738 
171 1395 4142 4279 4277 742 
172 1551 4205 4231 4430 792 
173 1505 4236 4273 4490 798 
174 1445 4230 4385 4512 868 
175 1556 4160 4432 4549 879 
176 1526 4111 4550 4800 869 
177 1561 4134 4546 4733 889 
178 1594 4182 4535 4877 889 
179 1627 4090 4629 5026 948 
180 1653 4043 4780 5161 905 
181 1685 4086 4799 5141 926 
182 1596 3981 4652 5086 1010 
183 1571 4038 4650 5055 955 
184 1598 3928 4794 5309 984 
185 1653 3914 4785 5109 984 
186 1649 3855 4937 5177 1050 
187 1593 3712 4870 5161 1034 
188 1625 3781 4891 5090 1031 
189 1649 3719 4987 5072 936 
190 1559 3782 4908 5133 1027 
191 1651 3635 4759 5190 1004 
192 1650 3501 4743 5194 969 
193 1607 3409 4896 5061 1022 
194 1648 3449 4744 5056 995 
195 1667 3215 4734 5062 1030 
196 1630 3191 4735 4902 977 
197 1616 3071 4717 4915 943 
198 1586 2987 4581 4803 956 
199 1535 2930 4622 4883 897 
200 1539 2954 4717 4695 912 
201 1551 2903 4506 4728 925 
202 1507 2744 4477 4575 902 
203 1500 2629 4388 4565 853 
204 1515 2570 4326 4428 902 
205 1395 2493 4364 4310 843 
206 1428 2387 4314 4104 856 
207 1336 2295 4271 4046 837 
208 1352 2283 4165 3974 811 
209 1298 2298 4052 3772 775 
210 1344 2106 3979 3702 711 
211 1256 2128 3851 3641 755 
212 1250 2001 3755 3614 723 
213 1216 1996 3745 3569 719 
214 1189 1927 3653 3395 728 
215 1098 1930 3559 3411 658 
216 1109 1733 3471 3127 681 
217 1161 1637 3335 3215 665 
218 1029 1583 3322 3168 641 
219 1082 1572 3265 3097 615 
220 1023 1538 3131 2860 588 
221 976 1493 2967 2875 595 
222 944 1436 2927 2847 582 
223 945 1358 2887 2776 573 
224 987 1364 2786 2698 581 
225 894 1253 2700 2419 517 
226 842 1323 2672 2487 509 
227 848 1153 2608 2275 555 
228 807 1160 2550 2252 542 
229 779 1066 2612 2205 472 
230 810 999 2337 2155 475 
231 757 977 2377 2103 492 
232 731 1024 2337 1996 468 
233 692 925 2222 1838 454 
234 647 859 2202 1864 413 
235 650 773 2111 1875 415 
236 601 837 2041 1686 379 
237 585 819 1978 1603 394 
238 574 747 1939 1603 398 
239 582 732 1833 1549 338 
240 486 696 1839 1425 369 
241 558 740 1625 1319 347 
242 571 683 1606 1352 308 
243 495 636 1567 1314 332 
244 485 579 1479 1252 282 
245 451 591 1448 1127 264 
246 428 526 1404 1113 256 
247 419 491 1360 1053 253 
248 407 502 1311 1017 253 
249 402 500 1234 1002 255 
250 372 469 1268 915 229 
251 357 418 1176 949 175 
252 319 416 1130 883 212 
253 326 405 1106 856 181 
254 321 363 1045 867 183 
255 288 378 1034 830 161 
256 315 368 912 750 167 
257 255 364 853 727 143 
258 284 322 904 702 171 
259 254 308 870 667 170 
260 271 282 887 674 163 
261 262 270 845 616 136 
262 243 267 811 583 158 
263 204 256 742 577 137 
264 198 217 725 546 130 
265 192 256 687 567 147 
266 184 215 613 508 129 
267 186 201 595 499 112 
268 199 175 623 489 128 
269 147 209 590 461 119 
270 160 198 554 439 125 
271 140 216 526 424 106 
272 164 192 472 418 84 
273 140 198 496 405 82 
274 122 186 505 387 70 
275 157 166 465 353 71 
276 135 149 456 379 54 
277 146 154 414 374 74 
278 127 142 376 355 70 
279 138 140 378 324 70 
280 109 121 337 323 58 
281 88 115 317 276 66 
282 94 118 311 273 52 
283 78 107 368 253 71 
284 87 100 287 263 54 
285 81 96 298 221 37 
286 79 85 294 195 44 
287 76 99 321 216 33 
288 63 107 246 179 34 
289 70 90 259 190 28 
290 61 74 227 181 37 
291 73 84 219 159 37 
292 66 72 229 174 27 
293 55 71 221 164 21 
294 44 84 185 145 14 
295 61 69 190 140 16 
296 49 68 167 139 29 
297 55 76 169 120 22 
298 42 57 154 106 29 
299 53 63 167 133 23 
300 43 46 158 117 12 
301 31 51 117 112 25 
302 39 42 137 101 29 
303 44 40 124 99 25 
304 29 45 115 111 15 
305 42 37 114 83 16 
306 35 36 124 71 15 
307 35 30 99 96 7 
308 34 35 110 99 13 
309 24 36 107 90 10 
310 22 34 97 78 9 
311 21 32 90 75 13 
312 20 38 94 55 4 
313 16 33 96 57 11 
314 26 27 80 70 12 
315 20 36 81 53 11 
316 15 32 65 43 8 
317 17 41 51 51 4 
318 16 29 46 50 9 
319 22 24 58 52 11 
320 19 15 46 51 5 
321 12 24 51 47 3 
322 12 21 54 33 5 
323 22 23 39 51 11 
324 15 23 50 49 6 
325 19 27 44 51 8 
326 13 19 46 50 4 
327 13 17 37 36 3 
328 17 17 36 35 9 
329 10 19 36 27 8 
330 12 20 36 27 9 
331 9 16 48 24 6 
332 13 5 34 43 8 
333 4 16 29 31 4 
334 6 11 36 25 2 
335 8 8 31 28 1 
336 6 5 28 16 3 
337 4 6 35 7 2 
338 7 5 47 14 2 
339 4 4 41 17 3 
340 7 2 36 20 3 
341 7 2 26 10 1 
342 4 3 31 10 1 
343 1 8 29 20 2 
344 2 4 23 18 0 
345 5 4 19 8 0 
346 1 1 21 13 1 
347 2 1 25 18 1 
348 2 1 20 18 1 
349 2 1 14 12 1 
350 1 1 23 10 3 
351 1 1 23 19 1 
352 3 0 18 8 0 
353 2 2 18 12 1 
354 2 1 16 11 2 
355 4 1 20 13 0 
356 0 3 13 7 0 
357 1 3 15 8 0 
358 0 2 17 19 0 
359 3 0 11 9 1 
360 1 0 16 12 0 
361 2 2 13 9 0 
362 2 2 18 3 0 
363 2 4 15 9 0 
364 4 1 13 10 0 
365 1 4 13 7 0 
366 0 2 9 5 0 
367 0 4 16 1 0 
368 1 3 14 7 1 
369 1 2 12 4 1 
370 1 1 10 3 1 
371 1 1 7 0 1 
372 1 3 8 2 2 
373 1 4 6 1 3 
374 0 7 5 1 2 
375 1 3 4 1 2 
376 1 1 5 2 3 
377 0 1 3 2 2 
378 1 6 2 0 1 
379 1 4 0 0 2 
380 0 1 2 0 3 
381 2 1 2 0 2 
382 0 3 1 0 4 
383 0 1 1 1 3 
384 0 2 0 0 3 
385 1 0 0 1 2 
386 1 1 0 1 2 
387 1 1 1 0 4 
388 0 2 2 2 1 
389 0 2 0 1 1 
390 0 2 1 1 1 
391 1 0 0 1 2 
392 0 1 2 1 1 
393 0 1 1 0 0 
394 0 0 0 0 0 
395 1 0 1 0 0 
396 0 0 1 0 2 
397 0 1 2 0 0 
398 0 0 0 1 0 
399 0 0 0 0 1 
400 0 0 0 0 0 
401 0 0 0 0 0 
402 0 1 0 0 0 
