1 0 10 0 0 0 
2 0 9 2 0 0 
3 0 8 3 0 0 
4 0 6 3 0 0 
5 0 8 4 0 0 
6 0 9 3 0 0 
7 0 10 3 0 0 
8 0 13 3 0 0 
9 0 10 2 0 0 
10 0 12 7 0 0 
11 2 6 11 0 0 
12 2 7 7 0 0 
13 2 10 9 0 0 
14 1 8 12 0 0 
15 3 10 10 0 0 
16 1 5 8 0 0 
17 1 9 6 0 0 
18 0 8 8 0 0 
19 0 13 9 0 0 
20 2 11 7 0 0 
21 3 16 6 0 0 
22 3 15 9 0 0 
23 1 17 15 0 0 
24 1 13 17 0 0 
25 1 17 20 2 0 
26 1 20 14 5 0 
27 2 26 20 4 0 
28 3 26 17 4 0 
29 3 28 19 6 1 
30 6 22 21 11 0 
31 5 32 19 12 0 
32 4 42 17 14 0 
33 9 39 15 16 0 
34 8 38 20 17 0 
35 8 38 28 13 1 
36 10 51 38 17 1 
37 8 48 30 17 1 
38 11 46 36 18 1 
39 13 45 34 17 1 
40 12 50 39 18 3 
41 16 47 39 22 2 
42 16 49 48 22 3 
43 21 51 62 23 1 
44 21 61 64 29 1 
45 19 71 59 27 3 
46 15 81 58 32 1 
47 9 86 63 43 1 
48 11 82 64 56 1 
49 11 80 65 52 1 
50 12 85 82 55 1 
51 14 78 83 64 2 
52 18 94 83 63 3 
53 19 106 94 73 2 
54 24 113 105 80 3 
55 24 110 123 84 7 
56 24 124 110 82 5 
57 22 123 121 84 4 
58 21 131 122 92 7 
59 21 132 122 86 9 
60 25 137 129 81 6 
61 25 154 142 92 8 
62 36 156 154 83 10 
63 45 138 166 102 11 
64 52 143 192 93 12 
65 44 155 205 98 19 
66 46 167 202 96 20 
67 55 197 197 108 18 
68 60 180 218 124 22 
69 52 195 215 137 16 
70 52 212 214 141 24 
71 57 233 234 154 26 
72 52 230 268 186 31 
73 70 260 272 205 37 
74 62 274 276 234 42 
75 76 278 285 254 49 
76 84 287 313 266 51 
77 87 294 344 309 52 
78 89 310 382 311 45 
79 100 333 408 320 54 
80 103 342 426 335 51 
81 97 360 427 357 60 
82 124 367 451 359 66 
83 154 387 446 388 68 
84 160 431 466 421 70 
85 152 450 487 433 75 
86 164 458 485 426 70 
87 156 498 558 472 62 
88 180 538 586 471 62 
89 192 543 602 501 77 
90 192 568 604 471 83 
91 187 602 616 515 86 
92 191 621 667 576 89 
93 212 657 682 570 86 
94 217 692 730 579 94 
95 228 701 759 596 101 
96 237 749 749 582 99 
97 234 759 771 613 96 
98 249 766 821 664 98 
99 277 824 834 719 114 
100 267 893 835 744 130 
101 266 937 836 752 140 
102 272 976 874 738 139 
103 296 1058 899 766 149 
104 320 1123 922 849 161 
105 321 1174 935 885 180 
106 327 1206 969 942 197 
107 347 1273 1028 1012 197 
108 340 1330 1129 1090 209 
109 340 1401 1182 1113 194 
110 346 1507 1231 1220 202 
111 370 1593 1324 1230 222 
112 405 1689 1404 1251 242 
113 433 1719 1449 1316 233 
114 473 1828 1575 1345 236 
115 485 1927 1624 1382 260 
116 510 2071 1664 1454 262 
117 540 2170 1699 1565 283 
118 583 2249 1791 1679 303 
119 622 2365 1840 1777 283 
120 628 2549 1926 1875 295 
121 673 2617 2043 1948 317 
122 727 2706 2158 2012 306 
123 740 2869 2316 2115 326 
124 772 2976 2367 2177 323 
125 821 3071 2490 2339 357 
126 854 3287 2595 2498 350 
127 867 3467 2661 2672 400 
128 897 3679 2808 2863 391 
129 937 3831 2870 2990 423 
130 986 3973 3042 3093 460 
131 1065 4181 3178 3190 465 
132 1145 4407 3385 3354 473 
133 1152 4586 3498 3611 501 
134 1218 4791 3631 3790 548 
135 1300 5008 3859 3951 577 
136 1384 5145 3943 4088 605 
137 1452 5356 4202 4224 652 
138 1525 5493 4377 4396 661 
139 1589 5754 4543 4703 670 
140 1662 5954 4718 4899 698 
141 1755 6176 4903 5104 743 
142 1829 6383 5091 5211 810 
143 1871 6685 5273 5379 841 
144 1916 6976 5544 5594 868 
145 1961 7192 5812 5870 894 
146 2051 7497 5919 6086 900 
147 2130 7727 6078 6241 927 
148 2168 7982 6290 6604 954 
149 2244 8252 6637 6717 1020 
150 2327 8450 6816 7014 1034 
151 2319 8759 7106 7244 1104 
152 2426 9058 7380 7510 1137 
153 2493 9305 7528 7897 1226 
154 2569 9594 7929 8158 1253 
155 2640 9952 8111 8383 1334 
156 2715 10306 8415 8680 1384 
157 2826 10355 8634 8933 1426 
158 2903 10546 8790 9219 1469 
159 3009 10865 9091 9499 1451 
160 3062 11112 9427 9900 1520 
161 3088 11430 9645 10191 1611 
162 3111 11597 9905 10447 1658 
163 3289 11654 10123 10689 1755 
164 3437 11836 10256 11005 1801 
165 3515 12064 10438 11290 1832 
166 3689 12149 10695 11560 1869 
167 3744 12436 10914 11694 1948 
168 3905 12518 11021 11967 2040 
169 3897 12416 11364 12223 2064 
170 4067 12527 11745 12181 2094 
171 4098 12501 12081 12424 2171 
172 4264 12446 12206 12729 2245 
173 4300 12552 12355 12994 2303 
174 4294 12583 12598 13109 2429 
175 4342 12642 12877 13294 2496 
176 4313 12489 13134 13713 2517 
177 4349 12476 13200 13872 2610 
178 4435 12512 13404 14081 2648 
179 4602 12526 13502 14431 2700 
180 4652 12391 13821 14822 2708 
181 4757 12455 14017 15012 2702 
182 4642 12167 14011 15156 2857 
183 4605 12155 14046 15195 2870 
184 4639 11977 14214 15420 2903 
185 4708 12001 14224 15427 2935 
186 4721 11900 14355 15499 3026 
187 4716 11660 14440 15573 3007 
188 4729 11662 14566 15449 3045 
189 4803 11581 14671 15415 2979 
190 4750 11400 14664 15377 2976 
191 4781 11387 14561 15392 2999 
192 4727 11204 14485 15497 2937 
193 4705 10831 14584 15378 2991 
194 4725 10728 14445 15394 2996 
195 4785 10426 14483 15270 3020 
196 4804 10151 14425 15081 2928 
197 4756 9851 14344 15042 2893 
198 4781 9592 14095 14933 2867 
199 4731 9416 13980 14900 2730 
200 4649 9256 13993 14774 2777 
201 4615 9106 13909 14558 2768 
202 4608 8757 13773 14349 2750 
203 4566 8449 13598 14132 2713 
204 4516 8218 13417 13797 2710 
205 4386 7991 13427 13530 2613 
206 4361 7753 13331 12994 2601 
207 4219 7465 13274 12701 2602 
208 4152 7248 13111 12468 2516 
209 4077 7153 12768 12204 2507 
210 4004 6949 12575 11928 2414 
211 3902 6766 12299 11598 2317 
212 3849 6443 11957 11329 2260 
213 3751 6290 11745 11174 2242 
214 3678 6146 11457 10933 2216 
215 3586 6053 11170 10815 2153 
216 3500 5784 10904 10400 2116 
217 3451 5554 10724 10250 2092 
218 3302 5282 10616 10046 2074 
219 3302 5060 10312 9841 2000 
220 3241 4915 10010 9419 1956 
221 3129 4767 9660 9247 1875 
222 3006 4659 9303 9026 1866 
223 2975 4485 9089 8814 1801 
224 2961 4357 8963 8608 1773 
225 2860 4157 8672 8219 1712 
226 2737 4072 8545 7948 1652 
227 2668 3849 8360 7567 1669 
228 2578 3730 8190 7411 1652 
229 2542 3579 8117 7142 1582 
230 2506 3411 7835 6955 1544 
231 2418 3260 7669 6763 1522 
232 2307 3172 7518 6557 1501 
233 2250 3046 7244 6203 1465 
234 2168 2888 7034 6068 1397 
235 2086 2701 6875 5914 1351 
236 1978 2670 6648 5649 1311 
237 1866 2600 6455 5420 1293 
238 1838 2490 6274 5234 1242 
239 1818 2420 6122 5053 1183 
240 1710 2321 5908 4833 1153 
241 1699 2258 5539 4571 1119 
242 1711 2148 5276 4437 1054 
243 1636 2050 5196 4329 1027 
244 1568 1946 5027 4108 956 
245 1480 1860 4810 3899 916 
246 1431 1742 4614 3652 858 
247 1379 1655 4406 3495 818 
248 1355 1617 4315 3354 774 
249 1282 1544 4166 3207 773 
250 1229 1485 3993 3085 754 
251 1172 1372 3834 3020 698 
252 1110 1321 3716 2968 690 
253 1071 1279 3587 2864 643 
254 1031 1247 3450 2757 621 
255 966 1213 3340 2637 598 
256 942 1155 3161 2493 571 
257 890 1120 2936 2399 528 
258 850 1064 2931 2380 538 
259 797 1014 2843 2258 547 
260 802 996 2776 2174 520 
261 813 918 2699 2053 503 
262 785 879 2610 1944 503 
263 719 847 2520 1880 480 
264 667 785 2404 1798 441 
265 641 765 2295 1743 451 
266 602 705 2196 1705 421 
267 554 666 2067 1634 404 
268 556 639 2010 1614 413 
269 517 644 1960 1544 404 
270 480 645 1869 1465 382 
271 457 643 1765 1423 356 
272 454 625 1664 1400 314 
273 442 628 1627 1353 289 
274 412 593 1611 1306 260 
275 442 564 1551 1252 242 
276 425 503 1474 1194 229 
277 431 494 1395 1194 236 
278 406 490 1323 1154 230 
279 394 468 1269 1100 221 
280 379 432 1196 1018 205 
281 332 413 1102 939 205 
282 320 393 1057 879 197 
283 284 387 1071 838 199 
284 283 367 1019 818 190 
285 260 345 978 786 160 
286 255 310 964 718 152 
287 246 302 927 676 140 
288 229 310 887 628 123 
289 222 307 862 608 106 
290 216 288 793 582 103 
291 217 288 764 548 101 
292 207 270 720 539 96 
293 189 253 706 527 85 
294 171 238 660 501 71 
295 185 241 627 459 67 
296 171 235 589 447 67 
297 169 227 579 412 68 
298 155 195 559 389 75 
299 162 180 526 393 75 
300 158 155 515 372 67 
301 127 164 477 370 70 
302 123 158 442 354 76 
303 126 146 425 324 76 
304 113 142 403 310 68 
305 124 126 406 291 61 
306 118 115 405 273 57 
307 115 110 376 279 46 
308 112 106 363 294 45 
309 92 113 356 292 42 
310 85 117 344 273 35 
311 77 103 316 261 40 
312 73 109 296 222 30 
313 71 110 300 204 31 
314 75 105 280 211 31 
315 65 104 257 190 29 
316 61 99 239 173 28 
317 53 105 209 164 22 
318 46 101 200 158 24 
319 59 86 193 155 30 
320 59 64 171 157 23 
321 49 71 165 153 18 
322 46 73 168 138 19 
323 52 73 146 141 24 
324 45 81 153 151 22 
325 44 83 149 149 25 
326 38 73 142 145 19 
327 36 74 131 124 22 
328 40 70 129 117 25 
329 39 63 119 106 26 
330 38 59 122 104 28 
331 33 58 136 103 20 
332 39 44 132 108 17 
333 24 48 116 101 14 
334 24 38 121 87 9 
335 21 32 102 83 8 
336 20 21 92 73 10 
337 18 21 96 52 9 
338 22 18 115 49 5 
339 16 15 121 52 6 
340 14 10 116 51 7 
341 14 9 109 40 4 
342 12 11 97 37 4 
343 10 16 83 48 5 
344 10 16 77 48 3 
345 12 13 70 39 2 
346 9 9 73 43 2 
347 7 8 74 44 3 
348 5 7 74 49 3 
349 5 6 63 51 2 
350 4 5 65 47 5 
351 4 2 66 51 3 
352 6 1 66 45 1 
353 6 3 66 44 2 
354 7 4 65 44 2 
355 9 3 59 45 1 
356 5 4 49 38 0 
357 5 4 46 34 0 
358 5 6 51 38 0 
359 6 4 43 36 1 
360 6 4 41 38 0 
361 7 4 39 33 0 
362 8 6 45 24 0 
363 5 8 50 26 0 
364 5 7 44 25 0 
365 5 8 41 26 0 
366 4 6 35 25 0 
367 3 9 34 19 0 
368 3 10 32 19 1 
369 1 11 32 12 1 
370 0 11 29 11 2 
371 1 10 32 4 2 
372 2 11 25 5 4 
373 3 8 24 3 7 
374 2 13 22 3 8 
375 3 12 19 4 7 
376 3 7 18 4 7 
377 1 7 12 6 6 
378 2 12 9 4 4 
379 2 11 7 4 6 
380 2 12 5 2 8 
381 3 8 6 2 8 
382 3 11 3 2 11 
383 1 8 4 3 9 
384 1 9 4 2 10 
385 2 7 3 2 10 
386 3 6 3 3 11 
387 3 4 3 2 14 
388 2 5 5 3 12 
389 2 6 2 2 9 
390 1 5 2 3 8 
391 1 4 2 3 7 
392 1 3 3 2 6 
393 1 3 3 2 2 
394 1 2 1 2 2 
395 1 1 2 1 1 
396 1 1 2 0 3 
397 0 2 3 0 1 
398 0 1 2 0 1 
399 0 1 2 0 1 
400 0 1 1 0 0 
401 0 1 1 0 0 
402 0 0 0 0 0 
