1 0 12 0 0 0 
2 0 14 0 0 0 
3 0 15 0 0 0 
4 1 17 0 0 0 
5 1 20 0 0 0 
6 1 23 0 0 0 
7 1 29 0 0 0 
8 2 29 0 0 0 
9 2 25 0 0 0 
10 1 36 1 0 0 
11 2 31 1 0 0 
12 2 29 1 0 0 
13 2 27 2 0 0 
14 2 34 5 0 0 
15 4 42 5 1 0 
16 4 48 6 1 0 
17 5 38 6 1 0 
18 9 38 4 0 0 
19 10 34 7 0 0 
20 11 29 12 0 0 
21 8 29 13 0 1 
22 11 27 12 0 0 
23 8 29 11 0 1 
24 10 25 10 2 0 
25 10 27 10 2 0 
26 11 27 6 2 0 
27 7 35 5 3 0 
28 9 37 8 5 0 
29 8 36 7 7 0 
30 10 47 8 5 0 
31 9 45 8 5 0 
32 19 50 8 4 1 
33 20 48 11 7 1 
34 19 54 7 8 1 
35 11 49 6 14 1 
36 15 50 11 13 1 
37 11 50 14 13 0 
38 9 49 23 21 0 
39 8 62 21 28 0 
40 10 74 18 33 1 
41 12 73 19 33 0 
42 13 89 20 31 0 
43 11 100 23 35 0 
44 13 102 17 36 0 
45 10 103 20 46 1 
46 12 126 19 48 1 
47 8 143 15 48 3 
48 12 149 15 44 1 
49 12 141 12 65 1 
50 18 145 13 54 2 
51 25 139 16 59 0 
52 26 133 20 64 0 
53 29 141 24 69 0 
54 32 150 29 64 0 
55 31 171 27 58 0 
56 24 180 28 56 0 
57 23 195 34 60 0 
58 30 217 35 69 2 
59 32 217 40 63 3 
60 39 226 47 61 3 
61 31 218 44 53 3 
62 31 225 51 58 7 
63 30 227 52 56 9 
64 32 241 52 66 12 
65 33 239 60 69 13 
66 30 256 66 63 18 
67 43 273 75 67 19 
68 50 289 80 65 23 
69 41 293 82 66 26 
70 48 322 88 75 33 
71 41 349 87 72 28 
72 42 339 98 79 30 
73 40 333 98 81 32 
74 41 338 110 81 28 
75 41 356 118 80 23 
76 34 371 117 76 20 
77 34 411 128 91 21 
78 39 458 130 96 18 
79 46 492 139 97 21 
80 52 483 153 114 20 
81 59 505 155 122 23 
82 68 529 157 123 22 
83 74 555 162 135 21 
84 75 614 190 146 21 
85 89 682 208 148 23 
86 106 663 224 171 18 
87 122 711 234 186 24 
88 124 787 241 193 29 
89 119 829 258 221 28 
90 133 862 276 250 40 
91 135 910 306 272 38 
92 159 989 295 283 39 
93 167 1031 294 295 47 
94 176 1101 287 350 44 
95 184 1126 308 388 50 
96 196 1165 328 416 53 
97 191 1256 373 450 52 
98 200 1339 391 482 75 
99 208 1421 433 493 73 
100 217 1524 428 525 69 
101 227 1532 483 575 63 
102 235 1628 496 593 61 
103 237 1711 514 608 57 
104 264 1855 532 655 56 
105 283 1865 550 713 71 
106 325 1912 590 794 69 
107 320 1999 608 864 70 
108 346 2123 668 896 78 
109 374 2287 742 922 86 
110 415 2321 774 974 103 
111 444 2439 826 1037 102 
112 460 2544 932 1099 123 
113 466 2676 991 1152 141 
114 519 2768 1029 1200 141 
115 528 2973 1070 1270 156 
116 534 3035 1156 1387 160 
117 551 3193 1223 1470 175 
118 560 3325 1238 1495 204 
119 593 3508 1318 1581 235 
120 631 3673 1408 1722 230 
121 666 3901 1517 1785 249 
122 743 4114 1649 1888 278 
123 758 4255 1727 2069 302 
124 788 4346 1847 2215 307 
125 818 4488 1897 2297 314 
126 853 4646 2041 2415 344 
127 910 4826 2138 2569 341 
128 926 5026 2163 2634 357 
129 974 5204 2308 2830 379 
130 1038 5380 2399 2896 411 
131 1086 5581 2512 3077 467 
132 1129 5896 2720 3175 503 
133 1185 6019 2913 3316 541 
134 1213 6191 3137 3417 585 
135 1298 6298 3381 3580 597 
136 1410 6540 3523 3676 652 
137 1482 6762 3694 3916 647 
138 1531 7087 3863 4117 681 
139 1608 7289 3978 4424 686 
140 1692 7387 4244 4579 756 
141 1719 7510 4419 4713 830 
142 1809 7677 4594 4893 907 
143 1872 7823 4750 5065 913 
144 1868 8063 4977 5405 961 
145 1924 8353 5235 5740 1002 
146 2029 8686 5452 5993 1050 
147 2067 8890 5641 6159 1034 
148 2139 9062 5855 6438 1085 
149 2277 9234 6023 6770 1145 
150 2420 9476 6242 7023 1239 
151 2536 9653 6445 7332 1296 
152 2630 9860 6766 7682 1368 
153 2637 9997 7142 8010 1382 
154 2734 10244 7343 8310 1431 
155 2918 10370 7701 8645 1486 
156 3011 10539 7994 8910 1541 
157 3170 10711 8363 9411 1601 
158 3201 10827 8670 9761 1672 
159 3329 11124 8990 10176 1696 
160 3380 11291 9268 10596 1753 
161 3485 11596 9522 10898 1803 
162 3589 11734 9734 11297 1875 
163 3671 11754 10130 11700 2000 
164 3758 11893 10433 12025 2030 
165 3890 11898 10830 12210 2034 
166 3983 11888 11270 12482 2105 
167 4086 12071 11600 12839 2192 
168 4217 12233 11796 12999 2270 
169 4211 12230 12210 13314 2303 
170 4234 12141 12542 13603 2373 
171 4367 12255 12801 13955 2516 
172 4450 11993 13068 14129 2490 
173 4603 11943 13384 14199 2586 
174 4573 11950 13641 14443 2644 
175 4710 12006 13967 14677 2645 
176 4835 11910 14269 14884 2741 
177 4894 11965 14529 14982 2716 
178 4974 11996 14693 15174 2768 
179 4973 11840 14987 15173 2807 
180 5049 11578 15079 15350 2785 
181 5057 11461 15150 15628 2846 
182 5084 11358 15316 15786 2867 
183 5088 11181 15330 15803 2869 
184 5020 11047 15450 15827 2886 
185 5072 10784 15544 15840 2964 
186 5011 10515 15646 15782 2940 
187 5015 10364 15742 15882 2914 
188 5084 10167 15867 15854 2923 
189 5068 10019 15904 15886 2942 
190 4986 9734 15876 15925 2936 
191 4997 9617 15680 15844 2910 
192 4962 9548 15705 15761 2957 
193 4921 9432 15714 15678 2968 
194 4850 9284 15719 15725 2935 
195 4799 9077 15678 15471 2922 
196 4710 8888 15508 15234 2949 
197 4690 8723 15589 14996 2893 
198 4648 8499 15389 14863 2821 
199 4636 8359 15260 14817 2792 
200 4580 8152 15109 14538 2762 
201 4604 7929 14926 14491 2780 
202 4540 7805 14695 14330 2705 
203 4471 7567 14510 13993 2661 
204 4470 7301 14221 13844 2680 
205 4451 7162 13795 13778 2679 
206 4370 6995 13686 13563 2705 
207 4175 6850 13423 13252 2653 
208 4179 6780 13284 12945 2582 
209 4060 6638 13134 12472 2605 
210 3989 6496 12916 12163 2560 
211 3922 6229 12758 11846 2526 
212 3844 6094 12565 11546 2446 
213 3759 5975 12413 11419 2421 
214 3564 5760 12046 11175 2395 
215 3491 5492 11865 11041 2285 
216 3400 5248 11552 10688 2253 
217 3292 5132 11344 10352 2208 
218 3244 4989 11161 9969 2111 
219 3154 4837 10884 9627 2139 
220 3123 4668 10570 9297 2092 
221 3091 4481 10282 9015 2024 
222 3033 4305 9987 8691 1977 
223 2909 4187 9758 8578 1936 
224 2883 3995 9431 8285 1912 
225 2813 3859 9313 8172 1924 
226 2671 3707 9034 7923 1921 
227 2604 3622 8786 7709 1903 
228 2558 3475 8476 7459 1832 
229 2497 3383 8233 7197 1851 
230 2469 3217 8013 6920 1749 
231 2379 3056 7804 6648 1680 
232 2279 2968 7402 6445 1594 
233 2202 2824 7211 6300 1553 
234 2156 2732 6969 6033 1452 
235 2067 2587 6747 5910 1372 
236 1981 2508 6539 5765 1313 
237 1908 2440 6327 5581 1281 
238 1791 2333 6149 5400 1249 
239 1738 2191 5945 5261 1169 
240 1663 2177 5698 5028 1115 
241 1625 2090 5549 4835 1044 
242 1551 1998 5473 4655 1030 
243 1544 1913 5299 4445 998 
244 1501 1838 5123 4383 978 
245 1445 1771 4966 4238 933 
246 1361 1652 4839 4113 877 
247 1325 1604 4673 3861 831 
248 1256 1526 4444 3649 813 
249 1215 1493 4283 3438 809 
250 1151 1478 4023 3267 778 
251 1145 1404 3767 3219 743 
252 1090 1331 3622 3158 696 
253 1047 1298 3538 3019 691 
254 1001 1265 3340 2862 631 
255 945 1168 3223 2810 611 
256 933 1139 3061 2659 599 
257 878 1087 2919 2516 597 
258 839 1042 2830 2429 555 
259 825 977 2659 2306 526 
260 829 931 2555 2205 487 
261 764 905 2479 2130 465 
262 755 881 2392 2097 457 
263 681 884 2298 1994 433 
264 700 849 2203 1917 408 
265 637 841 2066 1804 399 
266 622 782 2003 1755 392 
267 608 736 1956 1652 344 
268 592 665 1834 1568 337 
269 551 642 1779 1555 337 
270 499 602 1658 1483 343 
271 484 532 1599 1423 328 
272 458 513 1545 1326 306 
273 435 467 1452 1257 299 
274 417 437 1448 1243 288 
275 427 433 1400 1181 283 
276 410 429 1371 1153 269 
277 385 430 1281 1099 253 
278 401 400 1184 987 238 
279 399 362 1110 920 221 
280 388 356 1057 873 214 
281 365 360 1039 812 193 
282 358 336 1016 796 176 
283 355 316 988 712 165 
284 336 303 981 688 159 
285 327 285 946 682 146 
286 317 255 950 646 144 
287 314 264 931 592 132 
288 305 254 916 576 124 
289 294 248 886 571 123 
290 278 240 863 540 120 
291 272 241 819 511 113 
292 275 244 773 485 111 
293 258 241 738 453 98 
294 246 221 723 410 88 
295 232 203 666 404 94 
296 205 196 594 389 101 
297 191 186 588 353 94 
298 180 175 533 345 86 
299 162 168 466 360 84 
300 153 157 465 350 67 
301 146 153 444 323 62 
302 144 136 425 319 56 
303 134 137 424 311 47 
304 132 126 413 299 44 
305 108 119 382 277 39 
306 101 109 394 259 32 
307 108 106 383 271 31 
308 103 105 373 267 36 
309 89 100 354 242 33 
310 84 85 324 243 34 
311 78 90 320 228 32 
312 87 88 290 225 33 
313 87 83 269 216 29 
314 88 94 261 183 32 
315 85 88 246 162 37 
316 79 84 232 152 35 
317 71 70 214 162 41 
318 76 65 228 161 43 
319 78 68 213 162 43 
320 87 54 205 163 30 
321 84 56 186 163 23 
322 73 49 177 161 24 
323 62 49 172 147 23 
324 53 48 160 148 21 
325 47 45 136 143 25 
326 34 44 131 128 19 
327 35 45 117 123 16 
328 36 49 107 118 16 
329 34 45 100 106 19 
330 35 39 101 97 13 
331 27 35 88 95 13 
332 31 30 86 94 17 
333 24 31 84 90 13 
334 26 33 68 92 11 
335 30 30 74 94 14 
336 23 27 71 80 11 
337 22 27 77 65 9 
338 20 27 85 53 9 
339 25 36 75 49 10 
340 18 39 58 51 10 
341 16 37 67 51 7 
342 15 36 70 48 10 
343 14 28 67 50 7 
344 15 24 71 46 4 
345 12 21 59 46 5 
346 12 18 66 38 4 
347 11 15 54 30 5 
348 11 19 48 29 3 
349 15 20 54 33 1 
350 12 19 45 26 1 
351 16 18 47 27 1 
352 20 10 60 34 2 
353 16 9 62 37 3 
354 19 9 53 28 6 
355 17 9 40 27 6 
356 19 11 39 32 2 
357 18 12 42 27 2 
358 17 11 38 29 1 
359 17 10 35 33 0 
360 13 11 38 28 0 
361 10 11 40 27 0 
362 10 11 34 23 1 
363 6 10 28 25 1 
364 7 10 28 26 1 
365 8 8 27 28 0 
366 8 12 22 27 2 
367 9 13 21 21 4 
368 8 11 21 20 5 
369 6 10 17 19 7 
370 5 14 17 19 5 
371 3 15 17 18 3 
372 3 14 13 17 4 
373 2 12 12 19 3 
374 3 11 12 17 3 
375 2 8 10 16 2 
376 2 5 6 15 3 
377 2 6 7 13 3 
378 1 7 4 9 4 
379 1 5 2 12 5 
380 1 4 5 13 3 
381 1 5 2 12 3 
382 2 5 1 11 1 
383 2 7 1 9 1 
384 1 8 1 8 0 
385 0 7 1 12 0 
386 0 10 0 16 0 
387 0 11 0 16 0 
388 0 13 0 16 0 
389 0 10 0 12 0 
390 0 7 0 12 0 
391 0 4 0 11 0 
392 1 5 1 12 0 
393 1 4 3 12 0 
394 1 7 1 12 0 
395 4 7 0 9 0 
396 3 6 2 7 0 
397 1 6 2 6 0 
398 1 6 2 7 0 
399 1 8 2 4 0 
400 1 5 3 2 0 
401 1 5 2 1 0 
402 1 7 0 1 0 
403 1 7 0 1 0 
404 3 8 0 2 0 
405 4 5 0 1 0 
406 3 3 0 1 0 
407 2 3 2 1 0 
408 0 3 1 0 0 
409 0 3 0 0 0 
410 0 2 0 0 0 
411 0 3 0 0 0 
412 0 2 0 0 0 
413 0 2 0 0 0 
414 0 4 0 0 0 
415 0 6 0 0 0 
416 0 3 0 0 0 
417 0 3 0 0 0 
418 0 4 0 0 0 
419 0 3 0 0 0 
420 0 2 0 0 0 
421 0 2 0 0 0 
422 0 2 0 0 0 
423 0 3 0 0 0 
424 0 2 0 0 0 
425 0 2 0 0 0 
426 0 3 0 0 0 
427 0 2 0 0 0 
428 0 3 0 0 0 
429 0 1 0 0 0 
430 0 1 0 0 0 
431 0 1 0 0 0 
432 0 0 0 0 0 
