1 0 10 0 0 0 
2 0 9 0 0 0 
3 0 9 0 1 0 
4 0 8 0 1 0 
5 0 10 0 0 0 
6 0 12 0 0 0 
7 0 16 1 0 0 
8 0 13 1 0 0 
9 0 15 1 0 0 
10 0 18 1 0 0 
11 0 20 1 0 0 
12 0 15 1 0 0 
13 0 19 1 0 0 
14 0 24 0 0 0 
15 0 30 0 0 0 
16 0 31 1 0 0 
17 0 41 1 0 0 
18 2 39 4 0 0 
19 6 44 4 0 0 
20 7 40 3 0 0 
21 4 47 4 2 0 
22 6 50 7 7 0 
23 7 52 8 9 0 
24 5 53 6 5 0 
25 4 55 7 3 0 
26 2 49 9 4 0 
27 3 51 17 6 0 
28 4 62 12 8 0 
29 4 65 14 13 0 
30 3 68 11 16 0 
31 2 67 12 16 0 
32 2 69 10 19 0 
33 4 78 9 21 0 
34 8 85 13 21 1 
35 9 94 9 20 1 
36 15 115 12 24 1 
37 8 117 12 22 2 
38 8 132 12 24 2 
39 12 145 11 24 2 
40 12 157 11 23 1 
41 11 164 15 28 1 
42 9 162 16 27 1 
43 13 169 15 33 0 
44 12 182 15 40 1 
45 11 176 20 41 1 
46 12 168 28 41 1 
47 11 168 41 51 2 
48 12 180 41 50 1 
49 12 191 39 59 0 
50 19 192 47 57 0 
51 21 207 54 57 0 
52 15 217 61 71 2 
53 19 238 69 81 2 
54 17 248 72 80 2 
55 12 239 67 88 3 
56 14 268 72 89 4 
57 22 274 75 89 9 
58 24 301 70 94 9 
59 24 303 77 106 7 
60 29 321 94 106 4 
61 30 326 97 119 3 
62 40 349 106 126 6 
63 42 368 125 140 6 
64 52 390 133 150 5 
65 58 402 140 159 4 
66 52 422 133 173 7 
67 60 425 131 170 7 
68 61 446 146 170 6 
69 70 439 142 180 4 
70 75 477 145 194 7 
71 63 494 151 215 12 
72 59 506 173 247 13 
73 63 556 184 267 17 
74 66 574 193 292 14 
75 87 586 212 308 18 
76 91 665 242 329 20 
77 107 662 247 326 19 
78 103 668 293 344 23 
79 135 684 320 376 20 
80 164 722 331 390 24 
81 163 766 345 421 25 
82 174 781 347 459 23 
83 197 858 349 482 27 
84 225 910 386 492 33 
85 212 965 392 548 39 
86 218 999 415 598 42 
87 220 1023 467 626 37 
88 223 1058 498 663 45 
89 226 1087 533 673 43 
90 214 1132 563 699 48 
91 226 1242 591 731 43 
92 232 1299 602 746 42 
93 236 1327 615 775 44 
94 235 1399 651 831 41 
95 260 1459 708 879 50 
96 290 1571 741 979 57 
97 312 1667 784 1036 59 
98 352 1778 818 1108 73 
99 338 1829 866 1122 87 
100 352 1937 943 1222 102 
101 376 1973 1031 1244 103 
102 395 2009 1101 1300 109 
103 421 2113 1159 1354 129 
104 434 2213 1150 1442 126 
105 438 2276 1238 1529 127 
106 476 2368 1313 1618 127 
107 506 2481 1356 1681 143 
108 528 2646 1433 1745 162 
109 548 2766 1444 1800 164 
110 593 2884 1577 1880 180 
111 614 3016 1631 1990 212 
112 661 3151 1712 2005 190 
113 653 3232 1800 2195 213 
114 700 3309 1856 2300 226 
115 751 3457 1918 2384 230 
116 778 3633 2035 2487 253 
117 787 3797 2143 2598 277 
118 842 3837 2276 2706 301 
119 909 3905 2364 2843 302 
120 998 3997 2430 2949 339 
121 1060 4220 2533 3011 361 
122 1064 4440 2648 3139 397 
123 1082 4690 2794 3313 427 
124 1143 4875 2992 3430 432 
125 1180 5043 3129 3557 453 
126 1248 5216 3261 3644 473 
127 1284 5398 3357 3810 473 
128 1374 5585 3462 4036 501 
129 1446 5886 3605 4188 554 
130 1506 6182 3765 4407 576 
131 1563 6375 3930 4647 634 
132 1604 6676 4193 4813 685 
133 1713 6859 4408 5084 781 
134 1781 7012 4650 5205 777 
135 1864 7212 4857 5503 872 
136 1939 7495 5046 5644 855 
137 2020 7689 5175 5951 934 
138 2147 8015 5340 6144 950 
139 2203 8266 5617 6327 998 
140 2329 8577 5922 6491 1052 
141 2337 8864 6223 6824 1156 
142 2340 9011 6485 7064 1241 
143 2435 9194 6774 7337 1223 
144 2520 9466 6971 7553 1297 
145 2569 9728 7290 7654 1362 
146 2683 9873 7579 7974 1421 
147 2747 10255 7952 8241 1483 
148 2853 10360 8234 8486 1534 
149 2917 10535 8579 8797 1521 
150 3003 10744 8800 9045 1561 
151 3086 10839 9028 9382 1561 
152 3197 11045 9279 9552 1602 
153 3270 11311 9408 9833 1633 
154 3345 11646 9848 10171 1692 
155 3402 11726 10147 10466 1740 
156 3396 11797 10375 10719 1826 
157 3396 11932 10722 11011 1862 
158 3552 12042 10936 11231 1965 
159 3669 12093 11165 11488 2058 
160 3719 12291 11468 11916 2145 
161 3849 12364 11966 12204 2309 
162 3947 12304 12417 12507 2401 
163 4059 12364 12653 12776 2458 
164 4223 12382 13002 12874 2492 
165 4316 12440 13258 13251 2570 
166 4441 12623 13413 13371 2640 
167 4438 12480 13621 13712 2656 
168 4521 12309 13905 13968 2684 
169 4528 12265 14072 13954 2705 
170 4581 12174 14425 14026 2665 
171 4678 12243 14693 14385 2684 
172 4713 12244 14966 14552 2700 
173 4703 12230 15074 14710 2703 
174 4741 12146 15236 15039 2778 
175 4748 11887 15342 15269 2875 
176 4804 11703 15504 15351 2953 
177 4893 11688 15588 15637 2986 
178 4903 11601 15592 15804 3055 
179 4907 11351 15514 15689 3088 
180 4937 11148 15535 15709 3146 
181 4972 11027 15601 15612 3170 
182 4938 10764 15790 15636 3149 
183 5005 10615 15870 15532 3208 
184 5004 10504 16019 15476 3286 
185 5011 10259 15816 15425 3309 
186 5067 9904 15640 15287 3319 
187 5025 9798 15503 15254 3245 
188 4995 9612 15491 15112 3154 
189 4954 9228 15333 14941 3167 
190 4944 9060 15230 14706 3110 
191 4862 8780 15194 14576 3140 
192 4717 8684 15069 14511 3170 
193 4751 8459 14914 14244 3069 
194 4580 8304 14665 14342 3040 
195 4550 7987 14493 14262 2980 
196 4434 7754 14332 13969 2962 
197 4391 7616 14159 13715 2855 
198 4399 7336 13861 13502 2833 
199 4322 7147 13602 13161 2820 
200 4262 6924 13379 12738 2788 
201 4108 6659 13222 12482 2777 
202 4088 6459 13077 12161 2758 
203 3976 6218 12815 11809 2678 
204 3920 6021 12537 11725 2553 
205 3882 5817 12276 11531 2458 
206 3819 5664 11882 11260 2381 
207 3688 5415 11617 10928 2321 
208 3541 5353 11270 10603 2296 
209 3434 5165 11104 10099 2337 
210 3401 5126 10649 9829 2285 
211 3292 4916 10470 9616 2190 
212 3140 4776 10217 9324 2142 
213 3114 4589 9851 9063 1997 
214 3014 4390 9508 8793 1899 
215 2911 4247 9341 8546 1802 
216 2818 4069 9098 8278 1790 
217 2723 3890 8711 7924 1757 
218 2570 3847 8554 7575 1659 
219 2537 3714 8244 7415 1616 
220 2459 3614 8042 7185 1594 
221 2432 3502 7805 7028 1598 
222 2325 3274 7526 6808 1564 
223 2224 3084 7432 6637 1549 
224 2189 2999 7269 6474 1495 
225 2137 2925 7008 6254 1473 
226 2051 2770 6706 5999 1477 
227 2009 2741 6503 5796 1448 
228 1931 2663 6335 5693 1440 
229 1875 2596 6009 5385 1369 
230 1845 2514 5791 5127 1313 
231 1834 2407 5561 5014 1265 
232 1786 2293 5360 4845 1194 
233 1689 2267 5208 4630 1131 
234 1677 2135 5042 4389 1110 
235 1627 2039 4967 4143 1070 
236 1555 1948 4779 4120 1037 
237 1531 1937 4577 3939 998 
238 1466 1873 4481 3819 939 
239 1421 1757 4389 3665 917 
240 1309 1635 4239 3594 899 
241 1235 1620 4093 3450 850 
242 1150 1550 3895 3330 813 
243 1081 1501 3724 3231 809 
244 1008 1454 3584 3088 758 
245 1016 1388 3429 2994 730 
246 1013 1333 3274 2884 745 
247 948 1289 3062 2735 710 
248 902 1274 2921 2630 673 
249 876 1229 2844 2510 643 
250 837 1173 2689 2439 656 
251 795 1129 2612 2320 648 
252 752 1064 2485 2279 605 
253 727 1051 2448 2138 576 
254 701 1018 2360 1989 542 
255 665 966 2246 1874 550 
256 709 898 2173 1819 521 
257 670 854 2126 1770 494 
258 632 826 2058 1665 493 
259 585 779 1948 1570 464 
260 545 785 1854 1503 435 
261 516 747 1784 1444 408 
262 475 711 1708 1415 395 
263 474 709 1651 1361 381 
264 462 667 1555 1334 360 
265 455 627 1497 1261 367 
266 441 592 1431 1173 372 
267 443 567 1385 1108 354 
268 434 547 1321 1070 333 
269 432 555 1234 1016 319 
270 402 511 1174 992 314 
271 378 514 1153 922 294 
272 382 480 1122 873 276 
273 378 451 1064 845 270 
274 340 454 996 829 245 
275 313 427 939 805 235 
276 305 421 901 789 212 
277 300 391 843 784 196 
278 261 411 778 769 183 
279 267 405 761 711 166 
280 258 379 740 691 153 
281 243 340 721 684 145 
282 240 336 691 671 146 
283 220 304 638 642 142 
284 205 290 588 645 157 
285 180 275 569 619 144 
286 167 273 519 557 158 
287 181 288 476 551 151 
288 181 277 419 519 146 
289 160 269 410 513 147 
290 158 263 379 459 143 
291 162 239 352 449 144 
292 137 226 341 386 129 
293 133 235 322 356 124 
294 131 210 316 329 109 
295 124 218 310 316 97 
296 132 187 303 307 97 
297 132 166 278 316 98 
298 140 154 267 282 88 
299 139 156 246 263 84 
300 121 155 235 262 73 
301 115 134 238 267 77 
302 96 135 243 280 64 
303 82 126 253 279 72 
304 88 102 261 275 66 
305 96 97 262 264 79 
306 84 90 251 261 76 
307 75 76 229 247 70 
308 71 72 232 241 76 
309 71 66 208 231 79 
310 67 71 211 211 75 
311 56 68 201 195 78 
312 57 56 201 182 78 
313 57 47 194 168 64 
314 55 48 201 171 61 
315 57 45 170 168 68 
316 48 57 173 172 56 
317 45 46 165 187 54 
318 39 39 156 173 40 
319 41 44 155 162 37 
320 34 36 147 152 40 
321 41 31 127 150 33 
322 41 30 125 141 29 
323 41 27 108 136 25 
324 43 21 124 140 22 
325 44 17 123 121 18 
326 48 21 105 115 14 
327 38 26 92 109 14 
328 36 24 76 105 9 
329 35 25 74 86 9 
330 35 21 67 80 8 
331 26 24 54 72 8 
332 30 27 47 65 7 
333 27 26 39 55 8 
334 23 24 31 47 6 
335 21 21 31 44 3 
336 18 21 24 37 4 
337 18 12 21 36 3 
338 17 8 18 39 4 
339 9 9 20 35 2 
340 10 9 23 33 1 
341 7 6 24 33 1 
342 6 3 23 26 1 
343 7 4 19 24 2 
344 6 6 17 20 2 
345 6 3 17 20 1 
346 5 5 20 16 0 
347 7 6 17 20 0 
348 8 9 14 20 0 
349 10 15 14 18 0 
350 10 17 16 20 0 
351 14 19 13 22 2 
352 11 20 15 30 2 
353 9 25 13 25 3 
354 10 23 11 21 1 
355 10 21 11 23 1 
356 11 21 9 24 0 
357 11 24 5 19 0 
358 9 18 7 20 0 
359 2 16 4 28 0 
360 4 12 1 21 0 
361 2 9 1 18 0 
362 3 10 4 16 0 
363 4 8 4 13 0 
364 2 4 4 7 0 
365 3 3 4 5 0 
366 1 2 3 5 0 
367 1 1 1 6 0 
368 1 1 1 5 0 
369 2 1 1 5 0 
370 2 0 1 2 0 
371 2 0 0 2 0 
372 4 1 0 1 0 
373 4 1 1 0 0 
374 5 1 2 0 0 
375 5 1 3 0 0 
376 6 2 3 0 0 
377 4 3 2 1 0 
378 3 6 2 3 0 
379 3 6 3 3 0 
380 4 6 2 2 0 
381 1 5 1 2 0 
382 0 2 0 2 0 
383 0 2 0 2 0 
384 0 1 1 1 0 
385 0 1 0 1 0 
386 0 1 0 1 0 
387 0 2 0 1 0 
388 0 1 0 2 0 
389 0 1 0 2 0 
390 0 3 0 2 0 
391 1 4 0 3 0 
392 2 1 0 2 0 
393 0 0 0 3 0 
394 0 0 1 3 0 
395 0 0 0 2 0 
396 0 0 0 1 0 
397 0 0 0 1 0 
398 0 0 0 1 0 
399 0 0 0 0 0 
