1 0 11 0 0 0 
2 0 10 0 0 0 
3 0 12 0 0 0 
4 0 11 0 0 0 
5 1 12 0 0 0 
6 0 15 0 0 0 
7 0 10 0 0 0 
8 0 9 0 0 0 
9 0 9 0 0 0 
10 0 11 0 0 0 
11 0 11 1 0 0 
12 0 8 2 0 0 
13 0 13 2 0 0 
14 0 16 0 0 0 
15 0 20 0 0 0 
16 0 21 0 0 0 
17 0 18 0 0 0 
18 0 23 0 0 0 
19 1 31 0 1 0 
20 1 31 0 2 0 
21 2 27 1 1 0 
22 1 25 1 3 0 
23 2 23 0 3 0 
24 2 24 0 4 0 
25 2 25 2 4 0 
26 1 21 3 7 0 
27 1 17 4 7 1 
28 0 20 3 5 1 
29 0 18 5 8 1 
30 1 11 10 6 3 
31 3 12 9 3 4 
32 5 13 10 6 3 
33 5 15 12 8 3 
34 5 14 15 5 2 
35 4 15 16 9 3 
36 3 16 11 10 3 
37 3 17 15 10 4 
38 3 14 13 12 4 
39 4 17 13 9 4 
40 5 20 19 9 2 
41 5 27 24 11 2 
42 4 28 24 10 4 
43 4 32 22 15 8 
44 4 36 24 17 5 
45 3 34 25 17 3 
46 6 26 24 14 4 
47 9 28 27 13 2 
48 12 26 24 15 0 
49 10 32 22 21 0 
50 12 36 19 21 0 
51 12 45 15 27 0 
52 14 53 15 25 0 
53 15 61 17 34 0 
54 18 68 20 32 0 
55 12 79 19 36 1 
56 15 87 21 36 2 
57 23 89 25 42 3 
58 22 92 26 47 3 
59 23 99 23 50 5 
60 22 106 26 48 4 
61 27 103 29 45 7 
62 28 109 32 48 5 
63 36 131 41 55 7 
64 36 142 45 59 7 
65 38 149 56 61 7 
66 31 172 55 67 7 
67 26 190 60 79 9 
68 26 191 64 86 8 
69 30 206 78 106 11 
70 34 226 90 108 6 
71 36 244 91 118 7 
72 32 241 88 145 8 
73 38 247 105 155 5 
74 48 262 127 167 7 
75 48 265 128 177 10 
76 53 273 143 176 13 
77 59 283 152 179 13 
78 60 301 166 189 14 
79 72 318 174 192 19 
80 74 351 181 200 21 
81 78 365 175 204 22 
82 74 396 191 205 15 
83 85 455 218 209 19 
84 85 476 226 217 23 
85 85 495 238 239 27 
86 89 542 267 257 36 
87 93 571 297 255 42 
88 98 586 312 271 53 
89 95 608 321 283 52 
90 96 643 336 307 45 
91 109 660 366 333 47 
92 116 686 390 334 56 
93 113 746 402 361 54 
94 137 830 424 397 48 
95 144 890 454 440 56 
96 153 946 481 480 66 
97 155 982 501 503 65 
98 168 1031 523 515 74 
99 167 1090 551 515 76 
100 187 1136 578 512 77 
101 201 1175 618 551 78 
102 222 1264 606 564 80 
103 229 1293 656 604 93 
104 252 1395 719 654 107 
105 256 1451 775 697 132 
106 294 1519 803 742 136 
107 301 1616 824 787 154 
108 331 1721 873 833 160 
109 365 1780 908 914 174 
110 342 1905 907 946 158 
111 354 2017 933 973 154 
112 373 2077 980 1077 166 
113 401 2170 998 1140 173 
114 411 2303 1052 1191 188 
115 422 2396 1099 1275 200 
116 446 2494 1150 1319 193 
117 458 2640 1204 1367 188 
118 489 2744 1327 1392 194 
119 513 2896 1353 1469 214 
120 539 3027 1437 1494 222 
121 574 3130 1509 1565 240 
122 585 3327 1587 1678 261 
123 606 3554 1634 1840 281 
124 675 3721 1751 1894 287 
125 754 3862 1875 2001 296 
126 790 3968 2036 2124 336 
127 827 4060 2118 2201 337 
128 881 4212 2131 2378 343 
129 896 4362 2215 2542 370 
130 935 4609 2364 2640 385 
131 967 4862 2506 2767 402 
132 1049 4993 2655 2916 427 
133 1094 5259 2747 3045 440 
134 1122 5493 2862 3209 421 
135 1144 5863 3085 3392 440 
136 1243 6140 3307 3650 470 
137 1294 6332 3490 3855 512 
138 1381 6610 3585 3976 507 
139 1468 6723 3726 4193 524 
140 1591 7032 3966 4385 541 
141 1694 7295 4174 4556 590 
142 1713 7529 4445 4711 588 
143 1774 7903 4633 4874 630 
144 1832 8172 4799 5172 664 
145 1964 8395 5064 5342 707 
146 2008 8752 5341 5636 757 
147 2066 8959 5638 5829 787 
148 2142 9196 5849 6104 799 
149 2280 9491 5995 6326 846 
150 2314 9699 6152 6762 890 
151 2364 9938 6347 7039 970 
152 2465 10070 6744 7336 1032 
153 2521 10264 6974 7606 1085 
154 2649 10629 7187 7948 1152 
155 2693 10824 7496 8193 1205 
156 2784 10913 7850 8608 1315 
157 2885 11098 8138 8988 1307 
158 3016 11359 8507 9341 1369 
159 3170 11680 8865 9689 1427 
160 3282 11885 9155 9997 1509 
161 3472 11978 9479 10198 1537 
162 3558 11996 9861 10462 1641 
163 3624 12137 10209 10740 1757 
164 3697 12351 10522 11023 1820 
165 3793 12402 10829 11343 1818 
166 3918 12586 11317 11689 1920 
167 4077 12562 11633 11980 1995 
168 4148 12685 11926 12312 2088 
169 4212 12794 12125 12588 2115 
170 4325 12819 12569 12853 2194 
171 4473 13046 12823 13027 2222 
172 4621 13005 13176 13396 2301 
173 4583 12932 13433 13617 2357 
174 4641 12935 13716 13965 2396 
175 4682 12729 14142 14200 2394 
176 4784 12786 14437 14540 2435 
177 4795 12667 14529 14913 2481 
178 4833 12494 14666 15044 2515 
179 4858 12433 14969 15144 2613 
180 4931 12319 15201 15605 2648 
181 5028 12151 15450 15562 2690 
182 5054 11933 15709 15789 2795 
183 4923 11825 15856 15931 2777 
184 4885 11813 15849 16127 2808 
185 4979 11785 16074 16090 2937 
186 5000 11660 16522 16174 2898 
187 4988 11495 16555 16159 3008 
188 5050 11261 16538 15941 3013 
189 5078 10911 16631 15956 2996 
190 5141 10828 16653 15958 3008 
191 5077 10740 16449 15896 2956 
192 5017 10471 16255 15870 3007 
193 4988 10328 16146 15745 3044 
194 4980 10226 16237 15691 3057 
195 4983 9913 16196 15633 3039 
196 4915 9655 16054 15618 3018 
197 4852 9394 15920 15638 2949 
198 4835 9199 15815 15555 3014 
199 4914 8968 15674 15382 2954 
200 4904 8657 15503 15096 2986 
201 4837 8326 15511 14917 2926 
202 4921 8105 15570 14721 2903 
203 4860 7866 15126 14524 2899 
204 4756 7667 14989 14209 2848 
205 4621 7439 14773 14057 2817 
206 4459 7188 14540 13855 2760 
207 4409 6965 14386 13662 2766 
208 4373 6858 14193 13449 2742 
209 4328 6647 13911 13017 2681 
210 4201 6341 13453 12802 2617 
211 4163 6034 13134 12610 2635 
212 4066 5919 12807 12324 2640 
213 3973 5805 12514 12041 2562 
214 3870 5610 12192 11615 2468 
215 3822 5461 11923 11302 2492 
216 3666 5348 11553 10982 2469 
217 3564 5153 11322 10707 2463 
218 3569 5048 11052 10340 2357 
219 3424 4801 10739 10091 2320 
220 3320 4681 10492 9889 2281 
221 3268 4526 10042 9559 2199 
222 3133 4330 9753 9284 2168 
223 2993 4277 9417 8935 2120 
224 2982 4103 9083 8706 2098 
225 2847 3929 8966 8442 2040 
226 2775 3811 8734 8218 1990 
227 2674 3730 8418 7900 1909 
228 2589 3593 8106 7545 1860 
229 2501 3424 7897 7218 1792 
230 2315 3316 7742 6947 1783 
231 2220 3152 7431 6634 1732 
232 2140 3053 7099 6419 1627 
233 2046 2967 6773 6173 1604 
234 1986 2856 6586 6021 1494 
235 1873 2726 6420 5854 1406 
236 1905 2698 6162 5608 1377 
237 1847 2573 5953 5364 1329 
238 1765 2456 5795 5203 1258 
239 1661 2303 5624 5127 1212 
240 1643 2209 5409 4899 1216 
241 1605 2160 5252 4669 1130 
242 1484 2070 5043 4482 1078 
243 1461 1993 4859 4364 1029 
244 1356 1889 4629 4165 1014 
245 1305 1796 4465 3895 990 
246 1298 1679 4298 3695 957 
247 1237 1608 4136 3527 887 
248 1174 1580 3964 3423 855 
249 1061 1519 3872 3275 809 
250 992 1446 3610 3116 764 
251 947 1444 3326 2949 733 
252 908 1335 3129 2860 729 
253 832 1252 2919 2794 692 
254 780 1195 2767 2714 689 
255 739 1137 2705 2632 676 
256 751 1075 2574 2511 616 
257 727 1029 2521 2395 614 
258 698 1000 2420 2313 574 
259 705 941 2332 2186 538 
260 662 851 2252 2062 512 
261 640 848 2160 1992 478 
262 619 835 2077 1896 464 
263 585 822 1963 1821 465 
264 579 817 1898 1676 423 
265 535 823 1823 1584 402 
266 513 755 1789 1530 366 
267 511 689 1648 1469 350 
268 490 633 1566 1417 362 
269 476 604 1533 1333 353 
270 483 565 1477 1307 353 
271 452 494 1431 1276 347 
272 424 457 1366 1240 343 
273 416 435 1336 1195 327 
274 413 435 1298 1150 316 
275 390 405 1221 1099 326 
276 387 388 1198 1029 289 
277 369 355 1133 989 292 
278 330 328 1088 958 269 
279 308 323 1039 938 289 
280 296 305 1022 909 250 
281 269 303 923 857 248 
282 277 256 899 813 240 
283 274 263 824 764 227 
284 273 222 827 739 215 
285 250 214 806 697 196 
286 233 191 750 671 181 
287 211 184 732 656 161 
288 208 171 672 616 162 
289 191 155 613 566 154 
290 178 152 576 562 140 
291 160 131 531 500 140 
292 165 119 514 481 139 
293 165 105 468 459 136 
294 172 118 434 438 131 
295 182 107 415 393 126 
296 144 104 421 349 119 
297 126 99 423 329 112 
298 130 92 409 293 112 
299 121 76 368 310 111 
300 100 74 357 289 94 
301 86 76 336 264 90 
302 77 82 308 263 77 
303 85 86 277 270 63 
304 97 74 273 257 45 
305 96 72 258 243 44 
306 82 76 259 217 41 
307 81 73 253 207 43 
308 81 67 236 191 36 
309 74 65 237 188 36 
310 68 56 217 167 30 
311 59 48 217 162 34 
312 60 49 212 157 29 
313 62 37 190 153 36 
314 55 38 167 135 33 
315 51 41 169 133 26 
316 46 45 150 125 25 
317 45 38 147 116 17 
318 34 40 148 123 14 
319 35 39 139 119 13 
320 35 38 127 120 9 
321 30 36 129 111 6 
322 26 31 118 118 10 
323 27 31 116 107 6 
324 33 39 107 97 6 
325 23 38 102 91 6 
326 27 38 96 89 6 
327 23 39 91 86 9 
328 19 37 90 87 8 
329 14 34 81 81 9 
330 14 35 95 58 5 
331 18 22 91 57 6 
332 17 23 86 54 6 
333 15 21 70 49 6 
334 12 24 71 41 7 
335 12 21 55 35 4 
336 16 22 47 31 3 
337 16 25 45 29 7 
338 16 24 38 33 6 
339 14 32 41 25 5 
340 12 31 33 21 4 
341 9 37 34 20 6 
342 11 36 39 19 4 
343 8 41 38 19 6 
344 9 28 47 24 4 
345 6 34 55 22 2 
346 9 35 60 17 2 
347 7 31 59 15 2 
348 6 27 60 14 2 
349 6 31 61 8 2 
350 8 23 54 6 2 
351 7 25 61 4 3 
352 10 24 57 5 1 
353 11 18 45 5 1 
354 10 15 43 4 2 
355 10 17 42 8 2 
356 10 11 40 11 1 
357 10 9 40 14 2 
358 10 6 38 12 0 
359 12 8 35 10 0 
360 12 8 40 9 0 
361 13 9 40 8 0 
362 12 4 47 10 0 
363 13 3 50 8 0 
364 12 2 47 10 0 
365 11 3 53 7 0 
366 9 1 41 5 0 
367 8 1 42 5 0 
368 10 1 39 4 0 
369 4 2 37 8 0 
370 2 2 28 2 0 
371 2 1 28 2 0 
372 2 1 30 1 0 
373 3 0 26 1 1 
374 3 0 24 0 1 
375 3 0 26 0 1 
376 3 0 22 1 0 
377 5 0 17 1 0 
378 6 0 20 4 0 
379 6 0 21 4 0 
380 5 0 23 3 0 
381 6 0 18 3 0 
382 3 0 18 2 0 
383 3 0 18 1 0 
384 3 0 13 0 0 
385 2 0 12 0 0 
386 2 0 8 0 0 
387 2 0 4 0 0 
388 0 0 2 0 0 
389 0 0 2 0 0 
390 0 0 1 0 0 
391 0 0 1 0 0 
392 0 0 3 0 0 
393 0 0 3 0 0 
394 0 0 2 0 0 
395 0 0 1 0 0 
396 0 0 0 0 0 
