1 0 5 0 0 0 
2 0 4 0 0 0 
3 1 3 0 0 0 
4 0 3 0 0 0 
5 0 3 0 0 0 
6 0 6 0 0 0 
7 0 3 0 0 0 
8 0 6 0 0 0 
9 0 7 0 0 0 
10 0 7 0 0 0 
11 0 7 0 0 0 
12 0 8 0 0 0 
13 1 9 0 1 0 
14 1 5 0 2 0 
15 1 3 0 2 0 
16 1 6 0 1 0 
17 0 4 0 3 0 
18 1 2 0 0 0 
19 1 8 0 1 0 
20 0 8 0 1 0 
21 1 7 0 0 0 
22 1 6 0 0 0 
23 1 6 0 0 0 
24 0 6 0 1 0 
25 2 4 0 0 0 
26 0 10 2 0 0 
27 0 11 1 0 0 
28 0 10 0 0 0 
29 1 10 2 0 0 
30 3 12 0 1 0 
31 4 14 0 1 0 
32 7 19 3 2 0 
33 1 11 0 1 0 
34 1 15 0 2 0 
35 0 11 1 1 0 
36 0 14 0 5 0 
37 0 17 1 3 0 
38 2 13 1 2 0 
39 1 13 2 2 0 
40 1 5 2 1 0 
41 0 12 4 1 0 
42 3 21 4 4 0 
43 4 8 9 6 0 
44 0 10 10 0 0 
45 1 16 3 3 0 
46 4 24 5 1 0 
47 3 24 9 2 0 
48 5 11 4 4 0 
49 1 18 4 6 0 
50 5 14 4 6 0 
51 1 17 3 3 0 
52 3 29 5 2 0 
53 2 34 9 2 0 
54 2 30 5 6 0 
55 3 32 11 4 1 
56 4 33 8 3 0 
57 2 39 14 7 0 
58 1 50 6 5 0 
59 8 51 9 3 0 
60 4 72 13 14 0 
61 8 72 13 12 0 
62 9 81 14 16 0 
63 7 78 18 17 0 
64 13 72 15 16 1 
65 13 87 17 17 2 
66 13 94 13 19 1 
67 18 85 15 20 1 
68 13 88 14 22 1 
69 16 107 18 31 1 
70 12 109 14 27 5 
71 19 102 22 32 7 
72 16 110 32 34 4 
73 20 110 39 28 7 
74 21 120 37 29 2 
75 26 128 30 36 3 
76 15 105 38 22 7 
77 24 100 37 36 3 
78 17 127 34 36 3 
79 19 120 44 31 1 
80 25 134 45 45 3 
81 24 130 46 57 11 
82 28 169 63 68 4 
83 34 155 75 58 4 
84 28 198 60 58 3 
85 32 199 73 69 12 
86 32 213 73 63 10 
87 34 220 83 83 14 
88 37 227 82 69 10 
89 49 238 89 95 9 
90 40 252 49 101 8 
91 33 244 71 97 10 
92 53 273 80 92 4 
93 53 301 80 113 5 
94 53 353 97 117 15 
95 48 348 104 124 17 
96 58 356 120 113 11 
97 51 382 119 150 15 
98 66 384 125 160 14 
99 61 437 134 160 14 
100 87 439 148 178 12 
101 77 488 165 188 7 
102 81 495 165 222 18 
103 77 514 176 197 19 
104 80 616 150 222 17 
105 81 645 192 235 20 
106 85 651 200 279 22 
107 88 692 220 221 26 
108 101 742 248 258 19 
109 101 766 282 239 34 
110 95 796 285 250 28 
111 130 809 278 266 41 
112 134 867 295 296 37 
113 144 910 291 311 42 
114 161 897 317 318 34 
115 144 936 328 336 43 
116 164 927 328 393 50 
117 164 1054 362 419 54 
118 174 1034 364 406 70 
119 166 1061 415 451 60 
120 187 1135 383 481 53 
121 202 1156 418 539 83 
122 213 1230 466 505 70 
123 227 1293 476 509 84 
124 242 1356 486 563 88 
125 273 1355 590 611 94 
126 263 1513 596 703 101 
127 288 1491 636 682 90 
128 312 1528 683 706 95 
129 297 1593 732 772 109 
130 299 1644 760 792 114 
131 350 1716 788 818 131 
132 344 1808 859 847 143 
133 371 1885 927 896 153 
134 363 1941 1002 885 163 
135 406 1929 1017 1015 182 
136 405 2047 1084 1128 172 
137 398 2169 1134 1137 160 
138 442 2271 1098 1130 188 
139 475 2236 1177 1244 202 
140 493 2320 1248 1308 203 
141 490 2426 1353 1341 216 
142 530 2512 1411 1446 229 
143 578 2583 1441 1527 233 
144 567 2728 1537 1545 249 
145 571 2725 1587 1595 235 
146 607 2865 1702 1725 286 
147 662 2907 1713 1791 273 
148 704 2960 1846 1843 292 
149 735 3034 1853 2014 303 
150 725 3145 1899 1928 342 
151 733 3280 2096 2117 308 
152 766 3305 1988 2090 355 
153 793 3319 2209 2221 363 
154 871 3466 2327 2432 368 
155 904 3532 2379 2341 383 
156 937 3529 2389 2516 429 
157 995 3645 2596 2692 430 
158 961 3630 2697 2799 493 
159 956 3651 2800 2789 445 
160 1000 3828 2906 2886 447 
161 1058 3904 2998 3049 501 
162 1053 3733 3112 3192 499 
163 1084 3859 3258 3276 535 
164 1188 3930 3258 3496 515 
165 1194 3806 3412 3536 574 
166 1291 3914 3435 3668 594 
167 1249 3894 3622 3756 636 
168 1348 3965 3705 3852 650 
169 1337 3912 3804 3982 634 
170 1309 4011 3788 4071 693 
171 1383 3941 3928 4098 753 
172 1404 3962 3931 4259 764 
173 1470 3879 4023 4332 760 
174 1439 3997 4140 4324 771 
175 1457 4011 4213 4457 806 
176 1525 3951 4391 4564 830 
177 1614 3928 4448 4714 842 
178 1598 3879 4519 4674 929 
179 1568 3925 4623 4719 919 
180 1655 3774 4475 4799 936 
181 1611 3743 4699 4828 1038 
182 1553 3621 4887 4857 951 
183 1674 3639 4669 4970 962 
184 1607 3659 4767 5162 977 
185 1557 3751 4929 5134 1043 
186 1612 3635 5119 5177 1058 
187 1681 3590 5119 5048 1029 
188 1638 3472 4978 5135 1056 
189 1678 3463 4910 5165 1059 
190 1692 3391 5106 5121 1091 
191 1596 3323 5117 5085 1103 
192 1660 3284 5034 5198 1011 
193 1717 3206 5138 5045 1000 
194 1712 3119 5188 5015 1061 
195 1630 2975 5093 4986 1010 
196 1661 2979 5140 5060 1041 
197 1661 2949 5234 5052 1053 
198 1632 2941 5183 5095 1037 
199 1606 2784 5008 5047 1014 
200 1605 2604 5017 5118 1041 
201 1558 2548 5091 5057 1042 
202 1655 2606 5105 4752 1010 
203 1552 2631 5105 4746 971 
204 1510 2445 4806 4753 943 
205 1511 2394 4884 4593 1016 
206 1436 2372 4788 4618 871 
207 1445 2240 4772 4522 956 
208 1519 2249 4655 4448 893 
209 1412 2164 4678 4430 894 
210 1412 2119 4471 4190 916 
211 1436 2068 4545 4125 900 
212 1300 2015 4442 4080 905 
213 1342 1979 4349 4093 924 
214 1266 1901 4217 3967 773 
215 1251 1807 4175 3838 866 
216 1238 1777 4024 3762 788 
217 1224 1655 3966 3618 812 
218 1217 1657 3809 3610 832 
219 1142 1575 3668 3497 775 
220 1147 1529 3526 3576 695 
221 1125 1508 3435 3460 702 
222 1008 1456 3440 3271 685 
223 998 1369 3539 3103 695 
224 989 1374 3293 3111 697 
225 928 1366 3230 2893 656 
226 911 1261 3100 2961 625 
227 967 1300 3036 2853 611 
228 933 1234 2966 2788 605 
229 880 1198 2835 2768 573 
230 886 1133 2771 2659 564 
231 846 1149 2727 2554 571 
232 798 1089 2676 2510 538 
233 813 1028 2625 2305 543 
234 766 1024 2550 2318 496 
235 735 1011 2470 2253 461 
236 720 903 2405 2225 443 
237 740 895 2218 2108 469 
238 687 869 2127 2025 435 
239 654 753 2137 1873 390 
240 667 800 2023 1800 386 
241 643 748 2050 1728 381 
242 563 733 1847 1665 344 
243 612 661 1745 1578 312 
244 527 668 1784 1544 352 
245 535 651 1672 1585 310 
246 495 641 1570 1522 318 
247 478 565 1557 1486 275 
248 402 564 1503 1341 277 
249 458 565 1472 1295 291 
250 492 574 1381 1269 272 
251 457 600 1342 1158 258 
252 455 520 1266 1214 213 
253 387 484 1213 1157 217 
254 396 445 1194 1125 205 
255 340 461 1126 1064 205 
256 330 413 1153 984 187 
257 326 434 1082 928 184 
258 305 400 1076 914 155 
259 298 389 1003 911 152 
260 261 341 1007 857 164 
261 258 354 964 843 172 
262 274 299 898 841 177 
263 259 278 836 782 138 
264 231 306 813 752 138 
265 216 302 795 716 123 
266 227 253 808 675 122 
267 229 285 736 655 121 
268 220 257 722 639 111 
269 208 264 664 603 117 
270 192 237 650 576 129 
271 188 235 653 559 100 
272 192 236 610 545 116 
273 187 205 671 538 94 
274 192 189 580 512 98 
275 178 205 576 493 101 
276 175 177 564 519 100 
277 159 156 552 477 77 
278 145 182 490 455 86 
279 141 158 499 437 61 
280 152 167 416 432 72 
281 120 124 440 430 64 
282 137 128 361 404 63 
283 113 129 340 388 43 
284 123 118 329 362 58 
285 104 102 323 337 42 
286 95 114 322 314 55 
287 86 105 316 286 61 
288 92 108 313 283 56 
289 90 88 273 271 40 
290 79 101 250 251 55 
291 101 104 250 276 36 
292 70 90 256 262 75 
293 78 95 262 286 65 
294 78 94 248 206 42 
295 77 91 213 235 50 
296 76 90 199 212 45 
297 78 74 201 221 44 
298 63 55 184 207 58 
299 56 60 192 185 51 
300 65 72 172 184 55 
301 50 50 158 182 31 
302 49 43 178 175 53 
303 49 49 171 155 46 
304 51 45 156 132 47 
305 47 53 142 124 38 
306 46 38 155 138 46 
307 47 33 124 126 32 
308 45 36 114 147 42 
309 49 44 117 130 37 
310 42 67 117 109 30 
311 37 40 106 122 31 
312 30 51 104 116 31 
313 32 45 88 117 27 
314 34 43 83 98 40 
315 36 31 76 102 32 
316 17 28 80 83 28 
317 31 37 92 84 28 
318 29 35 69 88 25 
319 34 25 71 84 22 
320 30 21 69 83 13 
321 22 31 64 81 19 
322 24 25 68 76 20 
323 17 25 58 81 17 
324 28 21 54 52 18 
325 28 24 52 61 16 
326 29 24 55 75 13 
327 23 32 50 60 10 
328 26 25 58 62 7 
329 16 36 51 49 9 
330 22 27 44 52 8 
331 27 22 37 42 5 
332 25 33 27 43 3 
333 17 25 42 32 5 
334 26 17 31 41 9 
335 24 20 36 37 3 
336 16 11 35 41 2 
337 14 17 35 25 6 
338 13 8 27 31 3 
339 4 10 30 32 2 
340 9 16 21 19 1 
341 7 11 27 20 1 
342 10 9 15 23 2 
343 10 14 32 26 3 
344 8 8 25 20 1 
345 7 13 19 26 2 
346 10 11 18 18 2 
347 8 9 20 10 3 
348 5 15 10 19 3 
349 7 12 12 9 1 
350 7 13 16 10 1 
351 9 6 8 9 0 
352 5 8 7 8 0 
353 7 5 8 14 1 
354 5 7 5 13 1 
355 4 3 9 8 0 
356 8 5 13 7 0 
357 8 6 5 7 1 
358 10 10 3 16 0 
359 2 7 4 6 1 
360 6 3 7 13 1 
361 1 4 5 8 0 
362 8 3 7 9 1 
363 6 3 5 10 0 
364 3 8 6 13 0 
365 0 4 4 10 0 
366 5 2 5 10 0 
367 3 4 6 5 0 
368 2 2 5 9 0 
369 3 0 6 10 0 
370 6 0 9 2 0 
371 5 2 4 5 0 
372 1 1 3 5 0 
373 0 0 8 1 0 
374 8 0 9 11 0 
375 3 0 3 5 0 
376 2 0 8 2 0 
377 2 0 4 2 1 
378 5 0 3 1 1 
379 3 0 3 1 0 
380 1 0 2 3 0 
381 0 0 1 3 0 
382 3 0 5 2 0 
383 2 0 3 4 0 
384 0 1 6 4 0 
385 1 0 3 3 0 
386 0 0 3 1 1 
387 0 0 2 5 0 
388 0 2 1 4 0 
389 0 0 1 1 0 
390 0 0 6 3 0 
391 0 0 3 2 0 
392 1 0 3 3 0 
393 1 0 1 1 0 
394 0 0 0 0 0 
395 1 0 0 0 0 
396 0 0 3 0 0 
397 0 0 1 0 0 
398 0 0 3 0 1 
399 1 0 1 0 0 
400 0 0 5 1 0 
401 0 0 0 2 0 
402 0 0 0 0 0 
403 0 0 1 0 0 
404 1 0 0 0 0 
405 0 0 5 1 0 
406 1 0 4 1 0 
407 0 1 4 0 0 
408 0 0 3 1 0 
409 1 0 2 0 0 
410 0 0 1 1 0 
411 0 0 1 0 0 
412 0 0 3 0 0 
413 0 0 4 0 0 
414 0 0 2 2 0 
415 0 0 1 1 0 
416 1 0 1 0 0 
417 0 0 2 1 0 
418 0 0 1 3 0 
419 0 0 0 5 0 
420 0 0 0 1 0 
421 0 0 0 0 0 
422 0 0 0 1 0 
423 0 0 0 0 0 
424 0 0 0 0 0 
425 0 0 0 0 0 
426 0 0 0 0 0 
427 0 0 0 0 0 
428 0 0 0 0 0 
429 0 0 0 0 0 
