1 0 15 0 0 0 
2 0 10 0 0 0 
3 0 10 0 1 0 
4 0 11 0 1 0 
5 0 9 0 1 0 
6 0 8 0 2 0 
7 0 9 0 1 0 
8 0 8 0 1 0 
9 0 9 0 1 0 
10 0 8 0 1 0 
11 0 3 0 1 0 
12 0 3 0 1 0 
13 0 2 0 1 0 
14 0 1 0 1 0 
15 1 1 0 2 0 
16 2 1 0 4 0 
17 2 1 0 2 0 
18 4 1 0 2 0 
19 4 2 0 2 0 
20 2 2 0 2 0 
21 1 3 0 2 0 
22 1 3 0 3 0 
23 1 2 0 4 0 
24 1 3 0 2 0 
25 1 4 0 5 0 
26 1 1 1 5 0 
27 0 1 2 5 0 
28 0 1 3 6 0 
29 0 0 2 9 0 
30 0 0 3 6 0 
31 0 0 4 5 0 
32 0 0 3 4 0 
33 0 0 3 1 0 
34 0 0 3 4 0 
35 0 0 4 7 0 
36 2 0 4 5 0 
37 2 0 2 4 2 
38 1 0 1 4 1 
39 1 0 3 3 1 
40 1 0 4 2 2 
41 1 0 4 0 4 
42 1 0 4 0 3 
43 0 0 4 0 3 
44 0 0 8 0 5 
45 0 0 6 0 3 
46 2 0 5 0 5 
47 1 0 4 0 4 
48 0 0 3 0 4 
49 0 0 3 0 3 
50 0 0 2 0 3 
51 0 0 2 0 1 
52 0 0 3 0 1 
53 0 0 4 0 1 
54 1 0 6 0 1 
55 1 0 10 0 2 
56 0 0 12 0 1 
57 0 0 15 3 0 
58 1 0 10 1 0 
59 1 0 12 1 0 
60 1 0 11 1 0 
61 1 0 8 1 0 
62 1 0 7 1 0 
63 1 1 5 0 0 
64 1 0 8 0 0 
65 2 0 7 0 0 
66 3 0 7 1 0 
67 3 0 8 2 0 
68 2 0 8 1 0 
69 2 0 10 1 0 
70 2 0 9 2 0 
71 2 0 12 3 0 
72 1 0 12 5 0 
73 0 0 14 5 0 
74 0 0 12 6 0 
75 1 0 17 5 0 
76 2 0 16 7 0 
77 1 1 16 6 0 
78 0 0 17 5 0 
79 0 0 19 4 0 
80 0 1 18 5 0 
81 0 0 16 4 0 
82 0 0 18 3 0 
83 0 0 16 1 0 
84 0 0 16 1 0 
85 0 1 13 1 0 
86 1 1 14 1 0 
87 1 1 13 1 0 
88 2 1 12 1 0 
89 2 1 13 1 0 
90 0 1 10 1 0 
91 1 0 14 1 0 
92 1 0 15 0 0 
93 2 0 19 0 1 
94 5 0 21 0 0 
95 6 0 30 1 1 
96 3 1 27 3 1 
97 3 1 23 6 0 
98 1 2 18 4 0 
99 0 2 21 5 0 
100 0 2 17 4 0 
101 1 1 20 4 0 
102 1 1 21 6 0 
103 1 0 20 6 0 
104 0 0 26 5 0 
105 2 0 32 6 0 
106 3 0 36 4 0 
107 4 0 36 7 0 
108 2 0 39 8 0 
109 1 1 38 7 0 
110 1 3 49 7 0 
111 3 2 49 6 0 
112 3 2 63 9 0 
113 3 1 55 19 0 
114 3 0 51 20 0 
115 5 0 57 17 0 
116 6 0 61 19 0 
117 6 0 64 22 0 
118 6 1 67 23 0 
119 5 0 75 17 1 
120 8 0 83 17 1 
121 9 3 82 18 1 
122 13 3 95 17 2 
123 11 3 101 24 4 
124 14 5 93 30 4 
125 14 6 103 37 5 
126 13 11 115 42 4 
127 14 11 134 49 5 
128 16 14 143 60 5 
129 13 15 165 62 5 
130 15 19 168 69 4 
131 21 26 175 60 8 
132 28 29 199 67 8 
133 33 31 206 77 11 
134 38 30 231 91 6 
135 39 35 261 103 7 
136 41 38 278 104 10 
137 41 47 293 117 13 
138 49 48 285 123 16 
139 56 51 276 124 19 
140 70 68 295 129 18 
141 75 74 303 134 15 
142 87 72 303 133 11 
143 78 78 328 149 11 
144 74 99 335 153 15 
145 69 81 354 158 21 
146 66 87 359 152 26 
147 74 87 379 170 33 
148 81 97 402 185 35 
149 90 113 401 201 40 
150 83 127 415 193 39 
151 82 130 416 214 33 
152 81 144 427 220 43 
153 76 152 441 226 43 
154 79 169 479 232 44 
155 85 177 463 236 48 
156 104 176 472 259 50 
157 110 180 483 281 58 
158 103 175 467 287 63 
159 107 187 493 296 59 
160 103 212 491 305 69 
161 111 226 541 339 65 
162 101 232 542 376 61 
163 104 253 540 386 61 
164 115 279 534 410 62 
165 123 284 538 458 71 
166 125 304 568 508 78 
167 144 330 578 553 95 
168 158 335 601 608 99 
169 164 369 640 647 119 
170 158 356 655 664 124 
171 187 387 672 705 116 
172 209 408 680 762 112 
173 219 445 688 814 133 
174 227 474 692 822 147 
175 231 499 742 853 144 
176 244 539 815 899 162 
177 224 563 857 875 164 
178 238 579 900 959 182 
179 247 632 951 1023 180 
180 265 675 956 1086 181 
181 291 708 989 1147 179 
182 290 730 1047 1229 182 
183 319 741 1080 1297 172 
184 343 780 1125 1377 169 
185 335 826 1144 1403 177 
186 349 883 1172 1440 192 
187 353 938 1235 1505 200 
188 384 955 1282 1532 180 
189 404 1005 1336 1592 209 
190 434 1093 1450 1671 209 
191 444 1151 1545 1739 229 
192 483 1239 1620 1832 261 
193 508 1322 1680 1911 291 
194 503 1376 1728 2008 308 
195 556 1437 1843 2118 317 
196 593 1467 1952 2189 330 
197 577 1584 2085 2253 355 
198 595 1729 2174 2308 328 
199 636 1801 2305 2441 343 
200 630 1846 2400 2514 362 
201 700 1950 2492 2601 380 
202 760 2062 2592 2684 392 
203 814 2201 2704 2773 414 
204 878 2273 2814 2920 412 
205 907 2386 2875 3040 401 
206 944 2527 2918 3173 398 
207 1032 2664 3028 3277 432 
208 1120 2841 3218 3378 457 
209 1121 2995 3341 3434 456 
210 1181 3179 3505 3556 490 
211 1198 3355 3683 3712 515 
212 1245 3549 3805 3941 520 
213 1303 3825 3887 4103 574 
214 1305 3997 4031 4398 565 
215 1350 4236 4131 4576 588 
216 1409 4472 4240 4646 625 
217 1500 4687 4450 4765 667 
218 1544 4865 4660 4931 736 
219 1651 5052 4839 5079 743 
220 1667 5262 5033 5303 798 
221 1694 5558 5224 5529 823 
222 1818 5717 5504 5847 875 
223 1871 5988 5703 6111 951 
224 1975 6254 5879 6363 1027 
225 2072 6504 5993 6489 1056 
226 2186 6763 6208 6551 1084 
227 2231 7140 6436 6964 1166 
228 2239 7452 6649 7277 1173 
229 2365 7794 6859 7524 1222 
230 2497 8129 7089 7941 1266 
231 2620 8291 7470 8245 1348 
232 2671 8784 7686 8647 1398 
233 2781 9128 7920 9049 1465 
234 2858 9538 8266 9419 1511 
235 2916 9702 8461 9577 1576 
236 2991 9869 8844 9961 1625 
237 3157 10303 9119 10214 1710 
238 3320 10533 9213 10457 1760 
239 3364 10862 9441 10734 1839 
240 3510 11274 9669 10991 1855 
241 3566 11444 9944 11246 1897 
242 3667 11705 10203 11686 1956 
243 3697 11977 10479 11992 1996 
244 3849 12185 10823 12315 2037 
245 3946 12482 11098 12459 2078 
246 4039 12644 11359 12504 2124 
247 4155 12939 11719 12672 2164 
248 4276 13104 12180 12932 2248 
249 4359 13214 12415 13113 2299 
250 4372 13260 12751 13306 2327 
251 4490 13310 13007 13520 2316 
252 4672 13361 13144 13888 2342 
253 4738 13618 13444 14099 2366 
254 4813 13514 13772 14140 2414 
255 4875 13546 13926 14421 2452 
256 4977 13554 14218 14580 2421 
257 4998 13596 14197 14718 2438 
258 5052 13774 14271 14694 2442 
259 5030 13779 14392 14771 2410 
260 5088 13809 14455 14976 2394 
261 5104 13556 14401 14941 2504 
262 5105 13455 14574 14993 2537 
263 5106 13389 14592 14991 2603 
264 5150 13325 14595 15034 2612 
265 5156 13155 14942 15019 2638 
266 5157 13057 15178 15189 2615 
267 5071 12783 15118 15305 2650 
268 5113 12691 15082 15160 2671 
269 5155 12718 15152 15162 2653 
270 5151 12537 15171 15183 2681 
271 5066 12306 15048 15143 2717 
272 5068 12158 15065 15040 2750 
273 5149 11944 15007 15038 2723 
274 5139 11707 14868 14880 2751 
275 5079 11603 14834 14668 2727 
276 4876 11466 14750 14463 2758 
277 4842 11081 14626 14270 2744 
278 4745 10943 14495 14145 2700 
279 4631 10737 14239 13839 2707 
280 4625 10566 14150 13872 2746 
281 4526 10231 14004 13794 2706 
282 4549 9822 13837 13558 2624 
283 4573 9600 13476 13351 2656 
284 4513 9316 13193 13150 2602 
285 4371 9119 12981 12861 2560 
286 4318 8882 12807 12594 2478 
287 4218 8705 12573 12313 2417 
288 4184 8460 12412 11943 2359 
289 4067 8261 12296 11709 2305 
290 3963 7944 12063 11316 2232 
291 3769 7635 11835 11192 2143 
292 3714 7410 11587 10860 2084 
293 3655 7064 11338 10548 2041 
294 3609 6800 11156 10292 2014 
295 3479 6577 10998 10082 2031 
296 3465 6328 10706 9847 1949 
297 3299 6019 10581 9578 1892 
298 3148 5780 10251 9308 1842 
299 3130 5385 9945 9111 1807 
300 2960 5289 9619 8949 1757 
301 2923 5127 9255 8679 1759 
302 2873 4910 8961 8504 1710 
303 2769 4789 8713 8201 1675 
304 2715 4679 8493 7966 1703 
305 2614 4493 8375 7711 1628 
306 2595 4326 8096 7481 1660 
307 2515 4133 7944 7277 1656 
308 2453 3964 7667 6949 1591 
309 2367 3797 7533 6705 1525 
310 2217 3631 7267 6456 1454 
311 2193 3530 7100 6212 1419 
312 2111 3419 6823 6076 1361 
313 2031 3178 6609 5811 1303 
314 1970 3043 6397 5619 1296 
315 1918 2920 6133 5472 1280 
316 1826 2825 5806 5246 1197 
317 1790 2673 5510 5082 1209 
318 1749 2490 5306 4791 1146 
319 1669 2385 5202 4541 1137 
320 1601 2235 5002 4335 1123 
321 1526 2158 4783 4149 1058 
322 1472 2074 4622 3999 1034 
323 1437 1982 4395 3819 984 
324 1334 1955 4262 3649 932 
325 1261 1866 4107 3558 897 
326 1249 1728 3979 3379 911 
327 1222 1705 3772 3261 878 
328 1187 1678 3595 3186 820 
329 1149 1524 3452 3058 803 
330 1119 1466 3340 2887 782 
331 1087 1466 3144 2781 741 
332 1069 1397 3034 2662 688 
333 996 1355 2909 2598 688 
334 991 1317 2783 2490 653 
335 957 1316 2656 2432 613 
336 911 1291 2536 2311 601 
337 888 1202 2445 2219 586 
338 859 1177 2345 2125 584 
339 811 1094 2269 1984 580 
340 759 1077 2158 1924 576 
341 729 1067 2085 1853 581 
342 707 1007 1997 1775 566 
343 655 946 1885 1687 545 
344 638 885 1846 1627 495 
345 599 858 1786 1532 475 
346 569 800 1727 1473 465 
347 545 753 1699 1426 439 
348 534 729 1657 1332 421 
349 520 711 1607 1329 400 
350 490 653 1570 1279 397 
351 460 607 1505 1252 376 
352 440 588 1416 1177 377 
353 424 597 1341 1123 355 
354 399 581 1312 1054 342 
355 381 568 1205 1037 322 
356 361 516 1184 1004 296 
357 344 462 1155 1005 297 
358 321 447 1105 946 286 
359 337 436 1050 956 279 
360 299 448 1042 889 269 
361 281 409 1007 829 250 
362 276 405 969 799 235 
363 281 377 916 744 223 
364 274 356 867 722 227 
365 245 338 811 687 219 
366 241 358 783 634 207 
367 230 333 772 607 189 
368 208 314 732 568 164 
369 202 294 682 507 139 
370 211 294 646 500 115 
371 197 262 599 473 112 
372 202 232 589 442 122 
373 202 229 577 426 107 
374 194 240 565 406 101 
375 186 218 551 398 100 
376 192 196 522 386 86 
377 191 198 513 365 85 
378 189 183 484 348 81 
379 191 184 439 349 85 
380 160 182 444 355 84 
381 136 168 414 337 74 
382 137 166 411 318 72 
383 119 156 399 286 64 
384 121 160 369 273 75 
385 109 155 330 250 82 
386 108 149 286 223 77 
387 104 142 262 234 72 
388 103 135 269 232 77 
389 95 134 248 238 79 
390 92 126 248 249 72 
391 87 121 238 232 56 
392 91 121 242 221 48 
393 80 129 223 204 55 
394 71 119 209 199 51 
395 76 124 195 185 45 
396 73 112 194 171 35 
397 60 113 185 149 38 
398 56 100 170 155 33 
399 47 110 164 146 31 
400 53 107 149 130 32 
401 51 99 146 122 37 
402 51 89 125 123 42 
403 45 88 133 110 34 
404 45 82 120 113 48 
405 53 70 131 105 42 
406 50 62 113 110 42 
407 46 60 103 111 37 
408 34 69 97 121 33 
409 33 54 92 120 31 
410 36 51 110 115 26 
411 41 44 92 109 21 
412 38 33 77 103 20 
413 34 34 82 102 24 
414 37 30 68 89 22 
415 37 32 63 82 24 
416 39 35 66 73 22 
417 44 34 53 72 21 
418 36 37 50 63 24 
419 38 34 49 65 23 
420 41 41 45 61 16 
421 39 35 41 56 17 
422 31 38 36 57 13 
423 37 39 34 67 12 
424 40 35 36 65 13 
425 40 31 35 66 18 
426 43 29 32 62 16 
427 38 24 33 56 12 
428 40 22 23 51 14 
429 33 19 32 55 15 
430 26 18 30 56 20 
431 24 19 30 64 14 
432 22 18 30 67 9 
433 23 15 34 63 5 
434 24 8 24 57 3 
435 17 11 27 49 1 
436 12 11 28 42 0 
437 11 9 24 41 0 
438 9 8 26 38 0 
439 9 10 24 33 0 
440 9 10 23 36 0 
441 9 11 21 32 2 
442 3 6 25 28 0 
443 4 6 27 21 0 
444 3 6 26 21 0 
445 3 9 25 23 0 
446 3 12 22 23 0 
447 2 9 19 21 0 
448 5 7 18 21 1 
449 10 8 21 20 2 
450 10 10 30 21 2 
451 11 8 17 20 2 
452 9 10 18 17 1 
453 3 9 16 12 1 
454 5 8 10 9 1 
455 2 7 6 6 0 
456 1 7 6 9 0 
457 1 7 2 7 0 
458 2 11 2 5 0 
459 1 10 3 4 0 
460 1 9 4 5 0 
461 2 10 6 9 0 
462 1 12 6 9 0 
463 2 12 3 9 0 
464 1 9 3 8 0 
465 1 5 3 8 0 
466 1 7 2 5 0 
467 2 8 4 5 0 
468 1 6 3 7 0 
469 2 6 4 8 0 
470 3 8 3 8 0 
471 0 6 5 9 0 
472 1 6 3 4 0 
473 1 7 4 3 0 
474 0 4 4 2 0 
475 0 3 3 5 0 
476 0 4 3 3 1 
477 0 4 3 1 1 
478 1 5 5 1 0 
479 2 4 5 1 0 
480 1 8 4 1 0 
481 1 10 4 1 0 
482 1 7 4 0 0 
483 1 8 4 0 0 
484 1 5 4 1 0 
485 1 5 3 2 0 
486 1 5 6 1 0 
487 0 6 5 0 0 
488 0 8 4 0 0 
489 0 9 4 1 0 
490 1 4 4 1 0 
491 0 5 2 1 0 
492 0 3 2 1 0 
493 0 2 2 1 0 
494 0 4 0 0 0 
495 0 2 0 0 0 
496 0 2 0 0 0 
497 0 2 0 0 0 
498 0 2 0 0 0 
499 0 1 0 0 0 
500 0 1 0 0 0 
501 0 1 0 0 0 
502 0 0 0 0 0 
