1 0 12 0 0 0 
2 0 16 0 0 0 
3 0 14 0 0 0 
4 0 16 0 1 0 
5 0 14 0 2 0 
6 0 19 0 1 0 
7 0 15 0 0 0 
8 1 11 0 0 0 
9 1 9 0 0 0 
10 2 12 0 0 0 
11 3 15 1 0 0 
12 4 15 0 0 0 
13 4 13 1 2 0 
14 2 15 2 1 0 
15 5 10 4 2 0 
16 5 10 4 6 0 
17 5 9 7 6 0 
18 4 7 5 6 0 
19 3 7 5 3 0 
20 3 7 8 1 0 
21 4 10 9 1 0 
22 3 16 4 1 0 
23 2 20 4 2 0 
24 5 19 4 1 0 
25 6 29 7 0 0 
26 5 33 10 0 0 
27 3 39 5 0 0 
28 4 41 7 1 0 
29 7 53 7 1 0 
30 9 55 5 2 0 
31 7 51 9 1 0 
32 6 58 10 1 0 
33 5 69 12 3 0 
34 3 87 13 3 0 
35 5 94 18 4 0 
36 4 94 16 4 1 
37 2 83 16 3 1 
38 3 78 16 1 2 
39 3 70 15 2 5 
40 2 64 19 4 6 
41 6 72 15 5 5 
42 6 76 12 5 4 
43 3 82 10 6 5 
44 5 72 11 8 7 
45 9 80 8 11 14 
46 11 87 11 8 15 
47 11 90 10 12 22 
48 10 79 9 8 20 
49 11 87 14 8 26 
50 11 95 12 5 21 
51 13 111 8 9 24 
52 14 97 13 9 24 
53 15 106 21 11 20 
54 25 124 24 18 17 
55 23 137 27 26 19 
56 25 138 34 29 16 
57 26 148 43 33 16 
58 27 137 44 28 17 
59 33 150 54 33 21 
60 30 149 54 33 22 
61 26 155 63 32 23 
62 22 153 72 41 15 
63 25 141 70 35 21 
64 27 157 64 37 24 
65 31 158 63 40 24 
66 32 175 71 37 30 
67 33 185 83 37 34 
68 28 205 93 48 37 
69 24 228 98 63 33 
70 23 252 114 73 39 
71 31 292 131 77 45 
72 42 326 144 82 57 
73 48 368 148 87 67 
74 43 375 156 107 65 
75 50 374 170 112 61 
76 59 377 178 115 64 
77 66 383 185 145 75 
78 68 430 200 165 80 
79 58 473 200 163 87 
80 59 466 207 196 90 
81 73 486 199 201 88 
82 83 519 215 227 88 
83 99 544 224 234 83 
84 86 555 243 240 92 
85 96 552 241 271 102 
86 109 584 248 269 119 
87 120 631 280 315 106 
88 119 683 285 318 115 
89 147 709 300 341 136 
90 143 720 294 364 150 
91 148 759 315 371 137 
92 155 819 333 402 133 
93 173 886 367 417 139 
94 192 907 383 430 149 
95 196 977 396 445 154 
96 193 1021 437 471 151 
97 182 1077 450 502 134 
98 178 1120 498 556 149 
99 185 1178 503 588 165 
100 209 1228 526 614 173 
101 218 1235 569 613 187 
102 238 1281 607 635 165 
103 252 1274 652 669 177 
104 241 1350 721 701 189 
105 257 1396 730 739 194 
106 285 1472 747 785 184 
107 307 1564 775 847 205 
108 324 1693 798 876 201 
109 360 1786 801 939 218 
110 385 1860 852 985 230 
111 393 1932 903 1049 240 
112 394 2034 997 1098 251 
113 428 2148 1050 1117 261 
114 454 2237 1132 1248 267 
115 483 2322 1165 1356 274 
116 539 2387 1201 1431 291 
117 551 2417 1307 1588 337 
118 589 2579 1374 1696 354 
119 616 2672 1484 1823 365 
120 619 2735 1552 1929 372 
121 640 2851 1665 2012 381 
122 657 3017 1747 2105 395 
123 693 3166 1790 2138 391 
124 762 3346 1884 2221 399 
125 762 3479 1996 2338 425 
126 797 3674 2115 2483 476 
127 829 3791 2165 2618 469 
128 879 3888 2301 2730 506 
129 914 4000 2431 2893 520 
130 901 4115 2559 3000 550 
131 937 4223 2687 3137 561 
132 1002 4285 2801 3338 580 
133 1009 4461 2891 3396 614 
134 1080 4663 3114 3610 629 
135 1139 4948 3163 3786 643 
136 1215 5146 3253 3940 668 
137 1220 5258 3418 4095 676 
138 1274 5469 3459 4338 731 
139 1370 5784 3698 4552 763 
140 1479 5903 3892 4757 801 
141 1567 6138 4107 4919 867 
142 1597 6344 4244 5197 882 
143 1696 6518 4462 5348 888 
144 1795 6786 4543 5500 897 
145 1829 6971 4763 5765 933 
146 1913 7191 4964 5946 986 
147 1989 7476 5135 6154 1028 
148 2041 7662 5353 6427 1069 
149 2180 7815 5575 6621 1064 
150 2155 7977 5722 6817 1125 
151 2217 8201 5911 6996 1200 
152 2291 8422 6173 7250 1270 
153 2332 8628 6405 7452 1325 
154 2363 8741 6632 7764 1428 
155 2485 9127 6906 7996 1463 
156 2557 9337 7124 8301 1516 
157 2640 9454 7371 8557 1601 
158 2758 9707 7679 8867 1644 
159 2782 10008 7971 9055 1668 
160 2868 10140 8248 9309 1693 
161 2988 10354 8473 9393 1782 
162 2964 10632 8782 9701 1805 
163 3063 10876 9182 10010 1841 
164 3198 11065 9481 10296 1868 
165 3359 11255 9731 10462 1937 
166 3544 11520 9997 10636 1976 
167 3615 11674 10232 10922 2064 
168 3726 11797 10671 11138 2090 
169 3815 12023 11049 11304 2168 
170 3888 12156 11428 11580 2204 
171 3954 12343 11754 11943 2261 
172 3955 12234 12019 12137 2293 
173 4050 12265 12347 12411 2275 
174 4184 12458 12506 12734 2340 
175 4168 12436 12739 13089 2413 
176 4233 12396 12921 13275 2373 
177 4356 12526 13167 13552 2364 
178 4488 12503 13295 13658 2406 
179 4474 12564 13422 13856 2463 
180 4499 12485 13550 14153 2447 
181 4511 12297 13938 14284 2519 
182 4572 12230 14179 14542 2567 
183 4648 12100 14501 14583 2618 
184 4758 11986 14735 14657 2732 
185 4689 11802 14847 14784 2773 
186 4839 11879 15143 14822 2859 
187 4807 11752 15406 14823 2797 
188 4798 11832 15506 14846 2796 
189 4828 11741 15585 14867 2797 
190 4772 11468 15581 15089 2760 
191 4783 11410 15726 15163 2759 
192 4869 11165 15785 15227 2792 
193 4810 10946 15784 15374 2834 
194 4887 10792 15786 15274 2870 
195 4820 10520 15914 15381 2815 
196 4817 10221 15829 15232 2836 
197 4825 10102 15745 14985 2775 
198 4753 9962 15567 14890 2741 
199 4749 9662 15496 14840 2662 
200 4813 9430 15222 14583 2662 
201 4736 9280 15071 14379 2677 
202 4577 9099 14978 14200 2711 
203 4567 8805 15074 14144 2693 
204 4501 8605 14928 13822 2677 
205 4461 8376 14668 13717 2683 
206 4387 8132 14509 13592 2631 
207 4373 7810 14195 13402 2616 
208 4306 7704 13934 13043 2528 
209 4251 7414 13701 12848 2529 
210 4141 7214 13589 12564 2525 
211 4048 7194 13450 12411 2508 
212 3972 7122 13249 12081 2494 
213 3977 6827 13054 11878 2442 
214 3930 6640 12786 11485 2383 
215 3820 6395 12438 11213 2291 
216 3731 6221 12033 11098 2200 
217 3596 6058 11797 10935 2236 
218 3459 5907 11554 10705 2169 
219 3448 5575 11280 10496 2071 
220 3353 5399 11100 10252 1985 
221 3292 5146 10748 9987 1967 
222 3234 4956 10504 9784 1903 
223 3268 4757 10239 9388 1854 
224 3141 4543 9975 9064 1763 
225 2983 4362 9668 8701 1734 
226 2885 4127 9503 8366 1729 
227 2791 3964 9146 8150 1741 
228 2717 3735 8861 7985 1707 
229 2639 3659 8540 7765 1715 
230 2528 3533 8312 7552 1598 
231 2433 3476 7935 7342 1567 
232 2412 3420 7738 7251 1509 
233 2390 3372 7573 6965 1441 
234 2312 3210 7345 6822 1413 
235 2207 3145 7071 6628 1325 
236 2134 3043 6816 6389 1277 
237 2048 2923 6601 6164 1204 
238 1965 2863 6522 5956 1155 
239 1916 2713 6332 5747 1096 
240 1854 2682 6153 5407 1020 
241 1785 2600 5905 5260 996 
242 1813 2470 5762 5103 974 
243 1795 2321 5583 4977 974 
244 1721 2262 5443 4852 940 
245 1718 2152 5204 4747 889 
246 1643 2062 4974 4637 867 
247 1603 1980 4779 4470 850 
248 1528 1906 4524 4296 811 
249 1475 1816 4241 4190 780 
250 1515 1729 4104 4040 758 
251 1412 1660 3926 3892 699 
252 1309 1596 3768 3765 676 
253 1270 1541 3617 3611 669 
254 1178 1422 3526 3528 601 
255 1159 1378 3424 3362 583 
256 1090 1294 3228 3245 548 
257 1057 1253 3083 3071 522 
258 993 1215 3007 2920 539 
259 941 1171 2874 2758 530 
260 921 1147 2842 2634 535 
261 852 1092 2740 2544 530 
262 836 1002 2746 2347 517 
263 782 948 2571 2302 483 
264 751 908 2473 2188 464 
265 709 888 2367 2060 423 
266 692 856 2248 2012 421 
267 678 827 2136 1924 404 
268 651 818 2057 1803 415 
269 620 768 1927 1735 409 
270 612 722 1861 1634 375 
271 620 695 1795 1590 365 
272 590 657 1732 1497 338 
273 599 630 1674 1440 312 
274 550 657 1622 1414 309 
275 539 626 1497 1390 294 
276 505 584 1418 1294 302 
277 483 519 1351 1219 281 
278 487 499 1282 1179 280 
279 460 460 1254 1125 290 
280 433 462 1226 1073 282 
281 408 452 1133 995 265 
282 373 413 1102 946 254 
283 366 413 1080 920 236 
284 321 391 1058 884 221 
285 307 373 1021 846 208 
286 283 344 982 819 184 
287 267 356 938 777 178 
288 268 337 890 757 175 
289 243 345 867 723 166 
290 246 323 797 654 158 
291 229 319 760 603 163 
292 202 313 737 592 167 
293 188 301 703 594 166 
294 173 320 668 570 145 
295 171 308 639 540 131 
296 168 274 619 520 134 
297 180 271 584 487 133 
298 153 274 576 494 126 
299 154 261 553 458 107 
300 147 240 502 433 103 
301 140 220 471 390 87 
302 146 201 450 381 100 
303 140 210 450 370 97 
304 122 190 440 337 100 
305 110 201 428 326 102 
306 114 208 399 303 87 
307 111 192 360 319 79 
308 101 167 358 321 61 
309 97 162 337 282 56 
310 86 183 314 263 58 
311 87 175 311 252 64 
312 77 161 281 231 66 
313 73 166 277 232 66 
314 68 159 282 219 64 
315 62 152 274 206 53 
316 66 147 271 186 47 
317 63 135 268 172 45 
318 56 141 259 159 45 
319 51 132 256 153 40 
320 40 122 241 141 38 
321 44 130 191 145 29 
322 38 124 178 135 24 
323 40 103 170 114 21 
324 37 106 174 110 21 
325 35 102 172 111 18 
326 34 91 170 114 20 
327 47 70 148 116 16 
328 42 63 126 114 19 
329 33 64 122 115 18 
330 34 63 121 105 11 
331 28 62 124 97 9 
332 30 55 121 82 10 
333 31 54 112 75 8 
334 28 49 111 63 12 
335 32 50 108 61 10 
336 31 49 97 61 8 
337 34 46 101 50 10 
338 34 48 97 52 9 
339 29 41 89 50 9 
340 26 35 81 51 10 
341 34 36 79 41 9 
342 27 38 78 40 9 
343 22 38 65 35 8 
344 21 36 56 33 7 
345 20 36 57 38 7 
346 22 35 61 44 8 
347 26 33 51 35 10 
348 24 30 57 35 7 
349 23 26 52 34 5 
350 21 26 49 25 6 
351 21 24 45 20 7 
352 17 27 47 25 11 
353 16 27 42 25 11 
354 13 26 42 28 13 
355 13 23 48 23 12 
356 9 22 47 19 12 
357 8 19 49 19 8 
358 5 16 46 20 7 
359 6 14 37 20 8 
360 7 17 45 15 7 
361 9 17 47 20 6 
362 7 14 41 15 5 
363 8 10 33 14 6 
364 10 12 26 10 4 
365 11 12 27 7 5 
366 12 10 24 6 1 
367 9 12 21 7 1 
368 10 14 18 5 2 
369 9 21 19 6 2 
370 12 19 18 5 1 
371 12 16 20 7 1 
372 13 16 21 4 0 
373 15 13 23 4 0 
374 11 12 21 5 0 
375 6 8 18 4 0 
376 6 9 21 4 0 
377 8 11 20 3 0 
378 8 11 21 1 0 
379 8 7 18 1 0 
380 5 7 16 0 0 
381 9 8 12 2 0 
382 7 6 10 3 0 
383 7 7 11 1 0 
384 6 8 7 0 0 
385 4 8 7 0 2 
386 5 9 6 0 0 
387 10 10 5 0 0 
388 5 6 4 0 0 
389 7 3 6 0 0 
390 10 3 9 0 0 
391 10 2 6 0 0 
392 10 1 5 0 0 
393 11 1 5 0 0 
394 9 0 5 0 0 
395 7 0 6 0 1 
396 6 0 3 0 1 
397 3 1 4 0 1 
398 2 0 3 0 0 
399 2 0 4 0 0 
400 3 0 3 0 0 
401 2 0 5 0 0 
402 1 0 4 0 0 
403 1 0 2 0 0 
404 1 0 2 0 0 
405 1 0 1 0 0 
406 4 0 0 0 0 
407 2 0 0 0 0 
408 2 0 0 0 0 
409 2 0 0 1 0 
410 1 0 0 1 0 
411 1 0 0 1 0 
412 1 0 0 1 0 
413 1 0 0 1 0 
414 1 0 0 1 0 
415 1 0 0 1 0 
416 1 0 0 1 0 
417 1 0 0 1 1 
418 0 0 0 0 0 
