1 0 5 0 0 0 
2 0 11 0 0 0 
3 0 7 0 0 0 
4 0 6 0 1 0 
5 1 12 0 1 0 
6 1 9 0 2 0 
7 0 10 0 0 0 
8 0 4 0 0 0 
9 2 4 0 0 0 
10 1 10 3 0 0 
11 1 9 1 0 0 
12 2 8 0 2 0 
13 1 10 1 1 0 
14 3 11 1 2 0 
15 1 12 1 1 0 
16 1 3 0 0 0 
17 2 9 0 1 0 
18 0 6 0 3 0 
19 2 9 1 1 0 
20 2 11 1 1 2 
21 1 8 1 1 0 
22 0 13 0 0 0 
23 1 11 0 0 0 
24 0 19 1 2 0 
25 1 15 2 0 1 
26 1 16 1 0 1 
27 1 18 2 1 0 
28 1 15 1 2 0 
29 2 20 1 0 0 
30 1 23 1 3 0 
31 3 19 2 3 2 
32 1 19 2 7 0 
33 3 25 5 1 0 
34 5 25 13 5 0 
35 8 25 8 2 1 
36 5 34 10 6 0 
37 5 35 13 4 1 
38 7 38 13 3 0 
39 3 25 14 11 0 
40 5 21 13 12 0 
41 5 32 8 8 0 
42 6 28 16 13 0 
43 3 56 18 9 0 
44 10 39 17 11 0 
45 4 55 20 19 4 
46 10 56 21 19 1 
47 7 46 16 16 2 
48 17 48 21 20 0 
49 11 48 33 22 1 
50 8 36 31 25 6 
51 16 37 27 27 2 
52 16 55 33 16 3 
53 15 43 37 20 2 
54 12 46 36 18 3 
55 12 38 22 13 3 
56 19 55 35 15 1 
57 17 67 17 23 4 
58 18 66 27 24 2 
59 9 61 26 25 2 
60 22 60 21 29 3 
61 14 59 29 33 1 
62 11 47 21 43 7 
63 9 63 20 37 2 
64 20 68 35 32 0 
65 10 50 38 37 0 
66 9 70 26 41 2 
67 9 82 23 33 1 
68 13 93 27 28 1 
69 13 96 31 45 1 
70 8 85 32 43 3 
71 13 127 40 43 6 
72 24 114 40 56 4 
73 20 138 47 70 8 
74 19 131 44 58 9 
75 22 148 46 59 16 
76 34 185 43 70 10 
77 31 170 51 74 10 
78 33 198 52 74 12 
79 27 213 55 97 3 
80 33 222 54 94 9 
81 41 213 56 117 10 
82 43 247 58 100 17 
83 32 260 69 103 16 
84 31 265 74 127 22 
85 44 295 81 144 14 
86 51 330 88 153 14 
87 46 289 102 157 28 
88 64 340 114 150 18 
89 46 349 118 163 26 
90 71 363 140 162 8 
91 63 424 143 169 21 
92 82 445 162 193 13 
93 78 463 149 222 17 
94 79 481 177 245 21 
95 85 496 182 221 24 
96 78 580 191 248 21 
97 82 582 205 242 14 
98 99 641 186 276 18 
99 95 646 201 309 20 
100 107 598 261 326 22 
101 118 700 241 357 44 
102 133 768 292 368 40 
103 118 700 283 395 46 
104 153 775 281 417 44 
105 135 855 363 417 39 
106 178 930 351 423 53 
107 154 931 371 474 53 
108 171 996 425 520 62 
109 171 1079 422 490 71 
110 155 1027 459 589 62 
111 185 1038 471 581 53 
112 194 1183 489 596 70 
113 200 1180 510 614 65 
114 234 1374 575 659 57 
115 239 1354 645 674 69 
116 224 1490 599 756 81 
117 265 1425 671 785 93 
118 278 1511 653 795 72 
119 304 1503 749 856 86 
120 330 1599 775 920 113 
121 333 1681 774 960 93 
122 359 1838 870 933 137 
123 356 1746 878 1114 105 
124 402 1850 961 1034 109 
125 428 1938 1020 1057 114 
126 415 2037 996 1211 130 
127 466 2079 1080 1252 145 
128 462 2160 1153 1232 135 
129 508 2157 1188 1354 130 
130 551 2256 1228 1392 169 
131 557 2336 1233 1497 159 
132 564 2416 1317 1566 158 
133 604 2426 1469 1593 206 
134 600 2502 1437 1674 212 
135 644 2567 1471 1791 237 
136 653 2666 1477 1791 229 
137 653 2699 1472 1798 237 
138 632 2821 1664 1958 225 
139 646 2879 1768 2009 267 
140 697 3120 1720 2138 274 
141 697 3035 1882 2214 299 
142 765 3238 1983 2302 306 
143 797 3325 2047 2292 323 
144 825 3203 2146 2463 337 
145 887 3365 2303 2515 405 
146 907 3407 2373 2582 364 
147 870 3508 2449 2736 440 
148 937 3565 2521 2794 386 
149 986 3541 2712 2947 394 
150 1000 3787 2873 2950 439 
151 1024 3623 2840 3193 445 
152 981 3738 2916 3262 473 
153 1147 3798 3069 3284 480 
154 1074 3783 3114 3501 423 
155 1221 3804 3254 3543 537 
156 1226 3943 3309 3640 474 
157 1217 3903 3553 3753 564 
158 1280 3966 3513 3795 599 
159 1294 3891 3633 3879 602 
160 1289 4114 3839 4109 678 
161 1326 4075 3937 4089 712 
162 1445 4027 4074 4245 701 
163 1451 4109 4056 4338 702 
164 1454 4194 4240 4458 703 
165 1492 4135 4266 4386 763 
166 1525 4255 4393 4460 805 
167 1611 4112 4605 4625 795 
168 1549 4095 4599 4796 806 
169 1651 4077 4668 4761 827 
170 1570 4108 4854 4841 842 
171 1585 4018 4867 4905 816 
172 1683 4056 4906 4900 905 
173 1734 4025 5006 5209 871 
174 1712 3868 4994 5178 927 
175 1623 3987 5057 5268 956 
176 1677 3853 5108 5081 950 
177 1721 3829 5059 5194 939 
178 1736 3782 5132 5059 976 
179 1671 3643 5204 5201 966 
180 1655 3546 5144 5233 1060 
181 1609 3560 5272 5281 1048 
182 1671 3411 5275 5380 1059 
183 1651 3261 5186 5195 1111 
184 1800 3439 5168 5098 1059 
185 1658 3283 5198 5289 1139 
186 1648 3230 5197 5216 1135 
187 1658 3061 5260 5238 1106 
188 1630 3168 5325 5124 1119 
189 1645 2883 5188 5062 1088 
190 1619 2935 5074 5182 1116 
191 1557 2839 5036 4966 1096 
192 1553 2823 5119 4987 1113 
193 1568 2826 4894 5017 1058 
194 1529 2658 4978 4718 976 
195 1518 2711 4870 4803 1026 
196 1510 2536 4806 4647 1011 
197 1496 2424 4760 4618 947 
198 1492 2283 4639 4447 1003 
199 1476 2347 4461 4437 997 
200 1431 2239 4520 4305 915 
201 1432 2158 4374 4267 906 
202 1396 2108 4287 3948 918 
203 1299 2052 4303 4099 841 
204 1398 2023 4345 3936 844 
205 1319 1993 4030 3942 915 
206 1349 1900 4121 3801 832 
207 1252 1908 4031 3684 795 
208 1171 1759 3897 3577 739 
209 1158 1846 3845 3573 735 
210 1128 1792 3678 3465 740 
211 1077 1615 3550 3376 660 
212 1122 1573 3533 3185 733 
213 1018 1594 3344 3078 679 
214 1036 1456 3421 3094 674 
215 1037 1404 3268 2956 678 
216 1018 1417 3226 2917 570 
217 954 1299 3129 2808 578 
218 935 1237 3124 2626 545 
219 877 1232 2888 2511 541 
220 837 1158 2826 2458 540 
221 818 1065 2730 2364 538 
222 833 1026 2665 2200 499 
223 829 1037 2489 2196 487 
224 726 1020 2347 1996 477 
225 726 1002 2238 2039 452 
226 678 905 2218 2030 441 
227 645 881 2152 1903 426 
228 684 823 2085 1838 429 
229 625 813 1993 1902 404 
230 611 758 1989 1763 448 
231 594 657 1919 1626 397 
232 561 717 1778 1620 363 
233 573 691 1841 1561 364 
234 513 687 1590 1483 319 
235 506 689 1616 1476 307 
236 485 598 1538 1454 285 
237 542 600 1514 1386 292 
238 471 580 1429 1330 304 
239 413 518 1386 1264 299 
240 456 495 1349 1276 306 
241 424 503 1292 1179 301 
242 429 462 1261 1135 263 
243 370 451 1172 1059 264 
244 430 450 1187 1051 245 
245 348 426 1171 1014 232 
246 372 443 1141 942 246 
247 311 369 1054 928 229 
248 292 382 1035 909 253 
249 336 364 1044 923 234 
250 319 350 1038 874 206 
251 288 319 931 844 183 
252 256 334 870 799 200 
253 269 292 854 769 165 
254 236 296 828 725 167 
255 206 271 749 712 133 
256 229 253 777 654 134 
257 213 258 741 597 139 
258 216 218 664 606 113 
259 210 212 696 576 125 
260 198 217 679 534 111 
261 188 240 677 476 105 
262 174 194 618 532 90 
263 163 185 576 449 102 
264 170 176 605 423 90 
265 157 199 568 391 86 
266 152 175 542 393 91 
267 148 149 499 374 79 
268 135 149 474 370 84 
269 126 168 447 362 85 
270 117 190 426 363 85 
271 119 129 422 341 53 
272 106 128 364 347 62 
273 111 111 382 318 58 
274 93 126 374 279 61 
275 80 120 369 267 60 
276 111 111 392 284 68 
277 101 102 347 261 52 
278 85 109 343 241 54 
279 95 110 310 234 51 
280 93 107 277 250 32 
281 87 89 269 222 47 
282 76 99 275 209 55 
283 71 86 308 206 45 
284 74 67 255 181 48 
285 79 87 199 212 41 
286 57 77 189 206 24 
287 58 76 201 192 32 
288 53 78 196 161 36 
289 53 67 196 191 41 
290 59 85 192 160 33 
291 54 81 164 124 27 
292 47 70 161 129 29 
293 30 59 151 137 41 
294 53 47 137 119 40 
295 46 52 132 127 27 
296 44 52 127 119 34 
297 35 49 135 126 31 
298 29 40 122 95 25 
299 41 37 125 88 36 
300 48 37 111 90 23 
301 45 37 114 78 27 
302 29 37 99 63 33 
303 25 28 109 59 21 
304 22 24 96 61 14 
305 29 17 91 59 14 
306 15 25 92 58 17 
307 22 19 86 65 9 
308 23 20 57 57 16 
309 24 14 60 64 10 
310 15 19 53 51 13 
311 18 10 62 49 17 
312 30 15 54 48 14 
313 19 8 47 50 16 
314 17 6 57 61 7 
315 21 16 60 49 7 
316 22 13 42 40 7 
317 14 11 34 49 7 
318 20 3 29 40 10 
319 17 3 38 34 6 
320 18 5 34 35 4 
321 14 6 29 42 9 
322 8 4 35 43 8 
323 6 8 28 37 5 
324 13 6 29 31 4 
325 5 5 27 27 3 
326 7 11 22 25 8 
327 7 4 8 26 5 
328 10 3 16 22 4 
329 7 6 16 26 5 
330 5 7 22 29 7 
331 10 3 16 27 8 
332 8 6 11 27 2 
333 6 3 4 13 7 
334 4 4 7 14 4 
335 7 5 10 18 2 
336 4 3 13 15 5 
337 0 2 10 11 1 
338 4 5 10 7 4 
339 2 3 15 9 4 
340 2 3 10 8 1 
341 3 4 8 12 0 
342 1 6 9 9 1 
343 0 3 7 7 0 
344 0 5 4 8 0 
345 0 2 7 7 0 
346 3 0 6 7 0 
347 1 2 7 6 0 
348 0 2 6 4 0 
349 0 1 7 3 0 
350 1 1 3 4 0 
351 0 0 8 5 1 
352 1 0 5 2 1 
353 1 0 3 1 0 
354 0 1 7 2 0 
355 0 0 8 1 0 
356 0 0 7 3 1 
357 0 0 4 1 0 
358 0 1 4 1 0 
359 0 0 4 2 0 
360 0 1 2 2 0 
361 0 2 2 2 0 
362 0 1 5 1 0 
363 1 1 3 1 0 
364 1 2 3 1 0 
365 0 1 4 1 0 
366 1 2 1 1 0 
367 2 3 2 1 0 
368 0 4 2 2 0 
369 0 0 4 2 0 
370 2 2 3 0 0 
371 1 7 2 0 0 
372 0 4 4 0 0 
373 1 4 4 1 0 
374 0 2 4 0 0 
375 5 4 3 1 0 
376 2 2 1 1 0 
377 3 2 0 1 0 
378 2 7 3 1 0 
379 0 4 2 0 0 
380 1 7 1 1 0 
381 0 5 2 0 0 
382 1 7 0 2 0 
383 3 1 6 0 0 
384 0 3 7 1 0 
385 4 3 6 0 0 
386 1 0 6 1 0 
387 2 1 3 1 0 
388 0 2 0 0 0 
389 1 0 0 0 0 
390 0 1 0 0 0 
391 0 0 0 0 0 
392 0 0 0 0 0 
393 1 0 0 0 0 
394 1 1 1 0 0 
395 1 1 0 0 0 
396 2 0 0 2 0 
397 1 0 2 0 0 
398 0 1 0 0 0 
399 0 0 3 1 0 
400 0 0 0 0 0 
401 0 0 1 0 0 
402 0 0 0 0 0 
403 0 0 1 0 0 
404 0 0 0 0 0 
405 0 0 0 0 0 
406 0 0 0 0 0 
407 0 0 1 0 0 
408 0 0 1 0 0 
409 0 0 0 0 0 
410 0 0 0 0 0 
