1 0 2 0 0 0 
2 0 1 0 0 0 
3 0 2 0 0 0 
4 0 4 0 0 0 
5 0 6 0 0 0 
6 0 9 0 0 0 
7 0 11 1 0 0 
8 0 8 0 0 0 
9 0 1 1 0 0 
10 0 6 1 0 0 
11 0 5 2 0 0 
12 0 6 0 0 0 
13 0 4 1 1 0 
14 2 5 0 0 0 
15 0 1 0 0 0 
16 0 4 0 0 0 
17 0 5 0 0 0 
18 0 3 0 1 0 
19 0 3 0 0 0 
20 0 3 0 0 0 
21 0 4 0 0 0 
22 0 4 0 0 0 
23 1 3 0 0 0 
24 2 2 0 0 0 
25 1 1 0 0 0 
26 1 2 0 0 0 
27 0 2 0 1 0 
28 1 6 0 0 0 
29 3 3 0 1 0 
30 2 4 1 3 0 
31 2 14 0 3 0 
32 0 14 2 1 0 
33 2 15 0 5 0 
34 1 13 0 3 0 
35 3 12 0 3 0 
36 4 5 0 0 0 
37 1 10 0 2 0 
38 2 10 2 3 0 
39 2 4 0 2 0 
40 3 4 1 4 0 
41 4 4 0 1 0 
42 4 9 0 1 0 
43 4 8 0 2 0 
44 5 10 2 0 0 
45 3 9 4 1 0 
46 0 3 4 5 0 
47 2 2 2 4 0 
48 4 8 1 4 0 
49 3 8 0 7 0 
50 1 5 2 6 0 
51 2 4 3 9 0 
52 1 8 6 10 0 
53 1 13 9 7 0 
54 1 10 4 8 1 
55 3 12 1 12 1 
56 1 9 2 13 0 
57 4 12 3 4 1 
58 0 12 6 3 2 
59 3 11 9 12 2 
60 1 17 4 11 2 
61 0 21 9 10 0 
62 2 16 4 12 0 
63 6 21 7 14 0 
64 3 12 7 18 0 
65 3 19 7 7 0 
66 6 14 11 18 0 
67 0 29 15 23 0 
68 2 21 9 22 0 
69 4 25 8 22 0 
70 4 30 14 30 0 
71 3 26 9 25 2 
72 5 25 13 20 1 
73 10 27 18 32 0 
74 10 39 14 31 1 
75 4 44 13 32 1 
76 8 30 23 29 1 
77 6 42 14 39 1 
78 13 47 23 32 1 
79 6 47 25 33 2 
80 6 39 23 47 1 
81 4 51 25 41 1 
82 11 56 21 46 2 
83 5 58 25 48 1 
84 6 64 13 44 1 
85 8 74 18 42 1 
86 14 48 27 56 2 
87 16 70 20 44 3 
88 16 63 27 46 1 
89 15 60 35 38 2 
90 11 83 34 50 3 
91 8 84 30 46 4 
92 14 86 34 43 6 
93 14 100 30 44 5 
94 17 101 23 51 5 
95 15 105 46 53 6 
96 20 97 28 62 4 
97 21 115 39 67 10 
98 16 148 27 89 10 
99 9 133 23 73 5 
100 22 144 28 95 12 
101 18 162 37 83 7 
102 22 165 41 95 7 
103 34 194 36 84 10 
104 40 184 39 105 14 
105 26 213 48 112 7 
106 35 197 53 100 17 
107 40 194 72 120 18 
108 37 278 86 129 24 
109 34 256 65 114 17 
110 41 258 52 137 17 
111 44 316 74 145 28 
112 43 292 102 157 18 
113 50 326 97 169 26 
114 66 334 84 160 24 
115 63 344 99 155 27 
116 71 358 103 158 18 
117 66 352 89 175 20 
118 61 376 109 184 31 
119 76 383 112 175 32 
120 78 440 138 217 32 
121 89 488 141 236 32 
122 81 462 135 246 36 
123 84 520 180 278 34 
124 98 490 161 303 43 
125 90 530 212 281 62 
126 99 556 202 306 58 
127 87 609 186 322 62 
128 94 613 255 347 52 
129 106 692 274 343 67 
130 138 728 265 393 56 
131 135 725 290 403 59 
132 150 765 303 418 64 
133 156 846 313 454 73 
134 138 833 334 449 82 
135 177 843 357 493 74 
136 192 940 421 502 70 
137 198 998 399 557 69 
138 189 958 466 619 76 
139 217 1059 467 608 107 
140 229 1159 522 639 102 
141 243 1207 579 640 86 
142 249 1200 559 663 108 
143 260 1234 600 698 97 
144 283 1323 615 696 129 
145 276 1469 641 738 111 
146 324 1484 653 785 113 
147 297 1543 664 833 127 
148 297 1562 758 870 123 
149 336 1703 767 859 153 
150 362 1749 836 960 144 
151 335 1780 890 998 137 
152 384 1872 920 971 183 
153 369 1908 927 1108 179 
154 375 2059 976 1200 212 
155 453 2002 1123 1098 216 
156 477 2198 1179 1240 211 
157 505 2142 1199 1280 266 
158 529 2346 1251 1335 253 
159 568 2469 1366 1405 287 
160 569 2499 1334 1446 283 
161 602 2533 1436 1538 312 
162 643 2699 1475 1545 335 
163 606 2895 1550 1663 321 
164 627 2849 1588 1813 349 
165 674 2894 1670 1801 341 
166 700 2929 1759 1900 374 
167 725 3044 1867 1896 355 
168 738 3115 1895 2083 376 
169 814 3209 1954 2128 397 
170 795 3337 2087 2306 377 
171 819 3389 2111 2375 449 
172 874 3544 2214 2438 443 
173 906 3552 2321 2587 432 
174 1001 3723 2367 2612 453 
175 1012 3627 2471 2721 452 
176 990 3751 2625 2766 516 
177 1016 3723 2607 2863 520 
178 1090 3722 2763 2904 494 
179 1102 3888 2972 3024 501 
180 1103 3937 2965 3130 526 
181 1125 3995 3011 3272 623 
182 1160 4020 3112 3373 574 
183 1260 4057 3237 3458 649 
184 1261 4026 3289 3675 639 
185 1340 4090 3343 3671 685 
186 1291 4215 3528 3816 745 
187 1286 4192 3604 3916 719 
188 1329 4142 3745 3960 669 
189 1370 4112 3876 4106 736 
190 1371 4210 4009 4149 734 
191 1413 4201 4023 4314 711 
192 1424 4148 4325 4302 788 
193 1528 4162 4123 4372 803 
194 1539 4094 4293 4425 815 
195 1607 4063 4506 4540 815 
196 1550 3999 4582 4707 866 
197 1576 4019 4552 4636 852 
198 1567 4066 4557 4670 845 
199 1566 3968 4826 4960 831 
200 1553 4034 4733 5036 880 
201 1689 3903 4830 5083 861 
202 1607 3947 4859 5012 849 
203 1678 3761 4799 4929 837 
204 1630 3728 4917 5070 824 
205 1648 3665 5033 5039 866 
206 1714 3720 5242 5174 867 
207 1645 3722 4976 5184 931 
208 1657 3379 5202 5174 903 
209 1666 3378 5062 5141 952 
210 1587 3313 5151 5085 925 
211 1612 3208 5187 5086 994 
212 1584 3194 5120 5133 946 
213 1603 3111 5169 5102 967 
214 1659 3057 4940 4932 958 
215 1665 3026 5043 4850 1015 
216 1593 2956 5022 4918 1007 
217 1593 3002 4932 4875 976 
218 1594 2902 5011 4710 945 
219 1584 2874 4916 4755 978 
220 1601 2631 4927 4638 982 
221 1558 2632 4948 4606 982 
222 1576 2551 4956 4629 938 
223 1492 2471 4627 4619 1017 
224 1420 2373 4873 4451 911 
225 1405 2377 4788 4406 907 
226 1406 2249 4708 4286 895 
227 1441 2274 4704 4224 860 
228 1344 2138 4400 4159 823 
229 1394 2074 4528 4160 806 
230 1311 1972 4407 3997 768 
231 1258 1956 4348 3987 752 
232 1289 1872 4216 3674 783 
233 1219 1783 4210 3710 793 
234 1257 1789 4161 3718 780 
235 1266 1658 3922 3503 753 
236 1147 1601 4003 3536 714 
237 1182 1553 3880 3394 720 
238 1143 1525 3773 3364 650 
239 1158 1439 3719 3174 673 
240 1120 1506 3638 3100 646 
241 1021 1437 3513 3091 637 
242 995 1356 3408 2975 582 
243 1001 1344 3347 2861 580 
244 949 1327 3187 2928 601 
245 875 1210 3126 2842 533 
246 939 1250 2985 2721 565 
247 936 1193 2946 2689 525 
248 863 1206 2844 2480 472 
249 859 1097 2771 2552 513 
250 844 1059 2658 2415 441 
251 804 1021 2518 2255 453 
252 752 982 2398 2229 447 
253 794 940 2452 2201 407 
254 674 889 2328 2135 370 
255 692 922 2210 2023 392 
256 711 812 2136 2012 334 
257 692 775 2038 1885 350 
258 644 790 2030 1866 361 
259 571 719 1861 1834 347 
260 580 672 1863 1708 344 
261 588 706 1838 1659 336 
262 588 703 1789 1609 328 
263 549 651 1695 1546 310 
264 509 594 1664 1470 254 
265 515 569 1584 1384 298 
266 499 553 1502 1388 272 
267 464 524 1468 1278 271 
268 462 476 1377 1282 253 
269 406 489 1342 1203 268 
270 390 427 1267 1202 237 
271 397 425 1248 1128 257 
272 393 358 1188 1025 211 
273 379 361 1109 995 200 
274 372 361 1022 918 190 
275 327 339 1026 934 199 
276 324 313 973 866 178 
277 276 319 950 879 172 
278 298 313 910 850 164 
279 291 323 907 743 161 
280 267 282 904 822 138 
281 259 296 777 732 133 
282 241 238 769 702 129 
283 243 245 725 682 131 
284 207 221 676 651 123 
285 198 239 665 594 132 
286 195 243 634 547 113 
287 203 227 587 617 136 
288 189 180 581 522 125 
289 178 223 536 471 114 
290 150 203 508 464 106 
291 155 189 539 465 118 
292 144 189 486 455 100 
293 165 185 428 427 100 
294 136 186 435 409 99 
295 153 171 442 384 107 
296 149 171 380 365 92 
297 120 194 359 315 82 
298 125 176 384 350 88 
299 109 158 357 344 64 
300 104 156 329 368 82 
301 98 155 312 277 78 
302 109 164 311 315 88 
303 80 137 299 303 70 
304 88 105 267 284 70 
305 98 118 239 273 49 
306 107 119 254 276 62 
307 94 126 236 248 60 
308 78 109 221 236 53 
309 62 93 217 218 54 
310 74 112 227 201 55 
311 68 103 215 208 57 
312 70 93 198 194 53 
313 70 109 203 187 54 
314 61 104 186 190 50 
315 76 77 172 161 50 
316 63 81 173 138 50 
317 62 68 167 157 34 
318 43 76 159 128 37 
319 55 84 188 139 38 
320 68 77 183 91 32 
321 42 65 149 104 37 
322 50 57 160 117 28 
323 42 52 138 118 31 
324 48 69 115 111 33 
325 41 55 144 82 26 
326 34 49 102 96 28 
327 38 64 123 78 39 
328 35 40 134 78 28 
329 33 44 108 97 31 
330 31 42 98 85 33 
331 31 30 104 80 29 
332 30 42 91 85 26 
333 24 43 94 72 36 
334 27 30 100 75 39 
335 23 35 69 75 31 
336 20 43 78 56 39 
337 22 32 70 69 26 
338 29 29 61 62 37 
339 23 27 61 62 22 
340 16 29 67 61 30 
341 24 23 61 58 26 
342 22 29 45 56 38 
343 16 30 60 45 42 
344 30 30 54 45 29 
345 14 23 42 39 27 
346 20 24 40 48 27 
347 21 18 40 42 37 
348 25 28 34 41 33 
349 19 23 41 50 31 
350 21 28 33 47 24 
351 18 26 30 32 18 
352 21 20 39 45 29 
353 15 16 46 36 34 
354 10 22 37 34 31 
355 9 27 44 35 25 
356 10 21 28 23 25 
357 9 15 40 29 20 
358 11 20 21 21 17 
359 11 19 24 17 16 
360 6 11 28 26 18 
361 11 12 25 16 11 
362 14 11 32 23 11 
363 10 15 26 20 14 
364 4 13 13 26 20 
365 11 13 19 20 8 
366 6 6 27 8 16 
367 13 11 16 16 14 
368 7 9 15 16 7 
369 3 11 11 10 15 
370 8 4 12 24 12 
371 2 5 14 12 11 
372 4 2 16 14 11 
373 3 4 16 11 15 
374 4 6 22 21 11 
375 13 3 18 21 6 
376 10 2 19 14 4 
377 10 2 9 13 1 
378 8 3 10 11 3 
379 6 3 10 10 3 
380 4 2 12 8 3 
381 2 1 9 10 5 
382 3 2 16 4 3 
383 5 1 14 7 2 
384 7 3 15 9 4 
385 5 3 13 6 3 
386 5 2 11 7 2 
387 2 1 9 8 1 
388 3 1 10 4 0 
389 4 0 6 7 2 
390 2 0 3 12 0 
391 4 0 3 3 0 
392 0 1 4 7 0 
393 2 3 10 4 0 
394 1 0 6 6 2 
395 0 0 3 3 2 
396 0 0 8 3 2 
397 0 0 1 1 0 
398 1 1 8 4 1 
399 0 0 4 3 1 
400 0 0 5 6 1 
401 1 4 5 4 0 
402 0 3 9 5 0 
403 0 2 7 3 2 
404 0 3 3 1 1 
405 2 4 5 1 1 
406 0 3 5 4 0 
407 0 6 2 1 0 
408 0 1 5 1 0 
409 0 0 5 3 0 
410 0 1 2 3 0 
411 1 0 2 3 1 
412 1 0 5 2 0 
413 1 0 0 4 0 
414 1 0 3 0 0 
415 0 0 1 0 0 
416 1 0 0 2 0 
417 0 0 2 1 0 
418 1 0 0 6 0 
419 0 0 2 2 0 
420 0 0 0 4 0 
421 0 0 2 3 0 
422 0 0 0 4 0 
423 0 0 1 1 0 
424 1 0 0 2 0 
425 1 0 0 1 0 
426 1 0 1 1 0 
427 1 0 1 1 0 
428 0 0 0 0 0 
429 0 0 1 0 0 
430 0 0 0 0 0 
431 0 0 0 0 0 
432 0 0 0 0 0 
433 0 0 0 0 0 
434 0 0 1 0 0 
435 0 0 0 0 0 
436 0 0 0 0 0 
437 0 0 0 0 0 
438 0 0 0 0 0 
439 0 0 0 0 0 
440 0 0 1 0 0 
441 0 0 1 0 0 
442 0 0 3 0 0 
443 0 0 0 0 0 
444 0 0 0 0 0 
445 0 0 0 0 0 
446 0 0 0 0 0 
447 1 0 0 0 0 
448 0 0 0 1 0 
449 1 0 0 0 0 
450 0 0 0 0 0 
451 0 0 0 0 0 
452 0 0 0 0 0 
453 1 0 0 0 0 
454 0 0 0 0 0 
455 0 0 0 0 0 
