1 0 7 0 0 0 
2 1 6 0 1 0 
3 0 7 0 1 0 
4 0 14 0 0 0 
5 0 4 0 0 0 
6 0 4 0 0 0 
7 0 8 0 0 0 
8 0 5 1 0 0 
9 0 2 0 0 0 
10 0 5 0 0 0 
11 0 1 1 0 0 
12 1 6 0 0 0 
13 1 4 0 0 0 
14 1 4 0 0 0 
15 0 8 0 1 0 
16 1 6 0 0 0 
17 0 3 0 0 0 
18 0 5 0 0 1 
19 0 7 1 2 1 
20 0 7 0 3 0 
21 0 6 0 1 0 
22 0 8 0 0 0 
23 0 7 0 1 0 
24 0 8 0 1 0 
25 0 11 0 0 0 
26 0 7 0 0 0 
27 1 10 0 0 0 
28 0 12 0 0 0 
29 0 7 1 0 0 
30 0 12 0 0 0 
31 4 11 1 1 0 
32 2 12 4 1 0 
33 3 18 1 2 0 
34 0 17 1 1 0 
35 0 21 4 1 0 
36 2 26 0 2 0 
37 2 26 2 1 0 
38 2 33 2 2 0 
39 1 28 7 0 0 
40 2 34 0 1 0 
41 1 35 4 2 0 
42 1 25 3 3 0 
43 2 24 1 2 0 
44 1 38 5 1 0 
45 3 37 2 3 0 
46 4 30 6 2 0 
47 4 36 2 7 0 
48 1 46 7 5 0 
49 1 37 4 2 0 
50 2 45 8 4 0 
51 0 48 4 4 0 
52 2 36 9 3 0 
53 8 45 6 4 0 
54 6 48 11 7 0 
55 4 45 7 7 3 
56 12 54 14 3 0 
57 4 42 9 9 1 
58 7 49 19 14 1 
59 4 53 11 10 0 
60 4 47 11 15 0 
61 10 38 13 9 3 
62 8 40 21 16 4 
63 8 52 19 11 3 
64 11 77 24 16 4 
65 7 58 19 15 6 
66 12 77 22 15 3 
67 12 73 23 14 6 
68 10 78 34 16 7 
69 13 63 19 12 10 
70 9 81 21 18 9 
71 20 83 22 26 12 
72 20 81 15 25 10 
73 23 89 21 26 11 
74 11 84 24 21 11 
75 18 81 34 19 9 
76 25 88 39 32 15 
77 20 106 33 18 7 
78 19 101 37 27 7 
79 18 110 39 26 17 
80 26 105 40 30 7 
81 21 145 38 31 11 
82 18 130 45 32 7 
83 24 145 41 45 18 
84 35 124 46 41 19 
85 19 163 53 45 16 
86 31 132 66 41 19 
87 30 167 57 43 20 
88 28 191 69 50 23 
89 30 161 69 37 22 
90 42 176 73 53 29 
91 39 191 96 39 24 
92 30 210 77 35 17 
93 45 232 84 48 27 
94 46 269 89 52 29 
95 59 250 102 57 33 
96 45 292 122 78 53 
97 71 286 108 82 36 
98 48 313 102 72 44 
99 52 302 109 100 44 
100 59 300 130 91 48 
101 60 328 154 105 52 
102 75 338 124 109 56 
103 55 384 151 113 56 
104 52 389 137 127 72 
105 56 468 165 126 59 
106 64 454 159 134 54 
107 60 469 191 166 59 
108 100 499 206 156 66 
109 77 546 226 173 56 
110 94 575 235 191 66 
111 107 560 215 190 63 
112 107 594 248 198 68 
113 101 606 263 191 82 
114 116 638 288 215 65 
115 129 630 324 237 78 
116 127 694 348 251 64 
117 136 707 379 295 83 
118 148 751 391 293 95 
119 147 766 401 333 100 
120 143 810 423 372 87 
121 167 822 410 400 97 
122 188 878 451 393 90 
123 177 947 500 419 107 
124 201 953 540 428 87 
125 222 1053 517 488 106 
126 232 1077 606 531 103 
127 218 1146 610 592 112 
128 267 1243 595 595 142 
129 257 1326 708 674 142 
130 256 1363 732 655 139 
131 289 1430 763 656 167 
132 284 1521 773 703 148 
133 340 1617 856 752 159 
134 335 1674 907 819 166 
135 323 1736 941 888 202 
136 403 1922 988 908 158 
137 399 1895 1038 957 186 
138 415 1930 1061 1076 173 
139 451 2103 1127 1005 230 
140 462 2053 1194 1168 226 
141 467 2152 1193 1218 235 
142 484 2194 1260 1287 277 
143 491 2373 1405 1324 265 
144 530 2432 1489 1435 284 
145 520 2509 1564 1449 309 
146 579 2664 1558 1533 298 
147 581 2681 1680 1538 292 
148 604 2842 1710 1622 357 
149 641 2813 1749 1726 340 
150 702 2851 1857 1714 403 
151 683 3048 1849 1795 377 
152 730 3034 1937 1915 373 
153 783 3242 2041 1981 372 
154 822 3406 2132 2011 378 
155 838 3343 2151 2111 412 
156 851 3336 2287 2231 410 
157 889 3517 2340 2329 458 
158 906 3608 2489 2418 485 
159 874 3684 2568 2603 486 
160 952 3789 2671 2725 499 
161 1008 3804 2725 2750 509 
162 1007 3817 2756 2864 504 
163 1054 3799 2874 3007 544 
164 1014 3968 2994 3113 572 
165 1109 3851 3112 3167 583 
166 982 3964 3165 3210 572 
167 1161 4096 3359 3372 552 
168 1115 4143 3316 3498 588 
169 1164 4108 3464 3557 588 
170 1255 4135 3673 3666 603 
171 1246 4229 3704 3688 615 
172 1244 4260 3797 3701 604 
173 1344 4253 3976 3967 595 
174 1415 4230 3948 4171 581 
175 1421 4287 4053 4332 679 
176 1435 4308 4192 4391 682 
177 1446 4209 4102 4406 729 
178 1458 4198 4342 4627 708 
179 1459 4148 4395 4708 724 
180 1479 4108 4494 4717 693 
181 1526 4099 4706 4966 726 
182 1583 4096 4649 4924 758 
183 1547 4152 4676 5018 763 
184 1640 4028 4802 5123 802 
185 1638 4024 4957 5090 819 
186 1678 3955 5077 5147 853 
187 1681 3920 5146 5227 855 
188 1652 3874 5179 5173 869 
189 1616 3794 5169 5278 887 
190 1676 3761 5136 5321 910 
191 1690 3787 5314 5353 949 
192 1702 3708 5236 5386 956 
193 1660 3553 5336 5259 910 
194 1607 3453 5232 5501 1006 
195 1692 3367 5316 5345 973 
196 1693 3311 5378 5456 978 
197 1600 3258 5315 5339 968 
198 1682 3241 5268 5275 959 
199 1677 3223 5291 5280 1091 
200 1663 3078 5040 5120 971 
201 1614 2987 5208 5098 1031 
202 1600 2892 5039 5067 1046 
203 1670 2728 4967 5097 987 
204 1630 2616 4917 5059 907 
205 1578 2591 4719 4756 975 
206 1603 2609 4690 4747 986 
207 1550 2486 4824 4795 908 
208 1574 2381 4727 4623 913 
209 1422 2408 4643 4558 899 
210 1388 2324 4477 4538 933 
211 1465 2181 4390 4476 903 
212 1485 2169 4379 4398 901 
213 1356 2012 4470 4234 876 
214 1370 1895 4315 4043 867 
215 1391 1929 4088 4131 823 
216 1329 1867 4350 4129 879 
217 1328 1900 4064 3973 832 
218 1303 1788 3976 3933 772 
219 1222 1733 3895 3732 778 
220 1225 1714 3877 3748 733 
221 1227 1655 3809 3568 773 
222 1166 1595 3715 3594 753 
223 1168 1562 3526 3471 718 
224 1115 1525 3628 3300 748 
225 1125 1438 3446 3358 706 
226 1078 1376 3366 3108 702 
227 1024 1378 3210 3104 682 
228 987 1352 3063 3066 647 
229 1034 1272 2948 2922 620 
230 986 1229 2940 2838 639 
231 981 1156 2679 2865 614 
232 948 1132 2766 2761 592 
233 945 1142 2675 2696 600 
234 878 1025 2651 2550 584 
235 860 1024 2611 2426 568 
236 876 1038 2508 2406 516 
237 784 950 2453 2293 510 
238 795 922 2311 2232 447 
239 704 927 2298 2187 497 
240 711 854 2289 2173 460 
241 669 837 2182 2093 437 
242 686 763 2103 1953 434 
243 665 763 2039 1938 396 
244 627 760 1912 1885 399 
245 647 686 1830 1786 393 
246 558 651 1809 1729 362 
247 518 648 1685 1594 376 
248 502 589 1607 1559 326 
249 472 609 1600 1552 319 
250 434 526 1514 1443 303 
251 439 562 1566 1368 295 
252 443 523 1487 1287 294 
253 401 485 1338 1202 323 
254 366 437 1289 1203 290 
255 403 467 1226 1125 277 
256 360 459 1202 1099 259 
257 343 463 1146 1097 280 
258 346 425 1073 982 209 
259 345 430 1043 966 211 
260 308 378 983 891 215 
261 330 349 963 975 198 
262 313 394 953 837 173 
263 287 342 865 877 167 
264 305 343 890 794 178 
265 282 287 767 774 175 
266 266 302 771 739 155 
267 248 269 755 687 172 
268 237 264 687 600 143 
269 217 245 651 626 142 
270 233 238 626 565 140 
271 224 214 629 580 130 
272 192 208 562 526 97 
273 180 235 537 506 98 
274 183 220 525 478 102 
275 170 223 556 477 77 
276 184 206 568 491 78 
277 154 210 477 456 86 
278 163 210 475 446 75 
279 151 189 478 456 79 
280 149 197 433 416 74 
281 152 165 398 450 79 
282 139 174 426 380 85 
283 115 144 380 371 74 
284 142 150 387 394 81 
285 126 149 351 364 64 
286 109 147 362 303 77 
287 101 142 337 311 58 
288 95 122 318 299 56 
289 114 108 318 315 60 
290 105 127 330 286 64 
291 87 113 301 248 62 
292 88 98 316 252 58 
293 74 93 329 210 68 
294 68 103 323 211 49 
295 83 91 298 225 48 
296 68 74 258 212 58 
297 67 75 243 197 42 
298 68 76 220 213 49 
299 44 71 234 192 44 
300 68 76 202 173 48 
301 84 75 169 158 41 
302 70 67 196 136 48 
303 65 78 184 175 52 
304 54 61 163 151 44 
305 61 63 152 130 29 
306 83 58 163 129 42 
307 61 52 136 121 43 
308 64 54 124 105 46 
309 49 42 106 101 42 
310 47 53 121 119 30 
311 45 57 124 103 32 
312 25 52 122 112 25 
313 35 41 145 100 36 
314 35 57 99 74 25 
315 27 36 102 92 29 
316 44 36 117 77 22 
317 29 36 115 71 26 
318 36 32 119 55 28 
319 27 36 109 71 23 
320 26 32 91 63 24 
321 33 28 109 62 21 
322 27 38 73 56 12 
323 32 28 83 44 12 
324 29 31 70 47 12 
325 20 22 64 47 16 
326 23 30 75 36 16 
327 26 27 67 42 7 
328 16 28 74 41 9 
329 22 28 67 37 11 
330 29 23 48 33 6 
331 20 18 61 29 8 
332 16 22 66 36 4 
333 21 17 76 28 4 
334 14 22 71 36 5 
335 11 21 55 26 6 
336 13 8 59 25 6 
337 14 11 50 18 3 
338 5 11 53 19 7 
339 8 13 58 15 8 
340 10 13 57 18 2 
341 10 4 49 18 1 
342 18 14 32 11 7 
343 9 6 36 14 4 
344 8 16 25 20 1 
345 6 12 30 11 0 
346 5 11 35 17 1 
347 3 10 26 14 0 
348 3 9 26 10 1 
349 10 11 24 7 0 
350 8 12 17 15 0 
351 9 5 21 9 2 
352 7 5 19 14 3 
353 4 8 14 9 1 
354 1 2 19 16 0 
355 11 1 24 15 0 
356 8 3 18 14 1 
357 5 2 17 6 0 
358 3 7 18 8 0 
359 4 8 21 12 0 
360 5 7 19 11 2 
361 5 7 14 7 0 
362 6 5 18 13 1 
363 6 7 22 10 1 
364 2 6 14 9 0 
365 1 7 16 13 0 
366 5 8 10 7 0 
367 4 4 10 8 0 
368 4 4 16 10 0 
369 6 3 6 4 1 
370 4 3 14 3 0 
371 4 2 7 5 0 
372 2 5 9 4 0 
373 1 6 7 6 0 
374 1 4 5 5 1 
375 1 7 6 2 4 
376 1 2 6 3 0 
377 3 5 1 5 0 
378 3 6 2 5 0 
379 0 6 3 7 3 
380 0 3 3 2 2 
381 1 1 3 5 1 
382 1 4 2 2 1 
383 0 2 1 5 1 
384 1 2 3 2 0 
385 1 3 4 2 0 
386 0 5 1 4 0 
387 0 4 3 4 0 
388 1 1 4 4 0 
389 0 2 2 6 0 
390 2 3 4 5 0 
391 1 2 4 1 0 
392 1 2 9 4 0 
393 0 2 2 4 0 
394 0 1 3 3 0 
395 1 1 1 1 1 
396 0 1 5 0 0 
397 0 0 1 1 0 
398 0 6 5 0 0 
399 0 5 1 2 0 
400 0 2 2 2 0 
401 0 2 3 1 0 
402 0 3 2 0 0 
403 0 1 2 0 0 
404 0 3 4 0 0 
405 0 2 3 2 0 
406 0 0 4 1 0 
407 0 3 5 0 0 
408 0 1 3 0 0 
409 0 2 2 0 0 
410 0 2 4 0 0 
411 0 2 2 0 0 
412 0 5 0 0 0 
413 1 1 3 0 0 
414 1 2 3 0 0 
415 0 2 3 0 0 
416 0 3 1 0 0 
417 0 2 0 0 0 
418 0 0 7 0 0 
419 0 4 4 0 0 
420 0 5 6 2 0 
421 0 0 0 0 0 
422 1 2 3 0 0 
423 2 0 3 0 1 
424 2 1 1 0 0 
425 0 0 2 0 0 
426 0 1 1 1 0 
427 1 3 1 1 0 
428 1 0 4 3 0 
429 2 0 2 1 0 
430 0 0 1 0 0 
431 0 1 1 0 0 
432 3 1 3 2 0 
433 3 0 3 0 0 
434 2 0 1 0 0 
435 0 0 0 2 0 
436 0 0 1 1 0 
437 0 0 1 4 0 
438 0 0 3 0 0 
439 1 0 1 0 0 
440 0 0 1 0 0 
441 0 1 0 0 0 
442 1 1 1 0 0 
443 1 2 0 1 0 
444 1 2 0 0 0 
445 0 2 0 0 0 
446 1 1 0 1 0 
447 0 0 0 0 0 
448 0 1 0 0 0 
449 0 0 0 0 0 
450 0 0 0 0 0 
451 0 0 0 0 0 
452 0 0 0 1 0 
453 0 0 0 0 0 
454 0 0 0 0 0 
455 0 0 0 1 0 
456 0 0 0 0 0 
457 0 0 0 0 0 
458 0 0 0 0 0 
459 0 0 0 0 0 
460 0 2 0 0 0 
461 0 0 0 0 0 
462 0 1 0 0 0 
463 0 1 0 0 0 
464 1 1 0 0 0 
465 0 1 1 0 0 
466 0 3 1 0 0 
467 0 0 0 0 0 
468 0 2 0 0 0 
469 0 1 0 0 0 
470 0 1 0 0 0 
471 0 3 0 0 0 
472 0 0 0 0 0 
473 0 1 0 0 0 
474 0 0 0 0 0 
