1 0 15 0 0 0 
2 0 18 0 1 0 
3 0 14 0 2 0 
4 0 20 0 2 0 
5 0 16 0 1 0 
6 0 14 0 1 0 
7 0 16 0 1 0 
8 0 16 0 1 0 
9 0 13 0 1 0 
10 0 12 0 0 0 
11 0 10 1 0 0 
12 0 12 1 0 0 
13 1 11 1 0 0 
14 2 11 1 0 0 
15 2 13 0 1 0 
16 2 13 0 0 0 
17 1 12 0 0 0 
18 0 11 0 0 1 
19 0 16 1 1 2 
20 0 15 1 3 2 
21 0 15 1 3 1 
22 0 18 0 2 0 
23 0 21 0 3 0 
24 0 21 0 4 0 
25 0 26 0 1 0 
26 0 22 0 1 0 
27 1 26 0 1 0 
28 0 26 0 1 0 
29 0 29 1 0 0 
30 0 33 1 0 0 
31 2 32 2 1 0 
32 4 33 5 1 0 
33 6 45 4 3 0 
34 5 49 5 3 0 
35 5 50 4 2 0 
36 5 58 4 1 0 
37 5 68 5 2 0 
38 4 78 7 3 0 
39 4 77 11 2 0 
40 4 88 5 2 0 
41 3 89 6 4 0 
42 2 80 6 6 0 
43 3 84 5 5 0 
44 2 99 6 5 0 
45 4 94 8 7 0 
46 8 93 11 8 0 
47 8 102 10 11 0 
48 7 115 14 10 0 
49 6 118 12 8 0 
50 6 120 13 8 0 
51 4 132 12 10 0 
52 3 130 19 9 0 
53 8 134 18 13 0 
54 11 130 22 18 0 
55 10 139 25 19 3 
56 18 146 32 11 2 
57 17 140 29 17 2 
58 15 129 30 24 3 
59 11 143 36 25 2 
60 9 139 35 30 1 
61 13 127 31 28 3 
62 16 137 42 31 6 
63 18 142 42 31 8 
64 21 167 49 32 9 
65 19 171 52 36 11 
66 26 184 54 30 12 
67 26 197 60 36 15 
68 30 208 71 42 19 
69 30 199 70 42 24 
70 27 221 65 45 25 
71 42 225 60 58 23 
72 48 238 59 58 26 
73 54 246 67 62 28 
74 56 241 71 55 28 
75 52 238 93 59 28 
76 62 267 93 69 32 
77 57 280 83 58 30 
78 52 279 89 64 28 
79 55 283 97 64 35 
80 67 302 101 73 29 
81 67 343 98 80 28 
82 58 362 107 90 30 
83 64 394 107 100 42 
84 79 390 114 107 49 
85 78 415 128 116 48 
86 87 422 157 111 47 
87 83 457 168 118 53 
88 85 487 182 132 60 
89 90 475 188 122 61 
90 101 507 197 132 72 
91 103 543 226 130 73 
92 100 569 213 115 69 
93 116 618 228 130 67 
94 138 682 233 140 82 
95 151 700 256 153 88 
96 142 765 298 179 118 
97 157 786 294 188 118 
98 147 829 290 195 127 
99 149 854 310 225 116 
100 146 901 330 253 123 
101 165 930 358 267 128 
102 173 953 380 285 146 
103 174 1029 404 313 160 
104 169 1062 383 334 176 
105 168 1187 431 364 171 
106 177 1231 455 362 171 
107 180 1313 509 408 161 
108 217 1366 552 416 173 
109 219 1452 592 438 168 
110 229 1519 626 482 174 
111 251 1565 633 485 173 
112 259 1618 684 527 175 
113 277 1701 737 532 199 
114 296 1765 813 566 210 
115 330 1800 873 617 217 
116 348 1881 921 649 213 
117 369 1935 1006 720 223 
118 404 2048 1052 755 252 
119 419 2133 1110 803 274 
120 424 2196 1129 885 274 
121 459 2272 1185 976 267 
122 470 2400 1240 1026 263 
123 495 2537 1302 1084 271 
124 517 2670 1371 1197 274 
125 562 2842 1450 1252 283 
126 589 2946 1557 1360 289 
127 596 3106 1650 1496 297 
128 683 3340 1683 1614 325 
129 698 3603 1857 1699 346 
130 723 3750 1987 1803 369 
131 767 3915 2056 1874 405 
132 784 4173 2199 1956 408 
133 843 4350 2282 2043 432 
134 898 4561 2374 2137 469 
135 924 4763 2535 2297 518 
136 1010 5090 2641 2402 485 
137 1067 5331 2795 2611 517 
138 1116 5544 2892 2778 523 
139 1164 5767 3034 2838 578 
140 1229 5875 3227 2989 627 
141 1270 6105 3384 3214 674 
142 1307 6225 3518 3439 731 
143 1303 6602 3791 3645 746 
144 1374 6852 4030 3846 774 
145 1403 7062 4240 3991 818 
146 1517 7391 4365 4195 822 
147 1555 7534 4564 4292 849 
148 1597 7786 4712 4458 909 
149 1682 8028 4878 4633 952 
150 1812 8255 5044 4788 1033 
151 1862 8517 5133 5054 1055 
152 1946 8778 5346 5228 1051 
153 2014 9040 5640 5391 1080 
154 2109 9401 5861 5555 1115 
155 2220 9597 6053 5790 1150 
156 2281 9748 6323 6011 1156 
157 2388 10026 6534 6314 1233 
158 2443 10307 6772 6596 1287 
159 2461 10624 7040 6972 1309 
160 2591 10832 7321 7336 1373 
161 2682 10884 7555 7654 1405 
162 2769 11059 7815 7918 1461 
163 2830 11186 8092 8261 1502 
164 2815 11397 8425 8584 1563 
165 2947 11422 8699 8793 1618 
166 2892 11595 8922 9065 1681 
167 3032 11900 9280 9383 1685 
168 3064 12111 9484 9791 1681 
169 3184 12319 9768 10070 1742 
170 3364 12397 10215 10411 1749 
171 3483 12470 10447 10577 1791 
172 3505 12654 10755 10837 1782 
173 3667 12664 11124 11185 1774 
174 3859 12777 11370 11590 1777 
175 3952 12845 11542 12031 1894 
176 4004 12925 11940 12436 1940 
177 4023 12860 12007 12702 1978 
178 4127 12802 12418 13056 2018 
179 4160 12787 12679 13462 2082 
180 4200 12696 12942 13733 2111 
181 4274 12585 13256 14063 2126 
182 4441 12540 13493 14343 2198 
183 4451 12507 13672 14633 2270 
184 4617 12436 13934 14789 2281 
185 4625 12302 14297 14865 2305 
186 4686 12165 14606 15020 2402 
187 4701 12117 14895 15268 2456 
188 4714 11989 15054 15456 2502 
189 4734 11804 15207 15582 2533 
190 4751 11654 15251 15635 2610 
191 4891 11576 15451 15810 2694 
192 4894 11451 15496 15988 2740 
193 4837 11209 15666 15946 2726 
194 4797 10929 15686 16215 2880 
195 4890 10699 15824 16110 2876 
196 4903 10442 15980 16186 2867 
197 4812 10214 15950 16064 2849 
198 4786 10098 15891 16002 2888 
199 4816 9989 15940 15841 2997 
200 4848 9773 15638 15758 3035 
201 4781 9586 15629 15672 3058 
202 4745 9257 15496 15519 3064 
203 4808 8888 15373 15512 3034 
204 4786 8471 15225 15411 2924 
205 4703 8325 14856 15070 2948 
206 4721 8166 14669 14830 2987 
207 4706 7887 14648 14722 2898 
208 4648 7756 14499 14503 2819 
209 4484 7564 14337 14233 2810 
210 4385 7422 14022 14071 2818 
211 4349 7172 13780 13795 2787 
212 4356 7008 13576 13580 2739 
213 4243 6708 13566 13355 2735 
214 4181 6392 13483 13079 2677 
215 4163 6171 13129 12830 2617 
216 4091 6036 13163 12681 2665 
217 4003 5953 13008 12585 2597 
218 3922 5787 12612 12409 2509 
219 3777 5666 12374 12103 2435 
220 3694 5558 12066 11962 2370 
221 3660 5384 11920 11640 2336 
222 3592 5156 11705 11369 2322 
223 3648 5030 11378 11119 2264 
224 3541 4876 11280 10789 2226 
225 3520 4737 10930 10568 2222 
226 3422 4562 10665 10231 2199 
227 3324 4487 10419 10043 2169 
228 3244 4294 9968 9841 2123 
229 3187 4143 9665 9518 2018 
230 3165 3994 9417 9209 1973 
231 3141 3868 9002 8966 1967 
232 3017 3669 8823 8778 1908 
233 2928 3592 8605 8580 1862 
234 2855 3445 8440 8388 1829 
235 2751 3318 8232 8089 1759 
236 2692 3241 8033 7848 1698 
237 2589 3135 7802 7572 1627 
238 2522 3015 7566 7279 1530 
239 2363 2956 7465 7083 1533 
240 2249 2813 7317 6906 1485 
241 2168 2741 7038 6746 1425 
242 2110 2594 6826 6487 1388 
243 2044 2494 6595 6246 1327 
244 1973 2410 6286 6103 1294 
245 1972 2325 6083 5842 1283 
246 1814 2179 5847 5615 1244 
247 1695 2068 5541 5353 1216 
248 1596 1992 5319 5149 1153 
249 1543 1926 5177 4956 1105 
250 1453 1840 5001 4739 1063 
251 1394 1818 4948 4520 1004 
252 1357 1703 4726 4355 995 
253 1341 1637 4487 4123 1003 
254 1253 1557 4273 3893 954 
255 1222 1514 4081 3753 941 
256 1163 1512 3940 3606 870 
257 1123 1448 3820 3538 849 
258 1098 1385 3654 3373 786 
259 1106 1360 3528 3272 736 
260 1043 1273 3311 3116 718 
261 1034 1212 3213 3065 693 
262 994 1187 3095 2943 631 
263 954 1148 2974 2900 593 
264 927 1110 2897 2733 576 
265 862 1023 2681 2560 551 
266 829 995 2547 2426 536 
267 785 920 2439 2278 523 
268 781 870 2290 2117 486 
269 726 829 2180 2025 476 
270 744 819 2062 1925 475 
271 732 755 1989 1906 441 
272 687 701 1896 1772 362 
273 647 729 1801 1682 342 
274 618 720 1742 1604 339 
275 581 714 1744 1583 291 
276 581 703 1767 1571 283 
277 547 692 1685 1514 289 
278 528 681 1608 1479 275 
279 504 629 1584 1475 270 
280 499 593 1489 1411 257 
281 462 567 1398 1394 258 
282 433 525 1381 1308 265 
283 402 494 1293 1260 246 
284 410 475 1251 1253 242 
285 394 467 1207 1185 231 
286 371 451 1194 1096 228 
287 354 436 1136 1073 210 
288 330 420 1099 1009 201 
289 345 386 1081 986 206 
290 330 361 1056 939 212 
291 304 354 1019 877 192 
292 281 317 987 839 194 
293 261 316 1033 774 198 
294 247 319 1008 744 185 
295 242 290 982 700 181 
296 224 258 915 672 170 
297 210 248 846 654 156 
298 210 246 783 667 143 
299 177 245 771 618 141 
300 189 257 723 603 148 
301 214 243 669 562 145 
302 211 240 663 503 154 
303 219 242 637 517 158 
304 199 235 571 498 139 
305 201 216 532 464 125 
306 207 197 509 428 130 
307 195 177 472 414 134 
308 190 175 455 384 127 
309 167 164 414 341 120 
310 156 156 406 343 113 
311 143 160 391 345 109 
312 121 166 388 351 98 
313 124 152 403 338 98 
314 118 169 379 314 96 
315 110 153 361 304 101 
316 109 146 365 273 86 
317 98 140 352 261 89 
318 102 126 362 235 89 
319 99 118 364 233 87 
320 94 110 332 223 85 
321 102 109 336 205 69 
322 101 103 302 203 58 
323 99 104 276 177 52 
324 89 100 248 166 42 
325 78 92 239 151 46 
326 74 93 231 133 53 
327 82 93 224 134 45 
328 68 96 226 127 42 
329 62 99 217 127 37 
330 75 85 196 132 29 
331 65 79 193 109 28 
332 61 75 205 111 22 
333 66 66 216 101 23 
334 59 61 207 97 19 
335 48 53 202 89 18 
336 43 36 197 78 20 
337 40 33 165 70 17 
338 31 35 168 65 22 
339 31 36 168 58 23 
340 33 39 162 52 16 
341 28 34 152 49 14 
342 34 37 133 40 15 
343 31 36 125 40 15 
344 29 43 103 42 10 
345 24 44 101 39 4 
346 20 37 104 45 3 
347 18 32 99 41 1 
348 16 33 89 39 2 
349 22 34 75 36 2 
350 25 34 63 39 1 
351 27 27 65 38 3 
352 25 18 65 43 6 
353 23 19 64 39 6 
354 14 14 60 43 4 
355 20 8 65 46 3 
356 16 10 62 44 3 
357 15 11 65 33 1 
358 13 16 61 33 0 
359 11 19 64 32 0 
360 11 18 61 35 2 
361 12 19 54 31 2 
362 11 18 50 35 1 
363 13 20 61 35 0 
364 10 20 53 35 0 
365 8 18 44 36 0 
366 11 18 39 30 0 
367 9 16 40 26 0 
368 7 14 44 25 0 
369 10 11 34 16 1 
370 10 13 36 15 1 
371 9 13 33 15 1 
372 7 17 29 13 1 
373 5 18 26 10 1 
374 5 18 23 13 2 
375 5 22 20 11 3 
376 3 19 19 10 3 
377 5 18 14 13 3 
378 8 21 11 14 3 
379 6 21 13 13 5 
380 3 16 11 11 6 
381 2 11 8 15 5 
382 2 13 8 13 4 
383 1 12 8 12 4 
384 2 10 8 9 3 
385 3 12 12 7 3 
386 3 14 10 9 1 
387 2 9 9 12 0 
388 2 8 13 12 0 
389 2 7 12 12 0 
390 3 9 13 10 0 
391 2 10 13 10 0 
392 2 11 16 12 0 
393 1 7 15 11 0 
394 1 7 12 8 0 
395 2 7 9 6 1 
396 2 5 10 5 1 
397 1 5 7 3 1 
398 0 9 11 2 0 
399 0 10 8 3 0 
400 0 10 6 4 0 
401 0 11 5 2 0 
402 0 11 6 1 0 
403 0 7 8 1 0 
404 0 7 8 1 0 
405 0 6 9 3 0 
406 0 6 10 2 0 
407 0 7 13 1 0 
408 0 6 11 1 0 
409 0 7 12 0 0 
410 0 7 13 0 0 
411 0 7 14 0 0 
412 0 10 10 0 0 
413 1 10 8 0 0 
414 1 6 8 0 0 
415 0 5 10 0 0 
416 0 7 6 0 0 
417 0 6 5 0 0 
418 0 5 11 0 0 
419 0 9 12 0 0 
420 0 10 15 2 0 
421 0 6 11 1 0 
422 0 8 11 1 0 
423 1 5 10 1 0 
424 3 2 7 1 0 
425 3 1 8 1 0 
426 2 2 7 2 0 
427 2 4 7 3 0 
428 3 3 11 5 0 
429 4 2 9 4 0 
430 3 0 8 2 0 
431 2 1 5 2 0 
432 4 2 7 4 0 
433 4 1 9 3 0 
434 4 1 7 2 0 
435 3 0 5 2 0 
436 2 0 5 3 0 
437 1 0 4 6 0 
438 1 0 6 4 0 
439 1 0 4 2 0 
440 1 0 4 2 0 
441 0 1 4 2 0 
442 1 2 2 1 0 
443 2 4 2 2 0 
444 3 5 0 2 0 
445 2 6 0 1 0 
446 2 4 0 2 0 
447 2 2 0 1 0 
448 2 2 0 1 0 
449 2 2 0 1 0 
450 2 1 0 0 0 
451 1 1 0 0 0 
452 0 1 0 1 0 
453 0 1 0 1 0 
454 0 1 0 1 0 
455 0 1 0 1 0 
456 0 1 0 1 0 
457 0 1 0 0 0 
458 0 1 0 0 0 
459 0 1 0 0 0 
460 0 3 0 0 0 
461 0 3 0 0 0 
462 0 3 0 0 0 
463 0 3 0 0 0 
464 1 3 0 0 0 
465 0 4 1 0 0 
466 0 5 2 0 0 
467 0 5 1 0 0 
468 0 7 0 0 0 
469 0 7 0 0 0 
470 0 6 0 0 0 
471 0 4 0 0 0 
472 0 3 0 0 0 
473 0 1 0 0 0 
474 0 0 0 0 0 
