1 0 3 0 0 0 
2 0 6 0 0 0 
3 0 7 0 0 0 
4 0 2 0 0 0 
5 0 3 0 0 0 
6 0 9 0 0 0 
7 0 9 0 0 0 
8 0 8 0 0 0 
9 1 3 0 1 0 
10 0 6 0 0 0 
11 1 6 0 0 0 
12 0 8 1 0 0 
13 0 4 0 0 0 
14 0 7 1 0 0 
15 0 7 0 0 0 
16 3 10 1 0 0 
17 0 7 0 0 0 
18 1 13 1 0 0 
19 1 13 0 0 0 
20 0 14 1 0 0 
21 0 11 0 0 0 
22 2 19 0 0 0 
23 5 19 1 1 0 
24 1 19 0 3 0 
25 0 24 2 1 0 
26 1 26 1 5 0 
27 0 30 2 3 0 
28 0 23 1 2 0 
29 0 24 5 3 0 
30 0 26 1 3 0 
31 0 40 1 2 0 
32 4 42 2 4 0 
33 3 36 4 4 0 
34 3 50 3 5 0 
35 0 41 5 9 0 
36 8 47 7 0 0 
37 5 52 5 3 0 
38 8 48 3 3 0 
39 7 52 3 7 0 
40 8 48 5 11 0 
41 4 71 4 7 1 
42 5 72 2 10 2 
43 8 56 9 1 1 
44 3 68 7 3 1 
45 12 86 14 5 0 
46 16 59 13 12 5 
47 10 79 8 9 3 
48 15 62 9 13 0 
49 13 75 7 15 0 
50 14 70 9 13 1 
51 12 91 11 13 0 
52 8 79 25 12 0 
53 11 84 24 24 2 
54 14 90 14 23 0 
55 17 107 21 16 0 
56 14 94 15 24 2 
57 16 105 23 23 2 
58 11 105 13 21 2 
59 23 119 28 26 4 
60 10 120 23 24 1 
61 9 130 35 40 3 
62 13 165 35 34 2 
63 13 165 31 27 5 
64 27 161 38 29 6 
65 19 188 45 42 8 
66 20 175 52 39 7 
67 23 177 48 47 6 
68 14 182 51 49 4 
69 33 163 52 57 5 
70 22 214 53 54 7 
71 34 198 58 64 11 
72 34 213 77 55 11 
73 34 218 73 67 15 
74 35 231 59 75 16 
75 49 266 69 88 5 
76 43 274 75 109 5 
77 62 295 79 93 13 
78 58 305 91 132 12 
79 48 308 78 119 15 
80 49 344 98 117 13 
81 56 336 90 146 16 
82 57 368 96 139 12 
83 56 403 111 159 19 
84 59 408 101 155 21 
85 79 431 99 163 22 
86 64 455 129 172 28 
87 67 499 127 189 27 
88 84 478 141 221 21 
89 93 576 147 225 31 
90 86 597 177 235 24 
91 111 665 191 262 33 
92 114 678 181 288 36 
93 101 742 202 265 36 
94 149 736 193 327 50 
95 143 772 226 311 47 
96 139 798 211 332 46 
97 136 845 258 332 49 
98 132 914 301 386 48 
99 175 928 291 375 55 
100 176 971 308 385 61 
101 194 1051 336 424 55 
102 192 1127 359 437 69 
103 203 1122 365 474 57 
104 190 1227 418 470 59 
105 188 1251 444 550 76 
106 228 1263 410 560 81 
107 218 1346 488 631 87 
108 262 1406 511 637 88 
109 280 1491 509 711 100 
110 303 1555 570 758 112 
111 300 1525 609 767 116 
112 305 1643 643 785 118 
113 342 1681 709 851 123 
114 349 1714 748 892 128 
115 370 1811 810 950 130 
116 377 1942 876 995 150 
117 393 1881 864 1093 126 
118 395 1960 862 1154 136 
119 441 2053 945 1131 150 
120 421 2031 1061 1238 149 
121 478 2200 1097 1269 209 
122 498 2295 1114 1307 191 
123 486 2300 1187 1429 217 
124 550 2385 1363 1492 202 
125 542 2523 1343 1509 190 
126 622 2619 1387 1649 179 
127 586 2600 1455 1710 180 
128 606 2727 1571 1781 211 
129 645 2726 1553 1899 193 
130 670 2840 1685 1886 243 
131 656 2930 1752 1890 260 
132 784 2948 1817 2075 299 
133 756 3037 1878 2124 281 
134 808 3008 1961 2263 289 
135 793 3285 2113 2353 294 
136 822 3418 2145 2388 305 
137 874 3335 2234 2488 335 
138 848 3447 2465 2643 362 
139 897 3328 2427 2658 364 
140 901 3535 2628 2655 397 
141 905 3618 2622 2896 428 
142 976 3624 2792 2944 411 
143 1036 3637 2855 3099 478 
144 1009 3760 2883 3207 474 
145 1038 3741 3044 3347 473 
146 1100 3803 3177 3377 530 
147 1075 3828 3377 3536 559 
148 1076 3876 3413 3622 560 
149 1176 3822 3640 3695 597 
150 1284 3885 3620 3703 592 
151 1320 3815 3589 3848 582 
152 1241 3840 3786 3957 648 
153 1338 3841 4035 4057 598 
154 1321 3907 4070 4228 662 
155 1345 3855 4079 4287 733 
156 1363 3805 4174 4473 780 
157 1440 3747 4297 4560 821 
158 1461 3833 4351 4485 794 
159 1452 3780 4489 4625 804 
160 1447 3979 4582 4803 775 
161 1510 3853 4699 4812 800 
162 1578 3807 4678 4811 790 
163 1542 3705 4791 4908 810 
164 1574 3806 4869 4867 814 
165 1557 3757 5060 5036 838 
166 1713 3588 4947 5195 920 
167 1649 3652 5092 5126 876 
168 1638 3646 5139 5280 905 
169 1624 3517 5178 5203 867 
170 1671 3506 5272 5273 863 
171 1673 3445 5351 5213 887 
172 1678 3363 5374 5392 929 
173 1645 3232 5295 5431 925 
174 1690 3232 5469 5233 925 
175 1664 3214 5548 5205 942 
176 1643 3151 5535 5187 892 
177 1659 3084 5550 5151 912 
178 1608 3193 5292 5197 990 
179 1485 3068 5262 5037 962 
180 1610 3068 5341 4941 929 
181 1631 2876 5352 5002 972 
182 1561 2919 5222 4963 934 
183 1507 2833 5164 4971 990 
184 1494 2674 5245 4815 963 
185 1455 2607 5119 4821 925 
186 1551 2581 5060 4912 922 
187 1464 2510 4963 4754 890 
188 1483 2467 4788 4689 893 
189 1478 2398 4684 4695 837 
190 1399 2325 4758 4588 918 
191 1452 2212 4698 4634 905 
192 1383 2162 4584 4519 829 
193 1387 2104 4627 4451 910 
194 1340 2013 4525 4169 825 
195 1313 1938 4472 4253 796 
196 1359 1889 4190 4195 846 
197 1311 1824 4180 4097 812 
198 1294 1793 3978 3953 805 
199 1267 1691 3948 3902 808 
200 1159 1695 3995 3749 772 
201 1224 1720 3833 3679 781 
202 1176 1487 3756 3547 769 
203 1122 1528 3614 3498 719 
204 1088 1457 3517 3391 756 
205 1064 1429 3518 3217 715 
206 1068 1343 3322 3115 669 
207 999 1292 3304 3008 619 
208 951 1301 3235 2952 617 
209 931 1211 2973 2800 619 
210 970 1247 2974 2708 542 
211 928 1204 2830 2643 613 
212 886 1166 2793 2529 604 
213 858 1056 2647 2412 549 
214 855 1090 2552 2476 552 
215 796 1031 2428 2265 492 
216 823 1055 2354 2181 477 
217 800 984 2302 2053 435 
218 747 931 2175 2042 474 
219 693 888 2088 1966 464 
220 691 827 2023 1762 439 
221 650 838 2031 1722 407 
222 643 864 1928 1750 435 
223 626 842 1762 1669 374 
224 580 762 1728 1603 395 
225 607 792 1658 1546 362 
226 586 754 1563 1560 342 
227 517 757 1495 1482 374 
228 495 701 1502 1383 346 
229 492 698 1444 1416 301 
230 500 694 1378 1335 298 
231 443 595 1240 1326 252 
232 420 574 1197 1166 284 
233 409 630 1173 1157 296 
234 413 564 1085 1094 268 
235 432 536 1108 1027 268 
236 411 526 1076 1054 268 
237 369 475 1005 1025 240 
238 340 503 1001 1013 225 
239 325 465 928 924 217 
240 301 432 914 948 227 
241 284 390 921 911 221 
242 279 375 863 826 215 
243 265 371 912 774 211 
244 280 370 796 787 191 
245 273 364 796 739 193 
246 263 342 738 669 162 
247 232 334 657 684 187 
248 258 342 699 667 161 
249 224 295 644 630 165 
250 209 268 629 565 139 
251 203 243 590 556 153 
252 205 247 536 558 140 
253 227 268 552 523 126 
254 197 241 556 500 130 
255 181 217 515 481 138 
256 174 208 479 429 110 
257 168 177 446 426 142 
258 167 198 476 421 132 
259 164 162 464 440 128 
260 158 189 408 399 138 
261 156 196 413 355 101 
262 133 148 386 358 117 
263 158 160 376 343 121 
264 151 147 345 297 104 
265 140 135 372 335 86 
266 113 141 326 322 85 
267 124 130 308 252 91 
268 95 130 306 258 84 
269 97 119 288 277 74 
270 98 102 268 256 77 
271 99 118 278 248 71 
272 78 101 241 212 74 
273 86 101 204 221 55 
274 83 81 216 238 47 
275 82 84 244 206 53 
276 80 81 203 189 51 
277 81 65 187 184 58 
278 58 79 194 170 47 
279 77 65 193 148 44 
280 51 65 203 155 42 
281 57 67 193 156 48 
282 48 46 159 145 44 
283 46 69 134 126 35 
284 54 44 155 146 35 
285 34 59 178 138 34 
286 55 63 160 124 37 
287 46 53 154 110 39 
288 33 48 138 96 38 
289 46 51 130 86 33 
290 42 40 100 92 33 
291 28 37 97 100 27 
292 17 39 87 90 24 
293 24 36 98 70 28 
294 36 36 122 75 22 
295 34 29 102 58 29 
296 20 18 81 86 31 
297 39 29 92 73 26 
298 28 24 64 77 23 
299 24 31 67 67 17 
300 23 16 81 66 29 
301 19 22 56 58 33 
302 24 21 60 58 26 
303 23 13 57 54 24 
304 30 26 49 64 16 
305 22 25 60 66 22 
306 26 20 52 53 21 
307 26 15 51 55 15 
308 16 15 38 65 21 
309 16 14 33 29 19 
310 8 19 38 43 15 
311 18 14 33 34 22 
312 12 12 46 38 11 
313 7 11 36 35 8 
314 8 13 28 33 9 
315 7 16 44 39 6 
316 13 15 29 25 9 
317 8 6 32 38 6 
318 7 4 39 41 10 
319 17 11 35 30 8 
320 11 9 32 23 11 
321 9 16 25 26 7 
322 7 13 35 23 14 
323 7 15 22 42 4 
324 11 10 31 29 5 
325 7 9 22 23 5 
326 6 17 29 26 6 
327 9 8 27 22 5 
328 8 8 23 17 11 
329 9 5 30 20 6 
330 10 6 18 19 7 
331 14 5 19 10 3 
332 7 8 15 14 3 
333 14 5 16 19 4 
334 8 3 15 18 1 
335 11 3 14 12 9 
336 12 8 18 13 2 
337 8 8 7 13 5 
338 7 9 12 13 4 
339 8 5 13 17 7 
340 8 4 11 13 7 
341 4 7 16 5 6 
342 9 3 21 3 1 
343 10 5 16 2 0 
344 5 7 11 4 1 
345 5 6 17 7 0 
346 3 2 13 7 2 
347 6 2 9 6 2 
348 4 3 11 6 2 
349 8 5 10 4 1 
350 6 1 9 8 0 
351 6 2 10 6 0 
352 2 3 8 13 0 
353 6 2 16 10 0 
354 6 3 8 8 0 
355 3 3 12 6 0 
356 4 1 13 5 2 
357 5 0 11 3 0 
358 1 2 8 0 0 
359 1 3 5 5 0 
360 1 2 9 1 1 
361 1 3 6 4 0 
362 1 2 8 0 0 
363 1 2 3 8 0 
364 2 1 10 5 0 
365 1 1 10 4 0 
366 0 1 8 6 0 
367 0 1 7 4 0 
368 0 0 11 6 0 
369 0 0 7 6 0 
370 0 0 15 3 0 
371 1 2 7 0 0 
372 0 0 9 1 0 
373 2 0 6 0 0 
374 1 1 4 0 0 
375 0 1 1 2 0 
376 1 0 3 2 0 
377 0 0 3 0 0 
378 0 0 4 0 0 
379 0 0 1 0 0 
380 2 0 5 0 0 
381 0 0 0 0 0 
382 1 0 2 0 0 
383 0 0 4 1 0 
384 1 0 4 0 0 
385 1 0 4 0 0 
386 0 0 4 1 0 
387 0 0 4 2 0 
388 0 0 2 2 0 
389 1 0 0 0 0 
390 1 0 0 3 0 
391 0 0 1 2 0 
392 0 0 1 0 0 
393 0 0 1 0 1 
394 0 0 0 0 0 
395 0 0 0 1 0 
396 1 0 0 0 0 
397 0 0 0 2 0 
398 0 0 0 0 0 
399 0 0 0 0 0 
400 0 0 0 0 0 
401 0 0 1 0 0 
402 0 0 0 0 0 
403 0 0 0 0 0 
