1 0 2 0 0 0 
2 0 5 0 0 0 
3 0 11 0 0 0 
4 0 5 0 0 0 
5 0 2 0 0 0 
6 0 5 0 0 0 
7 1 5 0 1 0 
8 0 4 0 0 0 
9 0 2 0 0 0 
10 0 1 0 0 0 
11 0 4 0 0 0 
12 0 2 0 0 0 
13 0 3 0 0 0 
14 0 4 0 0 0 
15 0 1 0 0 0 
16 0 1 0 0 0 
17 0 1 0 0 0 
18 0 3 0 0 0 
19 0 1 0 0 0 
20 0 3 0 0 0 
21 0 1 0 0 0 
22 0 1 0 0 0 
23 0 8 0 0 0 
24 0 6 0 0 0 
25 0 7 0 0 0 
26 0 5 0 0 0 
27 0 6 0 0 0 
28 0 12 0 0 0 
29 0 7 2 0 0 
30 3 17 0 0 0 
31 0 19 0 0 0 
32 2 13 0 0 0 
33 2 18 0 0 0 
34 2 13 1 0 0 
35 2 10 0 0 0 
36 2 6 2 0 0 
37 0 19 1 0 1 
38 2 15 0 2 0 
39 0 15 0 0 0 
40 3 19 3 2 0 
41 1 20 3 0 0 
42 0 21 4 1 0 
43 1 19 2 1 0 
44 1 21 2 5 0 
45 0 21 0 11 0 
46 0 25 1 5 0 
47 2 28 0 9 1 
48 2 27 1 13 1 
49 4 32 1 8 0 
50 5 26 4 13 0 
51 2 24 2 10 0 
52 2 29 7 7 0 
53 0 31 4 8 0 
54 4 24 4 12 0 
55 5 33 4 15 0 
56 5 27 4 9 0 
57 3 25 2 14 0 
58 9 24 5 18 0 
59 5 28 9 17 1 
60 2 18 15 22 0 
61 7 43 10 15 2 
62 10 13 11 19 0 
63 8 34 10 20 0 
64 2 39 13 35 1 
65 11 47 15 24 0 
66 10 44 17 32 0 
67 6 60 17 38 0 
68 6 50 23 41 1 
69 10 70 13 32 0 
70 11 72 24 23 0 
71 5 79 18 26 0 
72 3 74 31 43 1 
73 9 67 26 26 0 
74 7 74 34 43 0 
75 10 78 40 45 1 
76 15 81 34 41 1 
77 13 103 41 51 2 
78 11 124 41 53 0 
79 18 114 54 48 0 
80 24 121 44 50 4 
81 18 137 48 43 3 
82 22 137 61 39 3 
83 28 139 56 58 2 
84 23 158 71 60 0 
85 29 163 60 60 1 
86 30 193 64 67 5 
87 31 202 67 80 0 
88 28 215 84 73 1 
89 30 227 82 86 4 
90 37 209 84 87 2 
91 35 238 70 97 11 
92 28 274 92 110 5 
93 49 285 88 95 7 
94 38 303 91 118 5 
95 56 302 92 122 13 
96 57 323 123 107 12 
97 56 356 108 127 13 
98 55 367 112 135 9 
99 47 378 136 123 14 
100 48 376 122 140 17 
101 70 383 134 154 14 
102 69 436 151 165 18 
103 68 470 163 165 14 
104 79 471 185 198 20 
105 69 490 165 209 14 
106 78 519 187 195 15 
107 93 497 194 231 32 
108 90 515 219 241 20 
109 96 499 266 235 25 
110 94 609 253 240 35 
111 100 605 249 232 23 
112 104 662 276 252 36 
113 129 621 276 279 45 
114 113 686 337 329 37 
115 132 731 331 328 36 
116 135 742 368 374 40 
117 154 764 409 380 52 
118 154 785 398 397 45 
119 175 903 428 413 55 
120 201 922 464 437 59 
121 187 951 457 457 64 
122 200 1015 475 468 62 
123 186 1074 486 480 66 
124 218 1110 518 535 71 
125 229 1152 573 589 63 
126 239 1195 613 592 75 
127 278 1266 630 634 56 
128 227 1261 723 683 65 
129 259 1260 713 779 94 
130 289 1374 780 781 88 
131 304 1374 821 741 90 
132 290 1371 782 768 97 
133 341 1506 888 915 81 
134 391 1557 877 913 92 
135 339 1681 940 969 101 
136 371 1774 1031 973 111 
137 397 1879 1067 1044 99 
138 435 1937 1126 1173 105 
139 405 2019 1216 1190 123 
140 465 1984 1275 1228 129 
141 507 2066 1282 1324 127 
142 520 2202 1319 1308 133 
143 510 2359 1409 1337 167 
144 540 2320 1503 1462 149 
145 599 2455 1559 1493 189 
146 577 2720 1555 1597 204 
147 632 2699 1665 1679 215 
148 640 2791 1713 1720 219 
149 676 2840 1836 1737 208 
150 711 2939 1955 1819 218 
151 748 2912 2017 2006 246 
152 756 2885 2133 1989 245 
153 744 3020 2162 2116 252 
154 850 2986 2130 2204 290 
155 788 3083 2388 2289 313 
156 875 3207 2496 2468 318 
157 919 3183 2629 2479 344 
158 917 3280 2777 2684 335 
159 971 3486 2757 2755 336 
160 913 3414 2868 2800 367 
161 962 3473 2914 2951 415 
162 1033 3487 3025 2957 427 
163 1037 3709 3154 3075 415 
164 1171 3701 3287 3266 451 
165 1166 3722 3334 3455 457 
166 1204 3749 3441 3494 481 
167 1173 3871 3544 3607 504 
168 1166 3962 3622 3762 524 
169 1304 3903 3729 3853 577 
170 1282 4059 3768 3957 526 
171 1320 3993 3800 3919 602 
172 1326 4077 3987 4129 555 
173 1308 4028 3933 4138 548 
174 1445 4104 4116 4145 575 
175 1475 4259 4115 4287 600 
176 1496 4141 4223 4430 571 
177 1464 4221 4221 4626 651 
178 1548 4243 4226 4801 647 
179 1565 4236 4441 4622 700 
180 1557 4207 4387 4827 705 
181 1622 4305 4529 4916 710 
182 1632 4156 4464 5041 728 
183 1567 4158 4784 5045 743 
184 1542 4122 4676 5049 808 
185 1610 3968 4879 5192 776 
186 1656 3996 4840 5269 800 
187 1638 3815 4807 5192 863 
188 1628 3877 4821 5142 921 
189 1588 3835 4922 5227 899 
190 1560 3688 4956 5345 889 
191 1629 3730 4977 5299 918 
192 1578 3639 4868 5318 904 
193 1648 3597 5000 5097 893 
194 1682 3467 5007 5192 982 
195 1676 3421 4985 5114 1002 
196 1653 3357 5004 5038 960 
197 1675 3254 5204 5171 972 
198 1631 3264 5010 5234 945 
199 1622 3081 5250 5061 987 
200 1581 2987 4926 5078 948 
201 1596 2983 5006 5122 948 
202 1685 2936 4890 5010 979 
203 1580 2869 4891 4936 1003 
204 1564 2777 4903 4912 1007 
205 1577 2688 4673 4989 1009 
206 1610 2692 4844 4848 1004 
207 1466 2604 4654 4765 1049 
208 1526 2510 4594 4608 998 
209 1495 2488 4659 4458 1034 
210 1493 2414 4545 4398 960 
211 1438 2366 4374 4413 1027 
212 1376 2299 4398 4309 982 
213 1477 2198 4318 4210 949 
214 1334 2018 4121 4118 930 
215 1328 2062 4151 4122 888 
216 1313 1976 4043 4029 905 
217 1302 1821 3848 3816 872 
218 1281 1818 3840 3743 874 
219 1236 1750 3829 3614 919 
220 1201 1731 3732 3586 855 
221 1118 1635 3658 3441 919 
222 1120 1596 3606 3396 813 
223 1145 1538 3353 3361 809 
224 1122 1507 3284 3296 748 
225 1099 1471 3196 3101 720 
226 1066 1370 3044 3027 701 
227 1026 1384 2943 3036 716 
228 1006 1302 2999 2839 686 
229 935 1255 2821 2822 654 
230 875 1274 2806 2711 651 
231 901 1186 2775 2475 628 
232 839 1180 2670 2511 627 
233 819 1178 2525 2428 625 
234 817 1067 2520 2393 586 
235 810 1094 2305 2268 574 
236 834 1032 2320 2269 535 
237 761 992 2244 2132 534 
238 706 945 2102 2021 524 
239 697 927 2076 1963 511 
240 680 876 1862 1844 454 
241 638 802 1956 1882 470 
242 600 803 1869 1818 428 
243 555 819 1769 1684 432 
244 564 782 1831 1671 401 
245 536 722 1718 1490 397 
246 524 674 1631 1496 392 
247 513 596 1564 1447 375 
248 504 626 1550 1404 345 
249 475 620 1432 1331 368 
250 433 558 1401 1368 342 
251 469 512 1347 1250 326 
252 464 493 1263 1187 312 
253 427 462 1244 1132 296 
254 397 415 1236 1171 291 
255 409 443 1170 1079 312 
256 337 453 1147 980 240 
257 376 425 1101 973 261 
258 324 436 1125 869 246 
259 357 358 994 929 225 
260 320 352 959 887 252 
261 276 369 936 823 211 
262 308 371 891 805 216 
263 295 327 851 730 205 
264 305 303 857 758 197 
265 257 280 900 707 223 
266 270 295 785 676 172 
267 277 221 813 657 197 
268 236 255 739 644 180 
269 226 219 668 623 157 
270 246 249 679 590 154 
271 209 217 636 535 146 
272 207 192 631 534 149 
273 194 215 664 535 136 
274 191 210 581 504 158 
275 194 213 560 508 111 
276 174 205 538 451 116 
277 167 170 524 442 94 
278 161 193 466 422 97 
279 154 165 480 393 103 
280 140 148 467 393 101 
281 135 151 444 354 111 
282 139 125 402 355 98 
283 119 145 388 339 90 
284 116 117 354 329 75 
285 103 128 329 327 77 
286 91 119 355 310 73 
287 94 114 323 280 52 
288 76 123 358 263 59 
289 76 117 300 258 58 
290 100 107 299 255 51 
291 106 98 275 261 45 
292 82 97 289 250 61 
293 71 103 275 243 51 
294 59 91 257 213 41 
295 58 77 240 243 40 
296 79 77 247 217 39 
297 69 65 234 203 26 
298 48 73 211 184 24 
299 53 51 200 202 35 
300 58 55 230 183 21 
301 37 52 180 194 30 
302 48 51 180 205 35 
303 50 49 166 165 22 
304 52 53 175 160 25 
305 52 56 173 150 32 
306 46 55 157 166 24 
307 52 44 166 150 18 
308 57 45 143 136 26 
309 41 51 119 127 21 
310 39 39 137 130 30 
311 40 39 126 113 23 
312 47 40 130 125 21 
313 35 35 112 119 23 
314 32 31 101 118 18 
315 36 31 109 96 24 
316 44 27 102 90 28 
317 35 27 103 83 19 
318 31 28 93 76 23 
319 26 22 84 74 25 
320 35 18 101 75 15 
321 36 19 100 83 17 
322 28 23 70 90 16 
323 19 19 79 59 23 
324 21 15 67 85 19 
325 9 20 65 72 13 
326 15 25 65 53 10 
327 16 30 63 58 6 
328 15 35 69 50 10 
329 7 29 79 47 16 
330 11 30 58 45 15 
331 13 18 48 41 11 
332 18 29 52 46 8 
333 15 30 51 41 12 
334 19 13 53 68 8 
335 18 25 47 41 10 
336 21 29 36 40 8 
337 12 19 37 31 7 
338 20 18 39 30 10 
339 15 14 39 19 8 
340 14 15 36 35 4 
341 14 15 43 31 5 
342 11 10 35 30 5 
343 13 17 36 32 2 
344 10 19 29 25 7 
345 15 29 35 30 1 
346 6 17 40 31 4 
347 6 11 35 28 3 
348 7 14 33 27 5 
349 2 15 23 26 4 
350 5 23 22 21 2 
351 6 15 18 16 4 
352 11 12 16 22 3 
353 7 14 21 19 0 
354 7 16 24 15 1 
355 7 10 20 15 0 
356 8 11 14 12 1 
357 9 10 22 9 2 
358 7 14 23 11 1 
359 9 15 14 15 1 
360 8 13 17 11 2 
361 10 7 21 9 1 
362 4 6 16 8 1 
363 2 12 17 13 0 
364 3 7 13 10 1 
365 3 7 14 11 0 
366 3 11 13 8 1 
367 2 8 8 12 3 
368 2 1 15 10 1 
369 3 4 18 10 1 
370 6 3 15 9 0 
371 1 2 15 10 1 
372 7 7 10 5 1 
373 2 7 10 4 2 
374 1 2 19 8 2 
375 1 4 16 6 3 
376 1 4 8 5 2 
377 1 5 15 5 6 
378 0 3 10 13 2 
379 0 1 3 4 4 
380 3 3 13 6 1 
381 1 5 14 13 1 
382 2 0 9 8 1 
383 1 2 5 7 0 
384 0 0 7 6 0 
385 2 4 9 8 0 
386 0 3 6 4 0 
387 0 2 6 3 2 
388 3 3 5 2 1 
389 1 4 7 4 1 
390 0 1 13 3 1 
391 0 0 3 3 1 
392 0 2 11 1 2 
393 0 0 11 1 2 
394 0 0 10 3 0 
395 0 0 4 3 0 
396 0 0 3 5 0 
397 0 0 4 9 0 
398 0 0 3 4 0 
399 0 0 2 3 0 
400 0 0 0 6 0 
401 0 0 1 3 1 
402 0 0 0 2 0 
403 0 0 2 3 1 
404 0 0 0 3 1 
405 0 0 0 0 0 
406 0 0 1 4 0 
407 1 0 0 0 0 
408 0 0 0 0 0 
409 0 0 1 0 0 
410 0 0 0 0 0 
411 0 0 0 0 0 
412 0 0 0 0 0 
