1 0 5 0 0 0 
2 0 2 0 0 0 
3 0 6 0 0 0 
4 1 6 0 0 0 
5 0 7 0 0 0 
6 0 12 0 0 0 
7 0 13 0 0 0 
8 1 10 0 0 0 
9 0 6 0 0 0 
10 0 13 1 0 0 
11 2 7 0 0 0 
12 0 11 0 0 0 
13 0 9 2 0 0 
14 0 16 3 0 0 
15 2 18 2 2 0 
16 0 20 2 0 0 
17 2 8 2 0 0 
18 4 13 2 0 0 
19 5 8 5 0 0 
20 5 10 7 0 0 
21 1 11 5 0 1 
22 5 10 7 0 0 
23 1 13 5 0 1 
24 4 5 1 2 0 
25 2 10 6 0 0 
26 5 10 3 0 0 
27 3 15 4 1 0 
28 2 13 3 2 0 
29 1 16 2 3 0 
30 4 23 3 1 0 
31 3 13 7 2 0 
32 11 18 4 0 1 
33 5 16 5 3 0 
34 5 27 1 4 1 
35 0 16 1 7 0 
36 4 14 6 3 0 
37 1 15 6 5 0 
38 4 19 15 12 0 
39 5 24 5 15 0 
40 3 32 6 12 1 
41 5 20 8 10 0 
42 4 38 6 11 0 
43 5 36 7 16 0 
44 3 35 7 15 0 
45 2 38 7 21 1 
46 7 60 6 13 0 
47 0 55 4 17 2 
48 8 45 8 13 0 
49 5 49 4 30 0 
50 10 47 6 12 1 
51 13 48 10 23 0 
52 9 40 17 20 0 
53 16 34 14 25 0 
54 17 50 12 20 0 
55 11 62 4 18 0 
56 12 66 13 19 0 
57 7 72 19 19 0 
58 17 75 10 24 2 
59 11 81 18 16 1 
60 17 86 15 21 1 
61 6 73 14 21 0 
62 9 83 21 23 5 
63 12 84 20 21 4 
64 19 88 20 33 3 
65 8 95 27 31 2 
66 8 92 26 24 8 
67 22 100 33 19 7 
68 19 101 31 26 12 
69 8 112 29 20 7 
70 15 117 32 36 11 
71 18 139 31 31 9 
72 20 118 40 30 5 
73 17 135 36 34 8 
74 19 139 39 32 7 
75 18 128 47 28 9 
76 13 140 41 26 4 
77 17 148 47 39 8 
78 13 159 45 40 4 
79 21 191 53 38 6 
80 23 175 62 52 5 
81 22 197 62 39 6 
82 30 195 62 44 8 
83 29 193 60 55 12 
84 33 228 76 62 7 
85 41 257 78 55 7 
86 47 218 92 84 7 
87 53 263 84 76 10 
88 42 314 88 71 13 
89 38 291 92 97 9 
90 53 328 112 110 21 
91 61 340 114 105 14 
92 66 372 116 114 12 
93 62 376 111 108 21 
94 61 422 102 154 16 
95 78 408 121 163 23 
96 76 389 126 165 14 
97 64 458 140 165 20 
98 68 479 139 183 36 
99 72 481 165 166 30 
100 82 570 158 197 21 
101 92 552 181 221 18 
102 88 617 187 227 25 
103 81 620 195 222 18 
104 111 708 199 249 21 
105 97 656 211 277 31 
106 131 710 220 320 24 
107 114 728 228 312 29 
108 134 786 257 335 33 
109 153 844 284 328 36 
110 159 840 301 364 42 
111 169 935 290 373 33 
112 173 941 377 415 47 
113 173 993 370 431 62 
114 199 973 391 442 52 
115 179 1090 403 460 62 
116 207 1076 449 544 63 
117 199 1131 459 558 74 
118 219 1215 434 525 79 
119 228 1301 494 604 90 
120 240 1332 517 645 78 
121 242 1440 554 625 101 
122 291 1494 658 691 117 
123 278 1452 659 785 115 
124 323 1591 697 807 97 
125 304 1581 690 847 119 
126 331 1656 823 871 135 
127 374 1719 791 972 121 
128 337 1843 764 950 134 
129 357 1906 852 1071 158 
130 388 1909 919 1064 152 
131 386 1950 948 1155 179 
132 419 2100 1047 1097 192 
133 460 2109 1107 1232 216 
134 472 2211 1186 1279 219 
135 510 2216 1237 1341 220 
136 525 2343 1250 1368 241 
137 548 2457 1368 1450 238 
138 551 2555 1445 1510 251 
139 598 2532 1421 1674 255 
140 621 2570 1582 1631 286 
141 609 2677 1658 1715 329 
142 647 2687 1670 1810 348 
143 691 2690 1726 1825 321 
144 671 2825 1764 2036 334 
145 701 2977 1991 2122 364 
146 753 3065 2006 2148 373 
147 752 3078 2056 2257 346 
148 813 3055 2122 2312 405 
149 901 3155 2177 2468 411 
150 890 3310 2265 2562 467 
151 891 3365 2332 2688 497 
152 987 3469 2479 2782 472 
153 948 3414 2653 2906 484 
154 968 3591 2609 3003 506 
155 1096 3582 2810 3075 538 
156 1110 3598 2933 3165 554 
157 1150 3649 3072 3426 542 
158 1111 3676 3160 3465 560 
159 1215 3818 3222 3681 602 
160 1157 3940 3347 3819 661 
161 1276 3907 3381 3845 619 
162 1309 3941 3459 4038 717 
163 1332 3947 3646 4107 729 
164 1375 3949 3678 4161 662 
165 1347 3986 3851 4234 731 
166 1380 4079 3980 4380 765 
167 1440 4110 4195 4494 807 
168 1490 4135 4132 4589 781 
169 1463 4051 4414 4658 814 
170 1495 3927 4381 4728 830 
171 1569 4107 4463 4895 897 
172 1566 3814 4659 4822 846 
173 1633 3951 4709 4875 891 
174 1544 3947 4782 5016 886 
175 1673 3934 4826 5043 936 
176 1691 3986 4887 5110 969 
177 1697 3923 4982 5081 895 
178 1659 3879 5036 5158 919 
179 1683 3871 5233 5092 988 
180 1772 3672 5086 5195 923 
181 1736 3758 5172 5339 973 
182 1729 3661 5271 5332 961 
183 1743 3623 5129 5356 964 
184 1660 3634 5327 5289 988 
185 1766 3449 5264 5350 1043 
186 1689 3321 5247 5288 957 
187 1670 3360 5310 5261 997 
188 1764 3216 5353 5341 993 
189 1693 3212 5321 5277 1000 
190 1667 3120 5274 5354 970 
191 1637 3136 5171 5218 980 
192 1667 3084 5172 5155 1013 
193 1647 2991 5138 5124 994 
194 1608 2905 5231 5152 961 
195 1622 2841 5153 4963 999 
196 1587 2848 5002 4953 975 
197 1582 2674 5133 4816 936 
198 1538 2687 4976 4781 903 
199 1521 2669 4942 4903 944 
200 1501 2630 4895 4614 915 
201 1535 2495 4882 4710 927 
202 1477 2458 4835 4712 833 
203 1466 2312 4733 4478 858 
204 1465 2275 4508 4471 891 
205 1436 2301 4427 4432 876 
206 1390 2183 4360 4339 928 
207 1313 2188 4299 4227 835 
208 1425 2136 4314 4091 844 
209 1282 2127 4252 3934 866 
210 1340 2060 4114 3751 802 
211 1267 1875 4034 3709 788 
212 1252 1946 4070 3639 764 
213 1209 1871 3956 3695 773 
214 1129 1744 3791 3488 754 
215 1125 1667 3770 3495 704 
216 1078 1590 3591 3353 730 
217 1067 1564 3596 3229 695 
218 1099 1545 3534 3086 628 
219 1043 1505 3404 2961 687 
220 1009 1505 3281 2837 655 
221 995 1337 3174 2782 628 
222 1007 1328 3156 2707 595 
223 937 1304 3058 2648 601 
224 924 1197 2856 2598 598 
225 901 1163 2922 2592 611 
226 841 1087 2783 2458 641 
227 840 1116 2732 2347 596 
228 823 1076 2583 2298 527 
229 792 1032 2587 2232 578 
230 783 968 2428 2144 512 
231 771 901 2430 2000 503 
232 677 910 2194 1933 491 
233 690 857 2173 1966 472 
234 708 847 2115 1822 443 
235 639 762 2019 1874 421 
236 604 774 1994 1714 394 
237 591 726 1929 1684 416 
238 549 705 1909 1687 378 
239 535 661 1823 1635 334 
240 511 670 1730 1508 352 
241 533 621 1707 1454 305 
242 505 591 1670 1438 327 
243 526 577 1581 1285 308 
244 437 576 1547 1361 303 
245 445 541 1490 1282 302 
246 444 498 1491 1258 258 
247 429 495 1404 1156 249 
248 393 430 1357 1116 264 
249 373 470 1291 948 237 
250 346 475 1176 991 232 
251 376 398 1113 991 216 
252 326 382 1064 940 213 
253 314 419 1080 891 208 
254 317 393 963 870 155 
255 266 347 966 878 182 
256 328 360 904 776 185 
257 257 317 850 753 189 
258 269 318 855 735 149 
259 264 297 773 674 148 
260 267 298 757 675 132 
261 231 267 766 641 132 
262 253 273 690 642 137 
263 207 276 702 589 124 
264 230 253 655 586 129 
265 179 266 625 537 136 
266 198 215 608 556 111 
267 178 207 632 465 107 
268 183 188 538 469 111 
269 172 194 568 499 105 
270 145 182 487 438 96 
271 150 141 467 404 92 
272 130 167 459 380 88 
273 131 144 412 379 108 
274 113 121 463 377 91 
275 137 148 420 332 88 
276 123 143 431 324 85 
277 103 141 380 316 65 
278 129 111 323 286 80 
279 120 101 310 253 60 
280 114 111 336 251 66 
281 100 119 323 216 56 
282 130 108 315 251 46 
283 109 91 297 207 41 
284 110 90 314 208 51 
285 83 90 299 210 40 
286 90 72 265 194 41 
287 89 81 281 177 40 
288 88 76 267 174 37 
289 84 75 240 163 43 
290 76 73 260 158 42 
291 87 78 241 158 27 
292 92 85 205 155 34 
293 93 76 213 121 31 
294 80 72 211 119 22 
295 61 63 177 127 29 
296 59 63 179 112 32 
297 52 51 180 117 29 
298 54 57 150 103 21 
299 51 51 141 125 28 
300 43 47 143 121 15 
301 42 37 137 88 19 
302 42 34 125 102 17 
303 36 44 124 87 11 
304 38 36 114 72 11 
305 28 24 113 82 7 
306 29 29 124 74 10 
307 40 37 117 93 14 
308 22 41 111 83 17 
309 27 31 109 76 8 
310 20 23 97 65 14 
311 28 32 108 64 9 
312 35 29 78 69 12 
313 33 24 74 59 9 
314 27 32 73 44 11 
315 18 20 75 44 17 
316 22 22 75 50 10 
317 24 14 62 57 13 
318 26 22 66 53 13 
319 22 19 58 52 13 
320 32 8 61 50 6 
321 22 15 52 45 7 
322 17 16 56 54 6 
323 17 15 50 41 4 
324 15 13 48 44 7 
325 13 10 30 49 8 
326 4 16 47 32 5 
327 11 14 38 38 4 
328 9 17 28 32 4 
329 8 14 30 32 7 
330 9 11 34 25 1 
331 5 9 20 27 5 
332 10 9 20 20 6 
333 4 11 27 23 4 
334 8 12 14 33 2 
335 9 8 32 26 7 
336 7 11 28 20 3 
337 7 4 35 9 3 
338 8 6 28 15 1 
339 11 15 25 16 3 
340 5 13 15 17 2 
341 5 12 21 19 1 
342 6 11 27 17 4 
343 6 7 18 13 1 
344 5 4 24 14 1 
345 2 3 13 16 2 
346 1 4 20 9 0 
347 1 2 13 8 3 
348 3 6 18 10 3 
349 5 5 15 15 0 
350 5 8 13 6 0 
351 6 9 17 11 0 
352 8 3 20 14 1 
353 4 5 22 10 1 
354 5 3 12 5 3 
355 3 1 7 10 1 
356 6 4 12 11 0 
357 5 5 16 8 0 
358 8 3 9 8 0 
359 7 2 8 13 0 
360 2 4 12 9 0 
361 0 1 15 6 0 
362 3 3 10 11 1 
363 1 4 7 9 0 
364 2 3 8 9 0 
365 4 2 5 11 0 
366 1 6 5 8 2 
367 5 5 5 2 2 
368 3 5 6 5 1 
369 2 2 2 5 3 
370 3 5 4 7 2 
371 0 7 6 4 1 
372 1 3 4 7 1 
373 0 2 3 8 0 
374 1 3 2 4 0 
375 0 1 2 5 1 
376 1 1 0 6 1 
377 0 2 1 3 0 
378 0 2 1 1 2 
379 0 2 0 4 2 
380 0 1 4 5 0 
381 1 4 0 4 0 
382 1 0 0 1 1 
383 0 3 0 1 0 
384 1 2 1 2 0 
385 0 1 0 8 0 
386 0 7 0 6 0 
387 0 3 0 4 0 
388 0 6 0 5 0 
389 0 2 0 1 0 
390 0 0 0 4 0 
391 0 1 0 6 0 
392 1 1 1 2 0 
393 0 1 2 3 0 
394 0 4 0 4 0 
395 3 2 0 1 0 
396 0 1 2 2 0 
397 0 2 2 1 0 
398 0 1 1 2 0 
399 0 2 0 1 0 
400 0 1 1 0 0 
401 0 3 0 0 0 
402 0 2 0 0 0 
403 0 1 0 1 0 
404 2 3 0 1 0 
405 1 2 0 0 0 
406 1 0 0 0 0 
407 1 0 2 0 0 
408 0 1 0 0 0 
409 0 1 0 0 0 
410 0 0 0 0 0 
411 0 1 0 0 0 
412 0 0 0 0 0 
413 0 0 0 0 0 
414 0 3 0 0 0 
415 0 2 0 0 0 
416 0 0 0 0 0 
417 0 0 0 0 0 
418 0 1 0 0 0 
419 0 1 0 0 0 
420 0 0 0 0 0 
421 0 1 0 0 0 
422 0 0 0 0 0 
423 0 1 0 0 0 
424 0 0 0 0 0 
425 0 0 0 0 0 
426 0 1 0 0 0 
427 0 1 0 0 0 
428 0 2 0 0 0 
429 0 0 0 0 0 
430 0 0 0 0 0 
431 0 0 0 0 0 
432 0 0 0 0 0 
