1 0 2 0 0 0 
2 0 2 0 0 0 
3 0 4 0 0 0 
4 0 1 0 0 0 
5 0 2 0 0 0 
6 0 5 0 0 0 
7 0 2 0 0 0 
8 0 2 3 0 0 
9 0 3 1 0 0 
10 1 2 1 0 0 
11 1 4 0 0 0 
12 2 2 0 1 0 
13 1 3 0 1 0 
14 1 1 0 0 0 
15 1 2 0 0 0 
16 4 5 0 0 0 
17 0 6 0 0 0 
18 2 7 0 0 0 
19 2 8 0 0 0 
20 2 7 1 1 0 
21 4 13 1 0 0 
22 0 8 1 4 0 
23 0 11 1 1 0 
24 0 12 4 3 0 
25 1 13 2 3 0 
26 1 10 4 3 0 
27 2 5 1 7 0 
28 1 12 7 6 2 
29 2 11 10 0 1 
30 2 8 9 4 1 
31 6 3 5 8 0 
32 2 6 5 15 0 
33 1 5 10 7 0 
34 4 5 11 9 0 
35 7 4 9 5 0 
36 3 7 7 8 0 
37 5 8 9 8 0 
38 4 8 15 10 0 
39 2 10 11 8 0 
40 4 7 14 8 0 
41 9 11 11 16 0 
42 10 8 11 15 0 
43 4 9 19 14 1 
44 10 12 11 15 1 
45 7 18 19 14 0 
46 3 12 16 14 0 
47 8 20 7 17 0 
48 4 12 19 22 0 
49 7 24 22 21 0 
50 10 11 22 13 0 
51 4 14 12 16 1 
52 4 24 16 12 2 
53 4 22 22 19 2 
54 8 26 19 22 1 
55 11 24 20 20 3 
56 11 38 22 29 0 
57 10 37 18 12 2 
58 7 46 24 23 0 
59 9 41 31 30 3 
60 8 40 31 30 1 
61 14 47 25 24 1 
62 13 45 20 30 4 
63 14 41 34 46 5 
64 16 37 34 38 1 
65 26 41 28 41 2 
66 9 43 33 53 3 
67 17 59 29 38 4 
68 18 64 32 46 5 
69 22 68 38 48 4 
70 21 80 42 49 9 
71 16 74 32 56 7 
72 23 75 50 61 14 
73 13 86 60 40 16 
74 24 94 63 64 18 
75 27 92 62 55 11 
76 26 100 60 53 14 
77 24 88 76 60 15 
78 30 101 68 58 18 
79 21 97 81 79 14 
80 21 128 75 76 10 
81 31 113 80 79 17 
82 30 128 90 72 21 
83 31 123 85 78 24 
84 31 149 106 94 29 
85 31 161 97 128 24 
86 36 187 93 115 28 
87 42 172 93 107 29 
88 41 197 95 121 32 
89 34 204 130 95 47 
90 45 203 135 111 33 
91 49 238 134 125 35 
92 61 220 161 111 35 
93 57 249 175 132 41 
94 50 231 189 118 42 
95 66 269 193 138 52 
96 70 263 185 141 43 
97 71 316 187 174 50 
98 62 324 187 185 39 
99 71 343 190 209 39 
100 80 365 203 212 47 
101 84 347 221 232 55 
102 80 419 216 246 57 
103 78 477 233 256 72 
104 104 461 269 242 73 
105 96 543 256 310 76 
106 113 555 286 306 82 
107 109 564 299 351 78 
108 136 639 316 331 75 
109 106 629 296 359 109 
110 111 674 335 394 105 
111 132 685 308 446 100 
112 158 701 391 467 99 
113 178 795 383 432 109 
114 192 787 399 487 112 
115 209 852 441 562 108 
116 235 888 480 602 96 
117 240 939 542 583 116 
118 222 1009 527 619 109 
119 239 1030 575 681 122 
120 263 1113 602 719 148 
121 260 1107 589 773 139 
122 269 1128 622 826 140 
123 289 1189 645 873 144 
124 298 1254 682 915 140 
125 338 1327 756 975 155 
126 368 1385 802 982 168 
127 351 1450 850 1029 161 
128 371 1518 867 1062 187 
129 398 1548 873 1165 174 
130 387 1585 899 1182 195 
131 396 1667 985 1229 171 
132 417 1812 1032 1258 220 
133 447 1881 1130 1312 222 
134 447 1990 1189 1400 201 
135 475 1961 1183 1482 235 
136 439 1995 1324 1463 189 
137 492 2095 1329 1634 205 
138 478 2200 1425 1643 254 
139 551 2204 1508 1702 271 
140 528 2331 1591 1823 274 
141 575 2444 1594 1932 268 
142 593 2378 1738 1983 277 
143 623 2503 1820 2022 307 
144 657 2793 1840 2114 318 
145 646 2732 1977 2259 342 
146 677 2771 2017 2148 321 
147 726 2848 2124 2397 343 
148 805 2997 2268 2448 407 
149 803 3131 2269 2554 368 
150 903 3159 2329 2602 385 
151 881 3283 2529 2763 464 
152 984 3318 2544 2742 463 
153 989 3521 2722 2933 457 
154 1013 3638 2732 3048 441 
155 1022 3696 2822 3063 487 
156 1060 3702 2917 3273 484 
157 1010 3826 3113 3314 514 
158 1125 3779 3139 3461 521 
159 1246 3955 3304 3480 558 
160 1208 4058 3425 3582 580 
161 1208 4121 3463 3752 596 
162 1228 4193 3642 3652 582 
163 1202 4076 3736 3838 637 
164 1273 4127 3758 4063 612 
165 1270 4113 3989 4103 648 
166 1322 4312 4066 4204 636 
167 1445 4206 4196 4336 695 
168 1428 4323 4318 4333 704 
169 1475 4196 4364 4349 756 
170 1485 4161 4529 4484 718 
171 1518 4235 4428 4649 741 
172 1529 4239 4659 4750 718 
173 1596 4243 4688 4760 778 
174 1648 4230 4712 4825 818 
175 1526 4221 5040 4973 851 
176 1619 4114 4906 5044 846 
177 1686 4192 4940 4981 878 
178 1677 4105 4946 5007 918 
179 1741 4107 4929 4950 934 
180 1661 3975 5006 5096 924 
181 1701 3938 5041 5111 947 
182 1674 3937 4893 5033 898 
183 1661 3764 5198 5091 888 
184 1712 3887 5121 5124 996 
185 1724 3681 4950 5067 930 
186 1726 3528 5005 5166 964 
187 1660 3723 5170 5184 955 
188 1671 3545 5025 5111 938 
189 1667 3570 5206 5072 998 
190 1653 3456 5032 4984 955 
191 1612 3503 5095 4917 965 
192 1639 3417 5150 5065 965 
193 1658 3307 5129 4916 930 
194 1587 3270 5016 5015 930 
195 1653 3174 4952 4980 965 
196 1644 3093 5009 4915 948 
197 1683 3083 5022 4956 947 
198 1647 3017 4891 4871 936 
199 1580 2979 4914 4778 883 
200 1537 2830 4935 4727 929 
201 1491 2774 4709 4751 877 
202 1467 2723 4589 4686 928 
203 1474 2529 4688 4589 851 
204 1484 2539 4574 4516 888 
205 1416 2428 4417 4351 841 
206 1321 2310 4409 4252 815 
207 1378 2292 4472 4237 817 
208 1385 2182 4128 4089 774 
209 1373 2140 4230 3966 804 
210 1237 2071 4064 3887 725 
211 1239 2038 4018 3843 801 
212 1171 1924 3901 3710 789 
213 1276 1911 3748 3562 776 
214 1174 1905 3725 3588 816 
215 1136 1854 3496 3430 729 
216 1086 1755 3472 3298 764 
217 1110 1722 3363 3206 696 
218 1058 1642 3251 3210 670 
219 1025 1637 3193 3021 694 
220 1008 1511 3173 2959 701 
221 984 1482 2961 2759 652 
222 999 1396 2993 2779 631 
223 943 1329 2959 2691 650 
224 907 1262 2759 2571 633 
225 892 1181 2803 2521 625 
226 854 1094 2642 2406 567 
227 828 1144 2563 2450 545 
228 781 1083 2531 2352 555 
229 747 983 2394 2195 510 
230 747 990 2346 2066 493 
231 707 917 2296 2063 419 
232 741 877 2254 2038 461 
233 688 849 2071 1958 428 
234 638 829 2032 1835 429 
235 656 838 2029 1816 390 
236 638 809 1908 1688 417 
237 582 703 1800 1712 404 
238 563 691 1794 1605 368 
239 548 680 1700 1556 364 
240 492 695 1638 1408 386 
241 521 630 1575 1463 331 
242 460 638 1550 1354 337 
243 448 627 1389 1269 291 
244 433 544 1374 1208 264 
245 394 542 1304 1140 264 
246 376 533 1285 1145 260 
247 369 493 1315 1077 295 
248 391 476 1156 1080 242 
249 395 475 1168 1037 227 
250 374 415 1127 932 267 
251 317 478 1039 942 194 
252 328 466 1034 890 186 
253 294 414 967 842 169 
254 294 409 925 797 174 
255 257 375 883 759 182 
256 247 354 912 786 155 
257 280 344 840 822 167 
258 282 343 841 699 157 
259 263 307 812 643 134 
260 224 316 713 631 129 
261 231 305 720 600 154 
262 205 261 670 600 116 
263 206 268 638 571 156 
264 178 246 660 575 134 
265 200 274 603 498 130 
266 173 242 537 494 117 
267 167 235 555 504 105 
268 161 220 530 459 110 
269 146 204 461 418 113 
270 171 194 488 395 113 
271 141 201 448 426 96 
272 143 202 429 376 94 
273 134 213 439 374 105 
274 150 167 412 366 92 
275 113 153 395 391 70 
276 124 172 358 325 58 
277 100 145 355 323 73 
278 114 127 345 327 56 
279 114 152 318 294 57 
280 93 124 331 268 58 
281 96 120 304 235 55 
282 99 136 287 279 57 
283 85 138 316 251 61 
284 84 123 293 245 44 
285 95 127 265 215 42 
286 89 101 238 225 47 
287 61 99 237 199 40 
288 70 99 240 210 44 
289 58 102 249 170 40 
290 75 89 269 164 42 
291 65 82 220 185 27 
292 55 107 205 167 23 
293 50 84 208 165 37 
294 45 82 167 148 36 
295 45 71 195 128 41 
296 44 69 156 146 47 
297 52 71 167 137 35 
298 38 67 150 116 36 
299 49 66 153 113 33 
300 26 62 127 101 23 
301 31 58 110 96 28 
302 25 55 129 100 17 
303 31 59 138 82 20 
304 33 58 121 105 24 
305 36 54 114 77 16 
306 28 51 127 94 22 
307 24 37 105 85 31 
308 28 47 103 74 16 
309 34 47 100 71 24 
310 21 47 92 71 18 
311 27 42 77 60 22 
312 16 30 64 59 26 
313 26 18 84 50 28 
314 26 30 74 41 21 
315 27 20 73 47 13 
316 21 43 66 52 7 
317 18 31 54 39 17 
318 14 36 72 34 15 
319 25 30 66 40 16 
320 9 33 54 46 18 
321 13 37 49 39 14 
322 17 29 50 34 8 
323 14 15 51 34 8 
324 14 28 60 44 18 
325 13 16 48 41 14 
326 12 15 51 35 24 
327 12 14 51 39 13 
328 14 18 56 35 16 
329 10 16 47 41 14 
330 6 16 41 41 17 
331 6 22 46 43 10 
332 4 12 47 33 15 
333 12 13 37 39 9 
334 9 14 34 36 4 
335 10 10 38 30 7 
336 15 13 45 33 9 
337 4 15 28 52 11 
338 8 8 25 38 8 
339 10 10 28 39 12 
340 6 10 30 48 9 
341 7 4 41 34 6 
342 4 9 25 30 7 
343 8 7 27 36 3 
344 6 7 24 32 3 
345 6 7 27 22 13 
346 2 7 17 22 6 
347 1 5 23 22 6 
348 3 12 30 21 8 
349 2 16 18 32 8 
350 6 6 23 23 1 
351 2 7 24 15 3 
352 3 12 26 22 3 
353 5 8 18 25 4 
354 6 10 24 27 4 
355 8 7 16 12 1 
356 6 11 17 22 3 
357 1 9 12 13 1 
358 6 7 12 13 2 
359 4 10 13 7 1 
360 8 6 10 11 0 
361 4 5 4 21 0 
362 2 4 12 15 0 
363 2 2 5 13 0 
364 1 6 9 9 0 
365 1 6 12 8 0 
366 5 7 11 6 0 
367 2 4 14 9 1 
368 4 6 6 8 0 
369 2 4 7 5 0 
370 3 4 10 3 1 
371 1 7 18 5 0 
372 2 6 9 9 0 
373 3 5 9 5 0 
374 2 4 6 10 1 
375 2 1 5 6 1 
376 0 0 10 3 1 
377 1 2 7 7 0 
378 3 1 7 2 0 
379 3 5 4 2 0 
380 3 6 9 2 0 
381 2 5 8 1 0 
382 0 3 5 0 0 
383 2 1 6 0 0 
384 0 2 2 0 0 
385 2 0 2 2 0 
386 0 0 4 0 0 
387 0 0 3 0 0 
388 0 0 1 0 0 
389 0 0 4 0 0 
390 1 0 1 0 0 
391 1 0 2 0 0 
392 0 0 4 0 0 
393 0 0 3 0 0 
394 0 0 0 0 0 
395 0 0 3 0 0 
396 0 0 1 0 0 
397 0 0 1 0 0 
398 0 0 2 0 0 
399 0 0 0 0 0 
400 0 0 2 0 0 
401 0 0 1 0 0 
402 0 0 1 2 0 
403 0 0 0 0 0 
404 1 0 1 0 0 
405 1 0 0 0 0 
406 1 0 0 0 0 
407 2 0 0 2 0 
408 1 0 0 0 0 
409 2 0 0 0 0 
410 1 0 0 0 0 
411 1 0 0 0 0 
412 2 0 1 0 0 
413 0 0 1 0 0 
414 0 0 0 1 0 
415 1 0 0 0 0 
416 0 0 0 0 0 
417 0 0 0 0 0 
418 0 0 0 0 0 
419 0 0 0 0 0 
