1 0 8 0 0 0 
2 0 9 0 0 0 
3 0 11 0 0 0 
4 0 14 0 0 0 
5 0 20 0 0 0 
6 3 23 1 0 0 
7 2 28 0 2 1 
8 1 22 0 0 1 
9 0 26 1 0 1 
10 0 28 1 0 0 
11 0 27 1 0 0 
12 0 23 0 0 0 
13 0 22 0 0 0 
14 2 19 0 1 0 
15 1 23 0 2 0 
16 1 31 0 3 0 
17 1 27 0 4 0 
18 3 31 1 5 1 
19 3 30 2 6 2 
20 3 29 3 8 2 
21 3 26 4 7 0 
22 3 29 1 10 0 
23 2 28 1 10 0 
24 2 30 1 7 0 
25 3 32 2 9 0 
26 6 46 0 9 0 
27 6 50 0 6 0 
28 6 45 1 9 0 
29 6 47 1 7 0 
30 7 55 0 8 0 
31 7 53 0 6 0 
32 7 46 0 9 0 
33 9 60 0 12 0 
34 12 72 1 12 0 
35 13 69 0 12 1 
36 10 61 1 16 1 
37 10 63 2 22 1 
38 10 64 2 24 1 
39 10 56 3 25 1 
40 8 66 4 23 0 
41 6 68 3 24 0 
42 10 66 2 23 0 
43 11 69 0 24 0 
44 13 71 0 22 0 
45 16 77 2 21 0 
46 18 99 3 21 0 
47 17 98 4 28 0 
48 19 110 7 31 0 
49 17 122 10 40 1 
50 18 129 11 50 0 
51 11 149 14 58 0 
52 10 157 20 58 0 
53 11 157 28 70 0 
54 12 157 24 71 0 
55 12 150 27 75 0 
56 17 170 26 80 0 
57 16 180 34 82 0 
58 21 184 42 95 0 
59 25 214 44 100 0 
60 19 237 47 97 0 
61 21 238 55 105 0 
62 18 233 60 109 0 
63 21 240 73 114 0 
64 22 250 61 140 2 
65 24 278 60 139 2 
66 21 319 63 156 2 
67 31 361 66 190 2 
68 33 386 84 219 4 
69 31 420 93 231 7 
70 39 434 96 246 8 
71 48 433 89 264 9 
72 52 448 109 273 9 
73 55 479 118 262 9 
74 45 499 119 286 10 
75 44 558 130 313 10 
76 59 580 145 313 17 
77 60 578 171 306 21 
78 67 613 181 293 21 
79 87 648 213 318 23 
80 90 681 210 318 20 
81 107 708 238 340 24 
82 113 744 259 341 28 
83 125 771 277 375 25 
84 134 771 282 400 20 
85 149 852 308 449 26 
86 163 901 319 471 25 
87 176 937 322 509 24 
88 182 991 309 539 31 
89 170 1043 338 581 30 
90 177 1082 355 621 36 
91 202 1187 376 627 52 
92 225 1209 428 615 47 
93 232 1248 453 635 54 
94 255 1274 498 637 60 
95 248 1352 513 664 64 
96 255 1406 569 701 77 
97 263 1497 635 725 78 
98 278 1553 683 725 86 
99 290 1625 701 737 94 
100 295 1732 727 790 100 
101 310 1798 760 828 101 
102 329 1873 832 875 113 
103 346 1957 913 919 126 
104 343 2024 939 910 137 
105 352 2104 1016 951 150 
106 360 2186 979 1030 158 
107 368 2362 1005 1087 154 
108 393 2464 1054 1158 163 
109 429 2631 1094 1225 165 
110 447 2805 1144 1239 178 
111 479 2991 1206 1317 195 
112 505 3095 1254 1328 202 
113 538 3213 1344 1437 203 
114 569 3425 1435 1515 203 
115 586 3552 1511 1610 226 
116 639 3724 1587 1704 217 
117 692 3879 1635 1845 220 
118 742 4017 1730 1954 236 
119 821 4248 1784 2082 267 
120 840 4430 1863 2194 296 
121 830 4595 1901 2301 299 
122 874 4763 1963 2347 316 
123 921 4867 2100 2459 340 
124 962 5111 2255 2567 371 
125 1003 5206 2379 2682 382 
126 1044 5416 2496 2843 382 
127 1129 5592 2610 2984 398 
128 1143 5752 2782 3060 396 
129 1215 5967 2914 3260 401 
130 1233 6156 3099 3429 425 
131 1322 6417 3305 3648 442 
132 1369 6565 3550 3777 420 
133 1422 6886 3699 3876 446 
134 1465 7138 3916 4000 471 
135 1475 7401 4177 4221 473 
136 1539 7625 4263 4531 489 
137 1656 7836 4494 4711 529 
138 1702 7989 4572 5060 556 
139 1797 8183 4797 5336 585 
140 1880 8328 5025 5477 624 
141 1923 8534 5259 5726 661 
142 1935 8741 5460 5981 709 
143 2014 8927 5685 6225 766 
144 2156 9026 5867 6444 789 
145 2255 9127 6061 6776 873 
146 2334 9305 6387 7104 942 
147 2422 9637 6730 7202 995 
148 2560 9862 6986 7429 1045 
149 2654 10089 7305 7715 1166 
150 2758 10316 7609 7970 1179 
151 2843 10421 7772 8300 1227 
152 2967 10454 7985 8698 1259 
153 3048 10547 8274 8991 1279 
154 3156 10729 8654 9276 1380 
155 3155 11059 9039 9477 1438 
156 3228 11233 9115 9705 1499 
157 3339 11385 9328 9973 1496 
158 3464 11329 9592 10300 1543 
159 3541 11502 9912 10569 1630 
160 3614 11521 10231 10913 1728 
161 3680 11711 10495 11166 1734 
162 3803 11692 10819 11402 1792 
163 3952 11908 11101 11684 1807 
164 3961 12011 11367 11910 1861 
165 4034 12044 11541 12114 1860 
166 4103 11867 11788 12343 1926 
167 4175 11855 12061 12515 1994 
168 4215 11722 12325 12824 2048 
169 4263 11846 12343 13017 2121 
170 4387 11881 12618 13221 2154 
171 4463 11873 12736 13465 2203 
172 4408 11686 12927 13594 2314 
173 4556 11724 13120 13848 2390 
174 4616 11649 13398 14088 2472 
175 4605 11515 13692 14222 2569 
176 4655 11271 13985 14463 2576 
177 4655 11059 14198 14543 2554 
178 4702 10935 14387 14696 2585 
179 4710 10903 14495 14903 2623 
180 4719 10732 14586 15163 2655 
181 4741 10461 14768 15238 2648 
182 4856 10321 14730 15416 2650 
183 4871 10138 14735 15423 2608 
184 4805 9963 14847 15161 2652 
185 4824 9672 14910 15273 2618 
186 4803 9526 14916 15340 2678 
187 4734 9353 15003 15312 2680 
188 4593 9209 15155 15115 2681 
189 4636 9138 15136 15023 2764 
190 4687 8977 15218 14863 2719 
191 4651 8761 15130 14803 2700 
192 4622 8484 15020 14722 2692 
193 4584 8310 14962 14622 2720 
194 4509 8139 14783 14430 2744 
195 4557 7918 14626 14211 2769 
196 4502 7718 14542 13990 2779 
197 4456 7527 14258 13797 2789 
198 4423 7178 14057 13607 2738 
199 4303 7102 13917 13423 2695 
200 4255 6884 13635 13184 2700 
201 4168 6679 13601 12854 2675 
202 4085 6551 13382 12763 2748 
203 4083 6363 13061 12636 2734 
204 4006 6167 12915 12439 2789 
205 4008 5999 12768 12271 2776 
206 4029 5916 12563 11890 2721 
207 4026 5619 12404 11595 2736 
208 3854 5540 12215 11312 2649 
209 3710 5374 12133 11051 2589 
210 3531 5227 11860 10783 2519 
211 3462 5042 11593 10599 2450 
212 3366 4871 11264 10350 2416 
213 3257 4686 10984 10186 2344 
214 3081 4549 10720 9795 2339 
215 3028 4441 10349 9730 2239 
216 3003 4274 10053 9410 2249 
217 2884 4182 9834 9100 2167 
218 2844 3992 9511 8857 2082 
219 2783 3753 9260 8603 2026 
220 2689 3574 8977 8386 1996 
221 2620 3474 8720 8176 1978 
222 2547 3368 8540 7988 1933 
223 2463 3289 8226 7749 1917 
224 2379 3187 8010 7478 1928 
225 2357 3141 7763 7271 1898 
226 2292 3037 7487 6989 1820 
227 2201 2934 7251 6790 1788 
228 2176 2831 6936 6658 1730 
229 2101 2659 6780 6493 1674 
230 2044 2582 6577 6233 1659 
231 1948 2449 6309 5964 1602 
232 1884 2349 6095 5732 1570 
233 1816 2282 5950 5549 1568 
234 1738 2185 5939 5260 1560 
235 1719 2097 5789 5144 1485 
236 1718 2021 5530 4997 1453 
237 1770 1945 5358 4824 1436 
238 1681 1935 5149 4644 1370 
239 1638 1893 4925 4452 1318 
240 1550 1809 4831 4213 1306 
241 1478 1777 4666 4065 1232 
242 1420 1702 4483 4000 1179 
243 1347 1625 4322 3817 1104 
244 1323 1569 4097 3759 1076 
245 1285 1510 4029 3574 1065 
246 1207 1507 3993 3445 1027 
247 1192 1458 3807 3267 970 
248 1141 1407 3707 3236 922 
249 1093 1361 3558 3116 883 
250 1053 1342 3514 2902 873 
251 967 1280 3387 2719 827 
252 932 1184 3259 2578 788 
253 903 1104 3118 2507 743 
254 921 1073 2972 2396 696 
255 864 1089 2867 2311 651 
256 812 1030 2832 2311 590 
257 788 1027 2685 2228 541 
258 754 988 2517 2113 521 
259 748 933 2395 1996 504 
260 731 896 2281 1860 510 
261 689 866 2104 1779 475 
262 645 835 2006 1718 449 
263 627 821 1977 1602 410 
264 594 802 1889 1580 386 
265 565 757 1877 1510 363 
266 546 745 1812 1490 354 
267 540 709 1725 1404 326 
268 539 643 1717 1381 330 
269 493 630 1656 1294 310 
270 495 582 1557 1242 307 
271 470 521 1466 1198 291 
272 446 532 1398 1126 267 
273 425 511 1262 1091 275 
274 404 515 1189 1062 249 
275 362 493 1158 1082 242 
276 323 476 1120 1027 223 
277 324 465 1010 970 227 
278 323 418 962 903 233 
279 319 407 946 872 204 
280 299 398 936 818 190 
281 299 369 928 763 182 
282 281 337 880 728 158 
283 250 343 852 689 154 
284 244 333 844 673 152 
285 228 316 830 642 157 
286 224 296 810 636 159 
287 217 275 767 626 154 
288 195 253 772 583 138 
289 187 241 751 566 138 
290 210 210 690 532 138 
291 203 205 668 502 127 
292 202 183 594 461 124 
293 188 174 540 459 120 
294 174 171 519 442 109 
295 172 169 480 447 95 
296 155 160 458 417 93 
297 151 139 430 393 96 
298 163 141 421 369 91 
299 155 130 417 378 80 
300 126 139 398 345 76 
301 108 129 359 310 70 
302 102 125 362 294 62 
303 99 113 389 297 52 
304 100 107 382 266 51 
305 90 107 380 254 44 
306 89 88 381 263 37 
307 87 76 340 240 32 
308 78 72 323 222 31 
309 73 81 290 216 32 
310 71 76 279 211 33 
311 72 65 264 199 39 
312 77 52 265 192 33 
313 75 52 244 169 33 
314 76 40 257 169 32 
315 73 37 236 155 29 
316 70 42 200 132 22 
317 73 47 215 130 27 
318 82 40 195 128 21 
319 76 50 188 133 20 
320 59 51 180 140 18 
321 64 46 177 130 16 
322 63 44 165 111 16 
323 50 42 149 104 17 
324 41 45 156 93 17 
325 37 39 166 94 14 
326 38 43 166 107 17 
327 39 43 160 97 20 
328 38 40 148 82 21 
329 41 30 121 95 19 
330 36 27 108 87 17 
331 33 29 116 89 13 
332 35 32 107 99 9 
333 27 33 103 97 10 
334 26 36 108 81 10 
335 17 33 95 83 9 
336 23 27 78 69 8 
337 18 30 82 68 8 
338 16 25 100 60 7 
339 18 18 102 59 6 
340 19 24 101 62 8 
341 16 20 94 48 9 
342 18 24 89 49 12 
343 21 23 83 51 11 
344 19 18 95 52 11 
345 19 16 96 50 8 
346 15 15 103 50 11 
347 17 16 97 44 14 
348 19 13 94 45 20 
349 17 12 97 43 13 
350 18 15 74 40 14 
351 14 22 80 38 16 
352 10 24 65 35 13 
353 11 20 64 33 10 
354 12 15 63 35 9 
355 12 20 69 36 8 
356 11 27 66 40 5 
357 8 29 69 36 7 
358 10 25 70 33 6 
359 6 28 74 35 6 
360 10 23 72 35 4 
361 12 22 66 30 7 
362 9 17 62 30 9 
363 9 17 51 34 11 
364 9 16 54 34 10 
365 14 12 46 29 6 
366 16 10 54 27 9 
367 14 9 51 20 5 
368 13 6 41 26 6 
369 13 3 37 22 5 
370 13 4 37 18 3 
371 15 4 32 14 1 
372 16 5 29 15 2 
373 11 4 28 13 2 
374 11 4 23 14 1 
375 10 4 22 14 1 
376 14 4 23 17 1 
377 17 4 25 17 0 
378 18 6 31 16 0 
379 17 2 26 15 0 
380 20 3 18 10 0 
381 18 4 13 6 0 
382 16 4 9 5 0 
383 9 2 9 5 0 
384 9 2 7 5 1 
385 5 1 9 3 1 
386 5 0 6 1 1 
387 7 0 6 2 1 
388 6 0 5 1 1 
389 7 0 4 1 1 
390 4 0 4 4 1 
391 5 0 5 5 1 
392 4 0 5 8 1 
393 4 0 4 7 2 
394 5 0 5 4 2 
395 2 0 4 6 1 
396 3 1 4 4 1 
397 3 1 5 4 1 
398 3 1 6 6 0 
399 3 1 5 6 0 
400 4 0 5 10 0 
401 3 0 7 9 0 
402 2 0 6 8 0 
403 0 0 4 10 0 
404 0 0 6 13 0 
405 0 0 6 7 0 
406 0 0 7 7 0 
407 0 0 6 6 0 
408 0 0 7 4 0 
409 0 0 6 2 0 
410 0 0 5 0 0 
411 0 0 4 0 0 
412 0 0 4 0 0 
413 0 0 8 0 0 
414 0 0 11 0 0 
415 0 0 9 0 0 
416 0 0 11 2 0 
417 0 0 14 0 0 
418 0 0 13 0 0 
419 0 0 9 0 0 
420 0 0 8 0 0 
421 0 0 8 0 0 
422 0 0 6 0 0 
423 0 0 7 1 0 
424 0 0 7 1 0 
425 0 0 5 2 0 
426 0 0 5 2 0 
427 0 0 5 1 0 
428 0 0 5 0 0 
429 0 2 7 0 0 
430 0 3 5 0 0 
431 1 5 3 0 0 
432 2 7 2 0 0 
433 0 7 1 0 0 
434 1 8 0 1 0 
435 1 7 0 1 0 
436 1 9 0 0 0 
437 0 7 0 0 0 
438 0 5 0 0 0 
439 0 3 0 0 0 
440 0 3 0 0 0 
441 0 2 0 0 0 
442 0 2 0 0 0 
443 0 2 0 1 0 
444 0 3 0 0 0 
445 0 2 0 0 0 
446 0 2 0 0 0 
447 0 1 0 1 0 
448 0 2 0 1 0 
449 0 2 0 0 0 
450 0 0 0 0 0 
