1 0 8 0 0 0 
2 0 13 0 0 0 
3 1 21 0 0 0 
4 1 26 0 0 0 
5 4 27 0 0 0 
6 0 28 0 2 0 
7 0 33 0 3 0 
8 1 30 0 4 0 
9 0 25 0 5 0 
10 1 22 0 4 0 
11 2 22 2 4 0 
12 2 21 2 5 0 
13 3 24 3 4 0 
14 4 30 7 4 0 
15 3 33 10 6 0 
16 4 39 9 5 0 
17 4 45 13 4 0 
18 5 47 17 6 0 
19 7 49 15 6 0 
20 4 49 12 8 0 
21 2 54 11 15 0 
22 6 49 13 21 0 
23 10 54 13 23 0 
24 11 63 14 22 0 
25 15 69 14 24 0 
26 12 75 16 29 0 
27 11 81 18 26 0 
28 14 85 22 26 0 
29 16 91 22 25 0 
30 13 96 29 37 0 
31 9 104 37 41 0 
32 11 118 44 55 1 
33 15 138 48 52 2 
34 22 147 44 58 4 
35 18 163 47 68 5 
36 24 193 55 71 6 
37 29 204 63 84 7 
38 36 232 71 86 9 
39 43 250 76 101 8 
40 39 265 69 103 8 
41 36 283 72 108 9 
42 44 290 83 103 18 
43 44 305 92 120 21 
44 43 344 107 130 27 
45 46 360 97 134 34 
46 39 381 115 124 28 
47 45 403 103 145 30 
48 47 416 104 151 33 
49 47 440 115 166 39 
50 51 446 115 195 36 
51 48 500 128 182 41 
52 67 534 155 189 39 
53 73 571 160 209 30 
54 78 588 180 232 44 
55 78 598 190 249 43 
56 81 582 207 271 44 
57 87 601 229 267 42 
58 102 621 214 283 51 
59 119 685 229 299 53 
60 129 714 269 305 55 
61 134 754 291 321 66 
62 150 823 310 321 68 
63 152 907 334 349 62 
64 160 919 359 358 54 
65 158 975 391 387 55 
66 161 1059 401 414 57 
67 185 1088 410 409 62 
68 203 1194 459 452 60 
69 198 1278 479 500 59 
70 224 1366 497 516 59 
71 216 1416 503 574 68 
72 259 1467 505 615 80 
73 273 1476 554 655 80 
74 296 1568 613 689 74 
75 304 1680 639 713 75 
76 314 1755 661 749 74 
77 325 1907 732 783 75 
78 356 1986 801 798 93 
79 393 2116 890 893 100 
80 412 2238 904 949 101 
81 432 2337 967 964 99 
82 442 2530 1004 1027 115 
83 475 2624 1043 1103 125 
84 503 2656 1083 1167 153 
85 524 2687 1158 1210 163 
86 520 2874 1231 1289 166 
87 545 3027 1260 1343 182 
88 562 3186 1293 1402 187 
89 602 3368 1364 1505 194 
90 663 3526 1387 1611 197 
91 665 3691 1447 1755 230 
92 685 3915 1507 1895 228 
93 736 4140 1627 1939 222 
94 752 4292 1677 2036 206 
95 798 4441 1792 2196 209 
96 824 4592 1866 2314 223 
97 884 4774 1959 2388 243 
98 895 4895 2049 2525 270 
99 924 5231 2172 2702 282 
100 942 5299 2283 2868 292 
101 1005 5533 2452 3080 289 
102 1041 5744 2684 3218 308 
103 1082 5904 2768 3440 328 
104 1184 6134 2836 3632 358 
105 1261 6359 2974 3792 400 
106 1321 6518 3224 3948 447 
107 1357 6763 3315 4078 454 
108 1433 7055 3449 4231 494 
109 1525 7321 3601 4487 535 
110 1576 7505 3894 4687 532 
111 1659 7624 4015 4858 534 
112 1715 7859 4119 5130 561 
113 1761 8230 4331 5312 611 
114 1753 8434 4679 5628 679 
115 1900 8638 4901 5911 704 
116 1993 8860 5222 6068 730 
117 2081 9182 5420 6356 789 
118 2198 9436 5748 6646 848 
119 2320 9648 6037 6999 909 
120 2352 9891 6303 7299 977 
121 2390 10165 6550 7570 1023 
122 2492 10400 6822 7786 1116 
123 2629 10650 7056 8184 1151 
124 2744 10797 7319 8458 1210 
125 2819 11026 7664 8643 1267 
126 2958 11238 8036 8753 1332 
127 3083 11358 8333 9009 1414 
128 3096 11471 8684 9405 1498 
129 3205 11666 8882 9707 1580 
130 3316 11806 9290 10014 1642 
131 3447 11962 9579 10202 1719 
132 3513 12249 9873 10553 1776 
133 3592 12298 10164 10908 1833 
134 3688 12557 10413 11247 1868 
135 3707 12568 10599 11424 2006 
136 3686 12702 10882 11866 2058 
137 3796 12804 11214 12094 2100 
138 3855 12690 11590 12407 2174 
139 3896 12810 11912 12626 2188 
140 4001 12756 12086 12729 2258 
141 4060 12709 12258 13045 2340 
142 4168 12592 12523 13257 2376 
143 4221 12473 12765 13574 2464 
144 4321 12393 12971 13749 2566 
145 4381 12314 13268 14007 2562 
146 4518 12316 13697 14185 2644 
147 4554 12248 13933 14335 2664 
148 4594 12153 14186 14539 2706 
149 4687 11994 14550 14707 2797 
150 4679 11787 14710 14887 2799 
151 4774 11726 15114 15063 2808 
152 4807 11658 15208 15200 2766 
153 4810 11508 15331 15208 2830 
154 4834 11387 15536 15361 2878 
155 4788 11162 15794 15323 2959 
156 4891 10924 15917 15466 2919 
157 4887 10712 15966 15462 2993 
158 4941 10481 15989 15369 3037 
159 4990 10311 16000 15357 3055 
160 5028 10222 15942 15275 3081 
161 5036 9957 15966 15132 3108 
162 5029 9872 15827 15048 3169 
163 4891 9481 15882 15023 3166 
164 4869 9351 15716 14906 3140 
165 4822 9242 15752 14968 3210 
166 4806 9064 15764 15055 3182 
167 4829 8830 15560 14930 3155 
168 4824 8508 15374 14644 3117 
169 4645 8308 15301 14322 2982 
170 4661 8056 15187 14114 2904 
171 4688 7837 15157 13905 2918 
172 4579 7662 15058 13619 2898 
173 4368 7455 14849 13460 2889 
174 4286 7205 14622 13299 2905 
175 4298 6997 14281 12972 2848 
176 4263 6665 13933 12790 2811 
177 4195 6570 13624 12501 2797 
178 4092 6273 13503 12209 2762 
179 4047 6140 13162 12101 2675 
180 3950 5919 12818 11880 2625 
181 3975 5783 12575 11650 2612 
182 3895 5625 12477 11449 2578 
183 3825 5406 11991 11214 2561 
184 3759 5194 11756 11040 2518 
185 3713 4970 11442 10743 2458 
186 3630 4809 11223 10367 2417 
187 3519 4574 11027 10121 2364 
188 3372 4400 10830 9885 2299 
189 3303 4284 10592 9731 2244 
190 3238 4179 10335 9455 2153 
191 3141 4050 10096 9304 2115 
192 3035 3934 9847 8919 2064 
193 2868 3742 9585 8664 2051 
194 2795 3551 9237 8361 1952 
195 2754 3486 8963 7985 1922 
196 2605 3328 8511 7742 1845 
197 2514 3270 8306 7391 1840 
198 2486 3145 8043 7254 1802 
199 2423 3004 7698 6936 1779 
200 2411 2956 7455 6593 1711 
201 2288 2849 7291 6483 1661 
202 2253 2739 7093 6343 1603 
203 2214 2626 6864 6202 1498 
204 2091 2483 6548 5962 1391 
205 2000 2328 6236 5628 1310 
206 1940 2305 6199 5421 1271 
207 1912 2218 5918 5199 1234 
208 1829 2126 5688 5014 1252 
209 1726 2073 5420 4920 1220 
210 1646 2057 5192 4740 1153 
211 1610 1962 4970 4629 1098 
212 1521 1895 4843 4411 1084 
213 1422 1842 4634 4179 1033 
214 1352 1772 4481 4058 975 
215 1313 1770 4279 3892 932 
216 1269 1671 4119 3814 881 
217 1235 1584 3923 3585 820 
218 1178 1473 3815 3467 790 
219 1081 1462 3641 3351 755 
220 982 1369 3463 3216 692 
221 942 1274 3293 3151 668 
222 910 1221 3151 3023 635 
223 957 1194 3037 2930 635 
224 941 1114 2994 2780 585 
225 929 1079 2825 2722 563 
226 897 994 2740 2588 547 
227 842 931 2607 2418 564 
228 800 911 2489 2289 556 
229 767 849 2371 2208 555 
230 711 828 2278 2157 513 
231 691 781 2229 2131 472 
232 702 798 2090 2034 435 
233 664 770 2033 1938 422 
234 623 722 1938 1839 388 
235 597 665 1881 1732 362 
236 591 649 1860 1630 336 
237 535 610 1816 1565 310 
238 501 590 1659 1465 289 
239 487 543 1582 1399 283 
240 472 501 1479 1330 263 
241 448 499 1396 1249 266 
242 444 450 1266 1178 258 
243 427 411 1240 1163 251 
244 394 415 1202 1136 261 
245 351 393 1128 1075 257 
246 331 377 1094 1047 236 
247 325 384 1045 1005 231 
248 333 370 1021 966 232 
249 334 351 959 912 215 
250 330 332 882 852 200 
251 302 313 870 818 179 
252 293 307 839 800 184 
253 277 283 793 756 168 
254 258 261 751 733 169 
255 251 243 733 704 152 
256 239 226 667 686 144 
257 227 202 619 659 136 
258 227 204 604 645 127 
259 184 192 566 616 131 
260 193 189 547 607 116 
261 180 178 519 574 133 
262 161 176 492 560 113 
263 141 188 492 538 110 
264 136 172 459 525 101 
265 143 166 466 500 91 
266 158 160 437 446 85 
267 154 157 387 418 90 
268 154 149 368 410 87 
269 154 134 362 398 99 
270 144 136 339 379 103 
271 139 123 338 359 90 
272 114 120 315 343 87 
273 100 110 295 300 79 
274 96 93 295 286 75 
275 99 90 285 282 70 
276 91 84 292 291 74 
277 84 84 267 277 80 
278 88 70 250 253 75 
279 78 65 220 221 57 
280 70 65 201 214 70 
281 59 65 177 208 72 
282 59 61 172 204 72 
283 55 65 166 202 69 
284 55 58 163 188 54 
285 54 57 172 190 55 
286 52 42 172 171 65 
287 56 42 150 159 57 
288 52 46 147 155 56 
289 44 44 146 149 53 
290 44 40 143 152 56 
291 42 35 132 138 47 
292 44 25 129 146 50 
293 40 22 124 130 44 
294 49 23 118 122 47 
295 49 23 120 127 44 
296 51 27 114 116 49 
297 50 26 110 115 44 
298 52 26 94 99 42 
299 48 25 100 101 44 
300 43 23 88 100 40 
301 37 23 96 101 32 
302 28 23 92 106 29 
303 30 25 82 102 22 
304 25 30 86 104 23 
305 22 33 92 93 26 
306 14 34 87 94 30 
307 13 29 86 77 23 
308 16 27 67 68 21 
309 11 31 66 64 26 
310 14 29 73 69 24 
311 15 23 62 63 30 
312 18 21 68 70 31 
313 19 21 74 68 31 
314 17 25 81 59 26 
315 19 27 85 58 25 
316 18 38 85 50 22 
317 18 39 69 45 24 
318 20 37 65 46 24 
319 13 35 58 52 18 
320 15 32 48 49 18 
321 18 30 48 39 17 
322 18 24 47 38 14 
323 16 20 43 33 12 
324 13 22 37 26 10 
325 13 14 32 17 8 
326 11 12 27 18 11 
327 13 12 24 16 10 
328 12 14 26 15 13 
329 10 15 22 15 13 
330 10 12 20 12 14 
331 8 7 17 14 13 
332 6 9 22 15 15 
333 7 10 22 12 11 
334 6 9 18 15 9 
335 5 10 21 18 11 
336 4 8 21 17 14 
337 1 8 25 18 11 
338 1 7 20 19 8 
339 1 12 16 10 4 
340 0 15 16 8 4 
341 0 13 24 10 4 
342 0 9 25 11 2 
343 0 6 24 8 4 
344 0 10 25 9 4 
345 1 11 17 7 3 
346 4 14 14 10 3 
347 4 16 11 9 6 
348 5 23 7 11 5 
349 3 21 9 13 2 
350 3 22 9 9 1 
351 1 20 9 8 1 
352 0 13 10 9 1 
353 1 11 8 6 1 
354 1 11 11 10 0 
355 2 4 13 8 0 
356 2 4 9 8 0 
357 2 3 9 9 0 
358 2 4 6 12 0 
359 4 4 5 13 0 
360 4 3 4 10 0 
361 2 3 3 6 0 
362 5 2 3 5 0 
363 5 2 4 7 0 
364 4 3 4 8 0 
365 2 5 5 8 0 
366 1 4 3 10 0 
367 1 2 2 12 0 
368 0 0 3 9 0 
369 0 0 3 9 0 
370 0 0 4 9 0 
371 0 0 6 6 0 
372 0 0 3 9 0 
373 0 0 2 9 0 
374 0 0 2 8 0 
375 0 0 3 5 0 
376 0 0 4 6 0 
377 0 0 3 4 0 
378 0 0 4 5 0 
379 0 0 1 7 0 
380 0 0 1 3 0 
381 0 0 0 1 0 
382 0 0 0 1 0 
383 0 0 0 1 0 
384 0 0 0 1 0 
385 0 0 0 1 0 
386 0 0 0 1 0 
387 0 0 0 1 0 
388 0 0 0 0 0 
