1 0 4 0 0 0 
2 0 4 0 0 0 
3 0 5 0 0 0 
4 0 5 0 0 0 
5 0 8 0 0 0 
6 3 10 1 0 0 
7 0 12 0 2 1 
8 0 7 0 0 0 
9 0 12 2 0 0 
10 0 11 0 0 0 
11 0 9 1 0 0 
12 0 4 0 0 0 
13 0 8 0 0 0 
14 2 3 0 1 0 
15 0 6 0 1 0 
16 1 11 0 2 0 
17 0 10 0 2 0 
18 2 10 1 1 1 
19 0 8 1 3 1 
20 1 5 1 2 0 
21 1 13 2 2 0 
22 1 8 0 4 0 
23 1 12 0 2 0 
24 1 11 0 1 0 
25 3 12 2 5 0 
26 3 22 0 3 0 
27 1 18 0 1 0 
28 3 15 1 4 0 
29 3 15 0 0 0 
30 4 21 0 4 0 
31 2 22 0 1 0 
32 2 15 0 4 0 
33 4 29 0 7 0 
34 4 30 1 5 0 
35 4 22 0 5 1 
36 2 19 2 6 0 
37 2 23 2 12 0 
38 2 23 3 9 0 
39 7 23 1 12 0 
40 2 30 1 8 0 
41 2 27 1 10 1 
42 4 28 0 5 0 
43 5 23 0 7 0 
44 6 21 1 7 0 
45 10 33 2 9 0 
46 4 45 2 8 0 
47 9 31 3 11 0 
48 8 42 3 11 0 
49 5 45 9 18 1 
50 7 48 4 22 1 
51 2 54 8 26 0 
52 4 62 8 17 0 
53 6 61 12 25 1 
54 5 53 10 25 0 
55 4 56 12 28 0 
56 12 70 9 27 0 
57 8 61 15 33 0 
58 11 74 18 34 0 
59 14 91 23 30 0 
60 5 97 23 36 0 
61 9 85 27 40 0 
62 7 86 25 43 0 
63 11 74 30 42 0 
64 9 82 21 56 2 
65 12 100 27 52 1 
66 7 129 26 51 1 
67 13 132 28 75 0 
68 16 137 37 88 2 
69 13 156 40 79 3 
70 23 161 31 92 3 
71 25 146 32 110 4 
72 20 169 38 100 3 
73 19 174 42 92 2 
74 14 184 44 106 3 
75 20 227 49 120 7 
76 31 213 61 116 13 
77 27 211 84 96 9 
78 29 227 69 104 7 
79 38 246 84 126 12 
80 35 247 74 112 10 
81 48 265 104 129 9 
82 45 259 96 127 12 
83 52 306 86 151 9 
84 52 258 98 155 6 
85 56 331 131 175 9 
86 56 344 111 171 7 
87 62 351 111 202 9 
88 61 381 118 195 14 
89 63 393 133 229 12 
90 64 385 139 227 13 
91 95 433 124 207 29 
92 78 420 177 211 18 
93 84 443 157 229 23 
94 103 443 183 220 21 
95 98 511 176 255 23 
96 97 510 216 258 32 
97 101 560 247 286 29 
98 106 550 247 258 32 
99 102 599 263 280 37 
100 107 653 263 290 30 
101 118 666 261 305 35 
102 129 707 333 314 43 
103 133 709 342 355 46 
104 133 732 357 332 47 
105 132 776 392 350 55 
106 140 780 334 380 55 
107 131 864 371 417 61 
108 169 913 389 427 54 
109 174 931 414 436 60 
110 175 1024 437 450 65 
111 172 1104 455 491 75 
112 194 1093 497 479 71 
113 210 1160 516 578 76 
114 217 1227 548 539 78 
115 216 1267 550 597 103 
116 265 1334 563 626 79 
117 279 1388 608 704 73 
118 269 1428 648 728 92 
119 352 1568 664 786 124 
120 308 1582 665 793 115 
121 291 1634 701 831 113 
122 339 1701 685 833 119 
123 358 1750 775 941 128 
124 359 1912 863 943 127 
125 381 1847 887 992 134 
126 379 1976 926 1061 149 
127 408 1955 1031 1100 150 
128 388 2050 1086 1124 149 
129 453 2141 1081 1198 156 
130 475 2179 1159 1255 158 
131 497 2347 1258 1364 155 
132 489 2323 1346 1376 148 
133 546 2481 1328 1433 170 
134 548 2572 1432 1473 166 
135 541 2637 1595 1577 183 
136 603 2724 1565 1678 215 
137 633 2754 1648 1743 207 
138 612 2795 1639 1907 203 
139 698 2858 1761 2003 205 
140 678 2898 1865 2003 249 
141 708 3003 1956 2014 234 
142 695 3039 1928 2218 263 
143 768 3193 1989 2174 276 
144 817 3087 2081 2290 293 
145 830 3149 2166 2567 342 
146 818 3311 2407 2506 349 
147 883 3324 2481 2548 345 
148 966 3436 2537 2645 393 
149 943 3453 2651 2775 443 
150 1015 3597 2736 2886 403 
151 1022 3585 2741 2914 447 
152 1104 3474 2841 3112 440 
153 1116 3729 2947 3159 464 
154 1129 3681 3127 3339 523 
155 1150 3797 3224 3371 522 
156 1171 3821 3273 3443 550 
157 1191 3913 3303 3494 494 
158 1276 3760 3354 3640 545 
159 1277 3884 3612 3791 586 
160 1307 3995 3627 3866 621 
161 1306 3978 3662 3879 631 
162 1370 3889 3918 4002 653 
163 1439 4036 3911 4150 642 
164 1358 4066 4020 4064 659 
165 1442 4043 4055 4207 678 
166 1423 3908 4175 4278 703 
167 1483 3956 4153 4372 692 
168 1490 3816 4282 4464 721 
169 1466 3945 4249 4514 771 
170 1541 3987 4352 4510 739 
171 1530 3818 4329 4621 776 
172 1478 3781 4397 4580 839 
173 1594 3813 4542 4688 834 
174 1586 3829 4622 4787 865 
175 1596 3697 4803 4832 886 
176 1602 3678 4811 4970 873 
177 1579 3528 4933 4926 885 
178 1654 3476 4991 5012 908 
179 1594 3573 4890 5143 887 
180 1634 3457 4993 5107 912 
181 1642 3293 5052 5157 865 
182 1664 3352 4952 5188 865 
183 1683 3273 4885 5259 900 
184 1595 3116 5023 5011 930 
185 1610 3066 4866 5216 879 
186 1595 3045 4945 5115 920 
187 1592 2921 5025 5016 910 
188 1501 2985 5138 4880 891 
189 1556 2987 4979 4908 936 
190 1600 2784 5097 4827 873 
191 1562 2742 4997 4757 867 
192 1563 2666 4992 4778 891 
193 1496 2631 4864 4814 929 
194 1485 2570 4780 4682 918 
195 1515 2503 4758 4606 923 
196 1472 2438 4787 4514 921 
197 1452 2415 4627 4478 953 
198 1468 2221 4595 4460 882 
199 1404 2281 4606 4296 895 
200 1424 2174 4358 4250 899 
201 1356 2048 4435 4040 862 
202 1351 1998 4346 4095 931 
203 1409 2015 4207 4005 882 
204 1288 1903 4140 3953 968 
205 1338 1854 4206 3840 912 
206 1375 1880 3995 3716 887 
207 1395 1745 4094 3604 883 
208 1196 1805 3930 3473 819 
209 1182 1665 3910 3494 828 
210 1078 1595 3694 3381 782 
211 1131 1512 3594 3284 765 
212 1059 1567 3478 3210 781 
213 1032 1433 3379 3232 734 
214 959 1423 3398 3046 739 
215 943 1402 3156 3115 669 
216 996 1310 3151 2897 732 
217 917 1246 3065 2790 689 
218 946 1256 2924 2790 663 
219 915 1130 2911 2632 618 
220 823 1097 2800 2603 630 
221 865 1044 2710 2565 640 
222 830 1035 2694 2505 603 
223 772 1016 2514 2381 584 
224 752 993 2563 2285 643 
225 771 951 2431 2282 566 
226 712 951 2317 2125 534 
227 698 878 2248 2071 593 
228 697 859 2121 2076 518 
229 629 811 2131 2003 531 
230 673 791 2018 1891 508 
231 593 719 1941 1827 491 
232 600 678 1863 1790 506 
233 597 708 1836 1741 496 
234 540 651 1959 1577 477 
235 569 638 1752 1578 438 
236 541 607 1685 1537 458 
237 637 605 1712 1464 470 
238 497 603 1579 1418 404 
239 500 589 1479 1322 417 
240 493 545 1488 1283 414 
241 452 545 1466 1299 375 
242 447 531 1374 1225 347 
243 423 476 1325 1107 308 
244 432 483 1257 1152 319 
245 413 471 1222 1088 325 
246 365 473 1276 1001 305 
247 385 465 1124 984 284 
248 352 436 1121 1018 261 
249 337 429 1124 928 249 
250 345 408 1095 874 290 
251 294 383 1010 812 241 
252 275 309 979 777 250 
253 291 329 963 776 213 
254 326 341 886 686 205 
255 255 349 877 667 186 
256 247 318 867 691 166 
257 269 320 780 676 151 
258 223 281 740 608 159 
259 226 283 703 565 159 
260 228 278 702 574 162 
261 206 268 624 564 122 
262 194 265 597 537 131 
263 204 242 614 467 106 
264 174 237 564 489 115 
265 174 215 590 461 107 
266 154 225 552 495 110 
267 168 208 523 427 100 
268 169 188 556 434 95 
269 142 208 523 371 80 
270 166 158 462 364 93 
271 138 148 421 379 71 
272 132 176 436 336 80 
273 127 153 357 344 78 
274 136 156 343 322 74 
275 88 135 359 359 76 
276 89 143 359 273 58 
277 95 144 299 283 80 
278 99 144 293 281 65 
279 107 129 293 256 54 
280 94 119 314 227 59 
281 94 88 288 234 47 
282 69 93 248 222 36 
283 67 105 242 212 36 
284 67 107 262 210 60 
285 74 89 250 178 48 
286 66 86 250 197 56 
287 62 92 231 202 49 
288 71 77 241 173 42 
289 61 65 202 175 39 
290 79 53 191 150 49 
291 71 71 198 148 41 
292 75 56 157 122 31 
293 51 57 151 150 40 
294 38 54 156 131 35 
295 46 54 142 133 32 
296 32 45 141 120 23 
297 34 43 120 126 27 
298 59 46 119 104 32 
299 45 35 120 123 19 
300 32 46 119 105 21 
301 39 38 96 92 22 
302 26 42 120 78 21 
303 28 35 145 92 10 
304 37 32 114 81 16 
305 24 40 129 70 11 
306 35 30 120 83 9 
307 28 23 92 79 6 
308 21 20 104 61 11 
309 16 29 82 64 10 
310 23 24 90 64 12 
311 26 22 81 68 14 
312 25 13 81 64 14 
313 21 20 64 38 8 
314 20 8 85 45 13 
315 15 13 58 50 8 
316 21 14 54 30 4 
317 23 16 64 47 8 
318 25 17 56 47 2 
319 19 20 55 46 7 
320 15 16 55 46 7 
321 14 10 53 37 3 
322 19 17 45 32 6 
323 16 13 33 27 7 
324 6 14 49 22 5 
325 10 11 54 31 3 
326 13 11 46 44 4 
327 7 11 49 31 9 
328 12 12 35 24 8 
329 16 4 36 34 6 
330 14 11 30 28 5 
331 11 12 38 28 3 
332 14 10 38 36 1 
333 5 10 35 30 3 
334 7 10 33 19 3 
335 6 6 28 26 3 
336 8 5 16 19 2 
337 6 7 34 19 2 
338 9 6 35 16 1 
339 7 2 33 17 0 
340 7 9 34 19 4 
341 5 3 32 9 3 
342 6 10 35 20 6 
343 11 9 25 14 4 
344 8 2 36 16 2 
345 7 3 29 16 2 
346 3 5 40 16 4 
347 7 7 25 11 3 
348 3 6 25 13 8 
349 3 3 35 13 2 
350 3 6 20 11 3 
351 2 11 25 16 6 
352 3 11 19 12 3 
353 5 7 18 10 1 
354 4 2 21 11 3 
355 5 10 30 14 2 
356 5 10 21 16 1 
357 3 12 26 13 2 
358 5 8 21 8 0 
359 2 10 21 11 4 
360 6 4 19 9 0 
361 5 6 17 8 4 
362 1 1 21 9 3 
363 3 6 13 12 3 
364 1 7 20 8 2 
365 9 4 8 9 1 
366 5 1 20 6 6 
367 5 3 15 5 2 
368 5 2 10 9 3 
369 5 1 6 4 1 
370 1 2 13 4 0 
371 5 2 6 5 1 
372 6 1 7 5 1 
373 2 3 8 4 1 
374 2 1 9 3 0 
375 1 3 9 3 0 
376 4 0 5 6 0 
377 8 0 8 4 0 
378 6 3 13 4 0 
379 2 0 5 2 0 
380 7 1 2 2 0 
381 5 1 5 3 0 
382 1 2 2 1 1 
383 0 0 2 2 0 
384 3 2 1 2 1 
385 0 1 3 1 0 
386 1 1 2 0 0 
387 3 0 2 2 0 
388 1 0 1 1 0 
389 2 0 0 0 0 
390 0 0 2 3 0 
391 2 0 3 1 0 
392 1 0 0 4 1 
393 1 0 0 2 1 
394 2 0 2 0 1 
395 0 0 0 4 0 
396 1 1 1 0 0 
397 1 0 3 0 0 
398 1 0 2 2 0 
399 0 0 1 1 0 
400 1 0 2 5 0 
401 1 0 3 2 0 
402 0 0 1 1 0 
403 0 0 1 2 0 
404 0 0 3 5 0 
405 0 0 1 2 0 
406 0 0 3 4 0 
407 0 0 0 2 0 
408 0 0 2 1 0 
409 0 0 1 0 0 
410 0 0 1 0 0 
411 0 0 1 0 0 
412 0 0 0 0 0 
413 0 0 4 0 0 
414 0 0 4 0 0 
415 0 0 2 0 0 
416 0 0 5 2 0 
417 0 0 5 0 0 
418 0 0 5 0 0 
419 0 0 3 0 0 
420 0 0 3 0 0 
421 0 0 2 0 0 
422 0 0 1 0 0 
423 0 0 2 1 0 
424 0 0 2 0 0 
425 0 0 0 1 0 
426 0 0 0 0 0 
427 0 0 3 0 0 
428 0 0 1 0 0 
429 0 2 2 0 0 
430 0 1 0 0 0 
431 1 2 0 0 0 
432 1 2 1 0 0 
433 0 0 0 0 0 
434 1 3 0 1 0 
435 0 4 0 0 0 
436 0 3 0 0 0 
437 0 1 0 0 0 
438 0 0 0 0 0 
439 0 0 0 0 0 
440 0 0 0 0 0 
441 0 0 0 0 0 
442 0 0 0 0 0 
443 0 2 0 1 0 
444 0 1 0 0 0 
445 0 1 0 0 0 
446 0 1 0 0 0 
447 0 1 0 1 0 
448 0 1 0 1 0 
449 0 0 0 0 0 
450 0 0 0 0 0 
