1 0 8 0 0 0 
2 0 7 0 0 0 
3 0 5 0 0 0 
4 0 8 0 0 0 
5 0 11 0 0 0 
6 0 15 0 0 0 
7 0 18 1 0 0 
8 0 21 1 0 0 
9 0 13 1 0 0 
10 0 15 2 0 0 
11 0 15 4 0 0 
12 0 14 2 0 0 
13 0 12 1 1 0 
14 2 10 1 0 0 
15 0 9 1 0 0 
16 0 6 1 0 0 
17 0 10 0 0 0 
18 0 10 0 1 0 
19 0 8 0 1 0 
20 0 8 0 1 0 
21 0 9 0 1 0 
22 0 10 0 0 0 
23 1 9 0 0 0 
24 3 7 0 0 0 
25 4 7 0 0 0 
26 4 7 0 0 0 
27 4 9 0 1 0 
28 5 13 0 1 0 
29 5 13 0 2 0 
30 4 13 1 4 0 
31 5 21 1 7 0 
32 4 27 1 8 0 
33 4 32 1 10 0 
34 4 32 0 11 0 
35 4 28 0 10 0 
36 6 26 0 7 0 
37 4 28 0 5 0 
38 5 28 2 6 0 
39 5 20 1 8 0 
40 8 16 2 12 0 
41 10 12 2 9 0 
42 9 18 2 6 0 
43 10 19 1 4 0 
44 14 21 3 3 0 
45 12 24 7 4 0 
46 9 20 9 7 0 
47 7 15 8 10 0 
48 10 19 6 13 0 
49 8 21 4 15 0 
50 8 20 6 15 0 
51 5 17 9 20 0 
52 5 20 11 22 0 
53 6 23 15 20 0 
54 3 28 14 24 1 
55 4 31 12 29 2 
56 5 30 11 36 1 
57 7 27 12 28 2 
58 5 28 16 21 3 
59 6 28 18 30 5 
60 5 39 17 36 5 
61 5 46 17 31 3 
62 6 43 13 32 0 
63 10 54 16 33 0 
64 9 48 20 36 0 
65 11 47 21 32 0 
66 13 45 23 39 0 
67 9 56 30 56 0 
68 8 54 33 52 0 
69 9 61 34 52 0 
70 11 72 31 65 0 
71 12 70 32 68 2 
72 13 78 35 64 1 
73 17 80 38 77 1 
74 23 98 44 85 2 
75 21 106 45 90 3 
76 19 99 50 91 4 
77 20 109 41 97 4 
78 26 120 48 98 5 
79 22 125 57 99 5 
80 22 116 55 110 5 
81 15 122 63 118 4 
82 18 141 61 123 5 
83 18 151 63 122 5 
84 21 170 52 129 4 
85 22 181 49 124 5 
86 22 166 64 138 5 
87 26 189 61 127 4 
88 35 184 63 128 2 
89 36 176 69 116 4 
90 26 210 78 129 6 
91 23 212 78 132 9 
92 23 231 77 127 11 
93 30 253 76 125 10 
94 37 279 73 132 12 
95 41 288 97 133 13 
96 45 297 94 152 12 
97 44 312 92 170 19 
98 42 350 87 209 24 
99 43 371 84 220 23 
100 46 399 82 232 29 
101 50 424 88 228 26 
102 50 446 99 242 22 
103 65 500 97 251 24 
104 80 518 111 264 31 
105 77 555 126 281 32 
106 87 573 139 274 39 
107 101 584 155 310 42 
108 105 668 173 327 49 
109 104 712 169 327 50 
110 109 728 157 380 51 
111 119 798 185 404 63 
112 127 820 225 413 57 
113 133 870 242 439 56 
114 144 922 232 445 63 
115 161 947 241 440 66 
116 175 993 263 444 64 
117 184 1009 262 466 62 
118 174 1024 288 508 69 
119 197 1067 296 523 79 
120 206 1164 334 579 90 
121 211 1281 346 626 93 
122 222 1278 370 650 104 
123 237 1393 408 717 98 
124 251 1406 439 790 109 
125 246 1467 492 805 136 
126 255 1558 519 848 141 
127 249 1641 542 874 162 
128 251 1771 608 936 156 
129 274 1859 665 970 161 
130 300 1960 719 1048 172 
131 341 2030 766 1129 170 
132 376 2103 795 1147 188 
133 392 2211 842 1208 198 
134 398 2303 876 1252 213 
135 415 2413 937 1342 212 
136 466 2552 1009 1392 214 
137 498 2688 1082 1465 220 
138 495 2736 1217 1544 217 
139 544 2875 1263 1636 246 
140 598 3098 1357 1675 259 
141 633 3221 1486 1763 246 
142 659 3383 1540 1809 256 
143 691 3468 1665 1877 282 
144 735 3684 1721 1903 318 
145 770 3927 1768 2031 320 
146 824 4074 1819 2121 328 
147 861 4275 1871 2246 334 
148 841 4417 2003 2321 346 
149 894 4645 2103 2409 378 
150 941 4864 2224 2548 407 
151 964 5052 2358 2691 407 
152 1006 5134 2448 2782 465 
153 1046 5356 2593 2921 478 
154 1074 5645 2710 3107 506 
155 1156 5716 2922 3163 559 
156 1223 5963 3110 3324 585 
157 1325 6138 3290 3494 675 
158 1409 6429 3465 3629 700 
159 1501 6775 3670 3829 773 
160 1547 7046 3740 3960 816 
161 1607 7254 3824 4119 841 
162 1685 7564 4090 4259 901 
163 1743 7912 4248 4495 921 
164 1811 8082 4381 4795 977 
165 1871 8258 4516 5037 992 
166 1926 8487 4776 5288 1039 
167 1993 8708 5045 5405 1045 
168 2024 8853 5200 5700 1070 
169 2148 9086 5315 5943 1105 
170 2200 9349 5576 6252 1121 
171 2290 9707 5835 6538 1183 
172 2383 9968 6143 6665 1204 
173 2488 10167 6405 6927 1242 
174 2692 10461 6606 7184 1294 
175 2746 10533 6842 7521 1360 
176 2780 10745 7168 7757 1397 
177 2860 10876 7326 8013 1443 
178 2974 10947 7659 8264 1463 
179 3074 11232 7955 8447 1467 
180 3088 11361 8219 8811 1518 
181 3181 11519 8473 9084 1642 
182 3279 11652 8783 9461 1632 
183 3437 11855 9141 9757 1718 
184 3481 11918 9364 10216 1773 
185 3607 12137 9562 10513 1864 
186 3673 12294 9859 10877 1996 
187 3660 12284 10127 11150 2000 
188 3712 12381 10539 11432 1993 
189 3846 12360 10839 11779 2030 
190 3951 12532 11239 12058 2061 
191 3976 12547 11465 12331 2104 
192 4040 12537 11868 12478 2180 
193 4177 12615 12017 12683 2243 
194 4348 12530 12253 12953 2309 
195 4477 12395 12622 13200 2383 
196 4469 12265 12974 13499 2462 
197 4560 12268 13176 13705 2469 
198 4557 12202 13322 13846 2458 
199 4643 12119 13696 14254 2456 
200 4669 12109 13906 14450 2472 
201 4722 12043 14077 14717 2468 
202 4756 12051 14296 14811 2483 
203 4785 11812 14192 14878 2491 
204 4732 11665 14387 15035 2459 
205 4793 11567 14567 15170 2537 
206 4925 11488 14913 15327 2573 
207 4912 11361 14948 15309 2642 
208 4962 10927 15084 15400 2713 
209 4905 10626 15136 15396 2726 
210 4863 10480 15265 15308 2748 
211 4784 10242 15343 15299 2849 
212 4750 10120 15317 15281 2847 
213 4765 9835 15340 15352 2868 
214 4825 9673 15164 15223 2868 
215 4850 9519 15161 14972 2979 
216 4814 9409 15233 14913 3013 
217 4775 9315 15041 14722 2986 
218 4706 9093 15105 14575 2950 
219 4699 8891 15004 14448 2989 
220 4716 8616 14961 14301 3007 
221 4672 8377 14908 14222 3005 
222 4682 8153 14926 14137 2953 
223 4522 7931 14566 14065 2981 
224 4366 7685 14638 13817 2872 
225 4270 7544 14569 13601 2771 
226 4298 7339 14356 13306 2742 
227 4285 7160 14195 12996 2695 
228 4165 6870 13860 12880 2592 
229 4139 6668 13837 12813 2539 
230 4014 6448 13657 12566 2447 
231 3985 6217 13590 12431 2349 
232 3898 6006 13348 12039 2371 
233 3816 5845 13203 11829 2372 
234 3815 5688 12962 11641 2336 
235 3775 5457 12742 11318 2355 
236 3654 5212 12522 11089 2279 
237 3570 5019 12252 10820 2224 
238 3499 4901 12004 10685 2171 
239 3511 4757 11831 10343 2104 
240 3407 4718 11512 10006 2055 
241 3284 4601 11257 9812 2044 
242 3167 4477 10919 9666 1935 
243 3130 4323 10671 9369 1886 
244 3030 4290 10320 9242 1864 
245 2915 4138 9986 9121 1811 
246 2887 4037 9690 8880 1731 
247 2827 3881 9365 8615 1679 
248 2751 3803 9135 8199 1574 
249 2662 3664 8910 8076 1546 
250 2593 3488 8608 7716 1456 
251 2479 3346 8200 7494 1391 
252 2417 3269 7941 7230 1377 
253 2376 3157 7813 6989 1328 
254 2286 2982 7579 6869 1241 
255 2174 2866 7278 6625 1241 
256 2106 2751 7011 6457 1184 
257 2113 2589 6703 6266 1160 
258 2057 2524 6571 6120 1145 
259 1957 2390 6258 5949 1099 
260 1877 2305 6062 5700 1073 
261 1871 2224 5995 5512 1032 
262 1808 2178 5849 5260 1006 
263 1772 2106 5547 5075 942 
264 1667 1963 5417 4880 897 
265 1609 1911 5243 4657 908 
266 1558 1835 5000 4506 879 
267 1512 1719 4788 4306 881 
268 1460 1619 4597 4154 843 
269 1404 1576 4412 4055 828 
270 1332 1487 4270 3884 779 
271 1263 1393 4084 3778 774 
272 1219 1285 3910 3483 711 
273 1179 1224 3739 3293 679 
274 1170 1157 3490 3143 645 
275 1104 1102 3435 3070 626 
276 1045 1058 3294 2922 603 
277 962 1017 3183 2906 586 
278 924 1002 3092 2778 533 
279 920 987 2975 2613 505 
280 882 943 2877 2585 458 
281 842 924 2707 2434 464 
282 773 847 2590 2382 435 
283 744 824 2435 2316 422 
284 717 768 2299 2182 403 
285 668 755 2192 2070 396 
286 674 746 2097 1999 381 
287 645 731 1995 1957 390 
288 624 690 1905 1842 388 
289 589 659 1809 1721 371 
290 543 653 1742 1602 350 
291 520 603 1707 1513 349 
292 481 586 1624 1501 337 
293 506 574 1565 1425 332 
294 476 554 1456 1389 312 
295 461 549 1399 1318 310 
296 441 537 1337 1226 305 
297 408 544 1248 1178 296 
298 402 558 1189 1116 288 
299 380 528 1152 1072 263 
300 380 494 1084 1109 262 
301 356 478 1029 1063 252 
302 346 469 997 997 265 
303 314 454 951 992 244 
304 294 418 896 936 229 
305 300 404 851 902 204 
306 299 403 830 883 200 
307 296 388 769 836 193 
308 274 362 748 793 185 
309 241 343 737 760 183 
310 242 339 743 725 192 
311 228 337 697 720 183 
312 221 324 649 673 174 
313 217 322 649 629 163 
314 196 328 621 612 163 
315 203 295 596 573 159 
316 196 282 555 511 157 
317 188 270 535 494 138 
318 163 257 531 426 132 
319 173 259 561 424 135 
320 188 251 556 370 119 
321 164 233 512 350 121 
322 156 212 482 350 111 
323 149 199 465 362 102 
324 152 195 429 355 98 
325 150 181 437 305 98 
326 144 178 402 296 104 
327 133 182 385 274 106 
328 127 168 390 268 95 
329 104 143 363 277 104 
330 100 151 336 284 97 
331 96 141 338 275 95 
332 95 136 312 258 88 
333 96 129 299 240 92 
334 95 124 299 236 109 
335 94 115 273 236 98 
336 84 116 260 217 104 
337 80 116 246 220 98 
338 85 107 229 216 106 
339 86 100 204 208 91 
340 65 101 195 196 86 
341 72 92 196 190 87 
342 74 87 171 186 99 
343 61 96 168 167 115 
344 62 88 166 157 117 
345 52 89 143 152 110 
346 58 77 133 160 109 
347 65 73 126 158 112 
348 67 78 121 151 104 
349 65 71 124 157 104 
350 56 74 116 148 98 
351 52 77 108 137 80 
352 59 72 115 126 86 
353 53 65 121 121 87 
354 42 69 115 108 81 
355 39 73 120 114 75 
356 36 73 106 95 71 
357 34 54 105 92 66 
358 34 57 103 81 65 
359 33 55 85 71 57 
360 32 52 85 74 52 
361 37 47 85 70 48 
362 38 42 78 76 46 
363 36 43 77 71 47 
364 30 42 66 75 55 
365 30 37 59 64 46 
366 28 32 63 49 53 
367 26 34 56 54 49 
368 24 32 55 56 41 
369 23 27 48 50 41 
370 22 21 45 58 43 
371 12 18 49 56 42 
372 14 13 47 58 42 
373 14 13 53 54 44 
374 13 15 61 61 36 
375 21 14 51 54 28 
376 25 9 49 52 22 
377 28 7 45 49 17 
378 25 8 41 45 15 
379 20 8 37 43 14 
380 17 7 40 42 13 
381 14 5 36 33 11 
382 13 5 40 24 13 
383 14 5 41 23 12 
384 13 6 41 21 7 
385 13 7 39 21 7 
386 16 5 36 21 7 
387 16 6 31 24 4 
388 13 5 34 22 2 
389 12 3 23 27 3 
390 9 1 20 28 2 
391 6 1 20 26 2 
392 6 2 18 23 1 
393 6 4 22 16 1 
394 3 3 19 18 3 
395 2 3 16 13 5 
396 2 3 20 14 5 
397 1 2 14 13 2 
398 2 2 20 11 3 
399 2 1 19 10 4 
400 2 1 21 14 3 
401 2 5 18 12 1 
402 1 5 21 15 1 
403 0 6 20 14 2 
404 0 7 17 8 2 
405 2 9 14 6 1 
406 0 10 14 9 1 
407 0 12 8 9 1 
408 0 12 10 7 1 
409 0 6 12 8 1 
410 0 3 11 8 1 
411 1 2 12 8 2 
412 2 1 7 7 1 
413 3 1 7 8 0 
414 2 1 6 5 0 
415 1 1 6 3 0 
416 0 1 4 5 0 
417 0 1 5 4 0 
418 1 0 4 10 0 
419 0 0 5 10 0 
420 0 0 2 12 0 
421 0 0 2 10 0 
422 0 0 1 11 0 
423 0 0 1 9 0 
424 1 0 1 7 0 
425 2 0 0 6 0 
426 3 0 1 6 0 
427 2 0 2 1 0 
428 1 0 2 1 0 
429 0 0 1 1 0 
430 0 0 1 0 0 
431 0 0 1 0 0 
432 0 0 1 0 0 
433 0 0 1 0 0 
434 0 0 1 0 0 
435 0 0 1 0 0 
436 0 0 1 0 0 
437 0 0 1 0 0 
438 0 0 1 0 0 
439 0 0 1 0 0 
440 0 0 2 0 0 
441 0 0 2 0 0 
442 0 0 3 0 0 
443 0 0 2 0 0 
444 0 0 1 0 0 
445 0 0 1 0 0 
446 0 0 1 0 0 
447 1 0 1 0 0 
448 1 0 1 0 0 
449 2 0 1 0 0 
450 1 0 1 0 0 
451 1 0 1 0 0 
452 1 0 1 0 0 
453 1 0 1 0 0 
454 1 0 1 0 0 
455 0 0 0 0 0 
