1 0 15 0 0 0 
2 0 16 0 0 0 
3 0 21 0 0 0 
4 0 16 0 0 0 
5 0 13 0 0 0 
6 0 7 0 0 0 
7 0 7 0 0 0 
8 0 4 0 0 0 
9 0 6 0 1 0 
10 1 8 0 3 0 
11 2 8 0 1 0 
12 2 12 0 3 0 
13 4 11 0 2 0 
14 0 13 1 3 0 
15 0 11 2 1 0 
16 0 15 3 1 0 
17 1 15 3 1 0 
18 1 20 2 2 0 
19 1 22 4 3 0 
20 1 24 2 3 0 
21 2 24 1 6 0 
22 3 29 2 10 0 
23 5 27 5 8 0 
24 7 29 5 7 0 
25 9 38 5 10 0 
26 7 29 10 11 0 
27 9 26 10 11 0 
28 10 27 11 8 0 
29 10 33 11 11 0 
30 13 33 15 11 0 
31 10 36 14 10 0 
32 10 35 12 8 0 
33 10 39 10 10 0 
34 8 46 8 15 0 
35 13 42 6 15 0 
36 16 45 8 17 0 
37 15 42 8 13 0 
38 16 45 7 14 0 
39 18 47 8 25 1 
40 15 42 10 30 0 
41 11 47 11 34 0 
42 16 46 10 36 0 
43 13 45 9 32 0 
44 13 50 7 32 0 
45 16 47 6 34 1 
46 20 52 7 27 3 
47 24 52 6 21 4 
48 21 49 6 20 3 
49 12 48 6 21 7 
50 11 43 15 21 6 
51 10 49 16 26 8 
52 9 57 17 26 9 
53 6 63 24 27 7 
54 8 57 28 21 8 
55 4 58 24 28 5 
56 5 58 24 33 6 
57 5 54 24 37 4 
58 6 51 21 37 4 
59 8 53 25 37 2 
60 6 47 28 36 2 
61 6 39 27 41 2 
62 6 54 23 43 0 
63 9 60 28 47 0 
64 9 73 21 51 0 
65 9 63 21 52 0 
66 8 68 20 59 1 
67 10 76 27 57 1 
68 8 83 27 58 3 
69 9 96 28 53 2 
70 7 90 37 57 3 
71 10 108 42 57 2 
72 12 112 44 55 4 
73 18 110 56 47 4 
74 19 105 59 66 3 
75 23 98 51 77 3 
76 20 105 49 87 4 
77 16 104 51 82 4 
78 16 108 58 82 6 
79 26 108 72 71 5 
80 23 112 74 78 5 
81 22 112 74 66 8 
82 22 127 69 69 8 
83 29 139 79 74 9 
84 29 131 78 79 8 
85 44 140 89 88 3 
86 39 165 79 91 0 
87 39 166 82 102 1 
88 33 184 88 116 1 
89 37 184 93 127 1 
90 38 193 104 148 5 
91 35 212 111 160 5 
92 41 231 115 180 5 
93 42 225 120 203 9 
94 49 239 117 221 12 
95 53 270 128 234 12 
96 50 266 138 265 8 
97 73 300 141 290 8 
98 82 316 148 304 9 
99 87 345 144 304 7 
100 100 362 150 316 5 
101 102 384 166 350 9 
102 114 424 195 370 6 
103 106 440 211 399 7 
104 120 454 239 407 9 
105 119 489 257 431 7 
106 122 493 273 416 9 
107 123 549 284 429 10 
108 112 588 306 477 15 
109 126 602 303 487 14 
110 127 630 336 494 22 
111 143 703 348 516 26 
112 147 735 365 518 27 
113 174 753 367 539 27 
114 180 795 372 579 35 
115 190 812 374 621 40 
116 195 880 401 643 36 
117 219 905 424 711 49 
118 231 981 457 747 58 
119 239 1027 512 758 61 
120 241 1093 565 784 68 
121 253 1127 557 846 66 
122 276 1209 611 899 60 
123 276 1256 633 922 57 
124 296 1319 673 953 58 
125 312 1414 730 1007 54 
126 334 1473 745 1055 62 
127 349 1598 797 1060 64 
128 394 1680 870 1132 78 
129 391 1851 923 1215 87 
130 395 1994 955 1245 108 
131 390 2089 1004 1334 126 
132 427 2193 1085 1388 138 
133 484 2305 1099 1448 149 
134 524 2356 1198 1514 157 
135 546 2495 1217 1600 170 
136 573 2633 1267 1692 190 
137 603 2773 1321 1756 213 
138 640 2869 1361 1787 223 
139 595 2930 1434 1919 263 
140 636 3073 1479 2011 297 
141 645 3213 1513 2050 314 
142 646 3448 1658 2139 328 
143 699 3682 1788 2269 372 
144 691 3850 1923 2411 379 
145 751 4021 2069 2512 377 
146 817 4135 2135 2597 438 
147 869 4326 2281 2732 467 
148 932 4484 2407 2873 526 
149 990 4662 2574 3014 544 
150 1050 4907 2773 3169 555 
151 1092 5172 2935 3304 588 
152 1091 5458 3069 3518 624 
153 1098 5682 3325 3697 664 
154 1153 5882 3455 3859 689 
155 1212 6014 3635 4082 707 
156 1315 6203 3765 4359 748 
157 1367 6513 3962 4563 821 
158 1437 6773 4218 4663 876 
159 1524 7018 4349 4874 904 
160 1562 7117 4495 5061 903 
161 1618 7414 4742 5266 936 
162 1714 7671 5003 5530 957 
163 1807 7879 5271 5824 963 
164 1877 8132 5573 6121 971 
165 1924 8340 5823 6411 1039 
166 2000 8579 6103 6600 1087 
167 2086 8839 6374 6833 1155 
168 2183 9127 6563 7149 1188 
169 2276 9505 6829 7295 1205 
170 2422 9633 6980 7514 1276 
171 2567 9820 7324 7818 1323 
172 2635 10087 7658 8109 1350 
173 2687 10320 7901 8365 1428 
174 2863 10472 8256 8704 1502 
175 2930 10700 8553 9111 1544 
176 3022 11022 8764 9449 1644 
177 3113 11250 9025 9710 1682 
178 3179 11586 9458 9954 1709 
179 3322 11714 9684 10239 1738 
180 3468 11882 9978 10546 1776 
181 3632 11978 10278 10804 1840 
182 3743 12108 10703 11220 1875 
183 3895 12187 11017 11524 1907 
184 4066 12348 11311 11886 1931 
185 4112 12459 11730 12127 1950 
186 4153 12574 12130 12476 2054 
187 4221 12476 12280 12767 2076 
188 4338 12597 12533 13090 2150 
189 4404 12549 12677 13332 2223 
190 4405 12595 12868 13603 2282 
191 4447 12657 13277 13961 2317 
192 4465 12821 13490 14307 2327 
193 4528 12858 13797 14322 2391 
194 4602 12698 14042 14558 2477 
195 4674 12813 14073 14753 2494 
196 4794 12807 14100 15020 2579 
197 4891 12710 14239 14961 2601 
198 4931 12490 14331 15070 2657 
199 4931 12231 14558 15169 2661 
200 4960 12173 14689 15281 2737 
201 4961 12008 14718 15514 2805 
202 4915 11886 14794 15672 2864 
203 4886 11758 14892 15739 2892 
204 4862 11572 14933 15709 2908 
205 4858 11387 15109 15710 2892 
206 4894 11176 15153 15690 2900 
207 4943 11013 15335 15607 2939 
208 4901 10714 15433 15498 2957 
209 4845 10495 15359 15462 2970 
210 4809 10294 15333 15327 3016 
211 4773 10275 15171 15174 3000 
212 4873 10006 15146 15149 3011 
213 4721 9829 15023 14960 3086 
214 4729 9574 14831 14924 3076 
215 4663 9309 14927 14809 3077 
216 4703 9082 14763 14686 3108 
217 4664 8856 14763 14501 3061 
218 4663 8651 14853 14414 2996 
219 4653 8608 14632 14179 2999 
220 4577 8346 14408 13945 2914 
221 4542 8132 14232 13770 2823 
222 4534 8003 13873 13520 2733 
223 4508 7821 13864 13305 2709 
224 4332 7665 13676 13081 2734 
225 4328 7364 13484 12855 2746 
226 4211 7099 13161 12652 2684 
227 4070 6878 12927 12314 2604 
228 4063 6655 12700 12056 2596 
229 3964 6399 12616 11868 2592 
230 3866 6273 12300 11590 2589 
231 3727 6021 12020 11451 2493 
232 3711 5851 11699 11225 2447 
233 3619 5685 11549 10906 2418 
234 3528 5519 11323 10629 2373 
235 3495 5311 10981 10444 2330 
236 3446 5092 10803 10104 2175 
237 3227 4912 10544 9737 2135 
238 3210 4677 10147 9454 2069 
239 3055 4644 9873 9095 2038 
240 2918 4503 9649 8710 1978 
241 2842 4366 9222 8328 1928 
242 2751 4164 8999 8100 1868 
243 2676 4016 8630 7960 1839 
244 2587 3882 8249 7677 1747 
245 2443 3775 7971 7470 1719 
246 2436 3667 7732 7202 1647 
247 2373 3601 7483 6989 1615 
248 2254 3417 7233 6886 1587 
249 2192 3300 7036 6671 1525 
250 2160 3148 6775 6426 1487 
251 2069 2955 6527 6106 1469 
252 1976 2805 6278 5893 1473 
253 1872 2689 6061 5782 1366 
254 1791 2620 5915 5569 1358 
255 1709 2549 5703 5315 1293 
256 1645 2408 5575 5043 1264 
257 1597 2328 5431 4847 1193 
258 1544 2251 5134 4681 1171 
259 1494 2178 4990 4421 1137 
260 1472 2120 4766 4242 1066 
261 1411 2084 4660 4149 1029 
262 1367 1983 4528 4118 998 
263 1296 1903 4378 3977 969 
264 1235 1820 4189 3865 929 
265 1191 1772 4027 3702 892 
266 1201 1676 3964 3516 825 
267 1190 1606 3852 3348 770 
268 1155 1522 3685 3211 747 
269 1139 1449 3530 3057 737 
270 1091 1429 3434 2850 660 
271 1069 1438 3366 2716 651 
272 1007 1380 3248 2566 606 
273 984 1373 3056 2484 595 
274 910 1306 2903 2314 574 
275 868 1243 2735 2192 538 
276 855 1152 2637 2118 532 
277 797 1122 2565 2038 508 
278 763 1088 2479 1946 465 
279 746 1064 2369 1894 447 
280 693 993 2226 1798 411 
281 662 970 2158 1710 401 
282 618 905 2031 1625 359 
283 570 868 1932 1572 350 
284 526 848 1819 1528 325 
285 516 821 1781 1457 304 
286 524 779 1661 1413 312 
287 497 743 1644 1342 311 
288 503 724 1601 1290 291 
289 515 682 1558 1276 271 
290 500 638 1438 1245 237 
291 485 627 1375 1179 239 
292 458 583 1332 1160 231 
293 447 521 1286 1140 226 
294 429 513 1235 1039 243 
295 383 496 1189 992 238 
296 337 476 1177 932 235 
297 333 424 1153 890 244 
298 302 402 1093 848 236 
299 312 382 1043 756 200 
300 286 353 997 720 190 
301 277 332 965 713 197 
302 276 290 940 697 189 
303 264 286 924 667 176 
304 249 264 880 639 140 
305 247 251 804 592 117 
306 243 254 790 557 94 
307 228 255 727 536 87 
308 213 260 673 556 90 
309 192 244 646 580 80 
310 176 223 606 558 78 
311 152 200 576 535 76 
312 171 187 553 507 71 
313 171 175 526 453 76 
314 157 177 516 438 80 
315 144 182 478 426 78 
316 142 185 478 401 79 
317 127 175 485 368 72 
318 130 161 441 336 81 
319 126 148 434 322 80 
320 116 146 429 301 77 
321 114 148 417 296 71 
322 117 145 391 289 80 
323 114 147 361 262 68 
324 121 145 361 235 52 
325 115 143 320 230 49 
326 106 140 323 217 45 
327 109 137 307 218 47 
328 97 120 297 225 44 
329 105 125 311 216 44 
330 91 113 306 197 44 
331 78 118 312 203 44 
332 72 114 275 183 38 
333 80 97 271 168 33 
334 81 98 263 174 27 
335 80 103 255 173 32 
336 78 93 244 163 23 
337 77 85 243 169 19 
338 79 80 232 148 25 
339 73 85 213 154 26 
340 78 80 201 133 27 
341 67 73 184 122 30 
342 65 66 166 111 27 
343 66 57 171 114 26 
344 71 56 162 97 28 
345 64 53 173 92 28 
346 54 60 169 93 31 
347 52 63 165 96 27 
348 47 53 147 87 24 
349 39 49 140 101 22 
350 39 56 147 94 16 
351 41 52 146 104 10 
352 37 53 147 107 10 
353 30 58 139 96 8 
354 24 64 130 97 10 
355 29 61 134 84 9 
356 22 55 132 92 8 
357 19 61 112 83 11 
358 20 57 104 76 9 
359 17 43 103 57 7 
360 21 41 99 60 8 
361 26 32 106 59 5 
362 26 30 93 51 5 
363 23 33 88 43 3 
364 23 29 75 50 4 
365 22 27 77 52 5 
366 18 24 65 56 4 
367 22 27 66 51 4 
368 18 20 75 55 7 
369 15 18 66 48 8 
370 15 20 65 51 7 
371 11 19 61 39 8 
372 10 21 61 40 5 
373 11 15 66 36 6 
374 9 11 58 39 4 
375 8 11 50 28 3 
376 8 7 49 26 3 
377 5 7 53 22 4 
378 7 4 49 21 4 
379 10 4 49 19 4 
380 15 3 50 19 2 
381 17 3 51 21 2 
382 16 4 51 18 1 
383 11 4 50 21 2 
384 8 2 45 18 2 
385 10 4 36 17 2 
386 10 1 29 17 3 
387 9 0 28 16 5 
388 7 0 32 20 2 
389 4 0 31 15 2 
390 5 0 31 13 5 
391 5 0 30 16 2 
392 7 0 33 17 1 
393 5 0 36 12 1 
394 4 0 35 8 1 
395 3 0 35 3 0 
396 6 1 27 4 0 
397 6 2 25 3 0 
398 7 1 27 2 0 
399 8 4 23 1 0 
400 5 4 20 1 0 
401 4 2 17 0 0 
402 1 3 17 0 0 
403 2 2 12 0 0 
404 2 2 10 0 0 
405 1 2 7 0 0 
406 2 2 6 0 0 
407 2 1 4 0 0 
408 2 2 6 0 0 
409 2 1 7 0 0 
410 4 1 11 0 0 
411 3 2 7 0 0 
412 3 1 7 0 0 
413 3 1 3 1 0 
414 5 1 2 1 0 
415 4 1 0 1 0 
416 2 0 0 3 0 
417 0 0 0 3 0 
418 0 0 0 2 0 
419 0 0 0 3 0 
420 0 0 0 3 0 
421 0 0 1 5 0 
422 0 0 4 4 0 
423 0 0 2 1 0 
424 0 0 0 1 0 
425 0 0 2 1 0 
426 0 0 2 1 0 
427 0 0 4 0 0 
428 0 0 4 0 0 
429 0 0 3 0 0 
430 0 0 4 0 0 
431 0 0 4 0 0 
432 0 0 4 0 0 
433 0 0 5 0 0 
434 0 0 4 0 0 
435 0 0 2 1 0 
436 0 0 3 2 0 
437 0 0 4 2 0 
438 0 0 3 2 0 
439 0 0 3 1 0 
440 0 0 3 1 0 
441 0 0 3 0 0 
442 0 0 3 0 0 
443 0 0 3 0 0 
444 0 0 2 0 0 
445 0 0 2 0 0 
446 0 0 4 0 0 
447 0 0 4 0 0 
448 0 0 3 0 0 
449 0 0 3 0 0 
450 0 0 0 0 0 
