1 0 5 0 0 0 
2 0 6 0 0 0 
3 1 11 0 1 0 
4 2 9 0 1 0 
5 1 14 1 0 0 
6 0 15 0 0 0 
7 0 16 1 0 0 
8 1 15 0 1 0 
9 0 13 2 1 0 
10 1 19 0 0 0 
11 0 22 0 0 0 
12 0 13 0 0 0 
13 1 11 1 4 0 
14 0 14 2 5 0 
15 1 11 1 3 0 
16 0 10 2 6 0 
17 0 15 4 5 0 
18 4 19 1 2 0 
19 3 20 4 5 0 
20 3 13 1 7 0 
21 3 13 3 1 0 
22 0 17 9 7 0 
23 4 22 8 12 0 
24 1 17 6 9 0 
25 3 20 1 9 0 
26 0 21 9 11 0 
27 2 30 11 20 1 
28 1 26 9 12 0 
29 3 19 4 15 0 
30 6 15 5 22 1 
31 3 20 6 19 0 
32 4 28 10 15 0 
33 2 28 12 16 0 
34 3 20 11 16 1 
35 7 36 12 14 0 
36 2 28 12 17 0 
37 1 21 12 32 0 
38 6 31 11 38 0 
39 4 30 8 25 0 
40 10 36 5 22 0 
41 5 31 6 26 0 
42 13 35 11 39 0 
43 9 33 13 48 1 
44 9 33 12 48 0 
45 14 25 10 63 0 
46 8 45 28 53 2 
47 13 29 27 56 2 
48 16 37 32 54 1 
49 10 35 22 50 0 
50 11 53 27 61 3 
51 21 52 36 53 1 
52 10 75 32 64 1 
53 11 70 34 72 3 
54 9 62 36 61 6 
55 14 90 43 68 4 
56 29 69 42 72 6 
57 22 80 40 71 5 
58 20 84 39 84 15 
59 15 89 45 108 7 
60 20 113 52 101 17 
61 22 126 61 108 16 
62 31 118 64 106 15 
63 25 140 55 102 18 
64 25 129 83 109 11 
65 22 135 86 118 12 
66 36 169 71 108 16 
67 36 166 101 124 9 
68 48 171 91 144 6 
69 36 210 102 113 4 
70 66 201 86 138 12 
71 59 231 112 131 13 
72 51 270 113 149 11 
73 69 247 120 153 13 
74 63 287 120 202 6 
75 71 271 134 175 12 
76 74 293 144 177 14 
77 60 293 149 184 11 
78 68 292 155 213 14 
79 73 328 179 219 10 
80 71 312 162 244 12 
81 74 345 177 247 19 
82 62 374 200 233 18 
83 68 400 214 244 8 
84 85 440 236 256 16 
85 87 423 221 273 17 
86 107 463 262 269 21 
87 86 512 307 278 27 
88 111 484 299 291 15 
89 121 519 289 301 42 
90 143 564 302 355 36 
91 121 599 317 367 51 
92 124 639 328 364 48 
93 137 720 328 355 56 
94 141 758 356 462 73 
95 156 742 375 472 73 
96 183 799 422 459 79 
97 168 881 439 486 67 
98 202 837 487 532 84 
99 210 910 460 529 74 
100 184 916 530 590 88 
101 236 950 537 600 87 
102 222 1065 554 629 98 
103 249 1065 592 662 101 
104 244 1130 644 700 92 
105 258 1142 689 757 89 
106 305 1223 696 777 107 
107 313 1328 708 850 126 
108 279 1270 807 849 112 
109 351 1394 852 916 125 
110 338 1391 920 937 134 
111 324 1440 936 968 127 
112 339 1503 941 1011 150 
113 368 1565 1000 1067 164 
114 380 1591 1022 1119 156 
115 386 1642 1122 1164 156 
116 358 1759 1115 1240 158 
117 430 1861 1198 1197 163 
118 439 1913 1237 1252 171 
119 481 2007 1251 1312 172 
120 525 2121 1262 1320 174 
121 509 2070 1414 1422 193 
122 536 2251 1444 1484 229 
123 542 2411 1501 1512 254 
124 576 2415 1577 1569 228 
125 640 2455 1760 1709 275 
126 592 2604 1710 1813 251 
127 608 2636 1729 1828 270 
128 681 2643 1857 1964 278 
129 681 2796 1812 1954 288 
130 722 2916 1949 2032 306 
131 711 2887 2088 2072 357 
132 787 3097 2180 2287 339 
133 723 3219 2275 2417 361 
134 799 3184 2372 2333 379 
135 844 3246 2531 2430 404 
136 849 3475 2565 2566 413 
137 990 3468 2767 2701 448 
138 965 3617 2804 2811 453 
139 975 3601 2880 2909 463 
140 1007 3681 2943 3075 455 
141 1034 3771 2994 3115 481 
142 1083 3731 3221 3196 472 
143 1130 3734 3232 3326 488 
144 1103 3807 3326 3505 487 
145 1195 3884 3421 3585 552 
146 1260 4015 3498 3580 551 
147 1296 3989 3533 3807 566 
148 1278 4078 3707 3804 581 
149 1366 4125 3803 3910 612 
150 1349 4182 3735 4101 664 
151 1393 4179 3889 4048 634 
152 1325 4364 3964 4196 637 
153 1402 4228 4111 4279 623 
154 1428 4173 4238 4381 695 
155 1365 4253 4305 4419 727 
156 1473 4171 4303 4396 720 
157 1533 4119 4395 4632 782 
158 1534 4224 4402 4622 771 
159 1529 4082 4535 4759 734 
160 1610 4038 4580 4881 743 
161 1637 4072 4542 4832 786 
162 1641 3928 4415 4950 772 
163 1615 4040 4701 5040 824 
164 1645 3902 4780 4962 851 
165 1753 3948 4848 4934 867 
166 1649 3845 4827 5182 850 
167 1659 3779 4732 5155 865 
168 1708 3776 4974 5156 884 
169 1622 3750 4912 5275 902 
170 1715 3733 4928 5123 932 
171 1615 3593 4915 5240 932 
172 1614 3528 4937 5223 946 
173 1665 3503 4971 5207 976 
174 1575 3575 5112 5052 965 
175 1587 3504 4983 5200 926 
176 1523 3477 5099 5193 982 
177 1597 3351 4875 5029 967 
178 1630 3235 4839 4971 914 
179 1627 3133 4806 5015 927 
180 1550 3038 4778 4932 936 
181 1635 2970 4758 4815 968 
182 1555 2950 4828 4721 857 
183 1430 2821 4806 4826 901 
184 1456 2785 4720 4676 917 
185 1457 2726 4645 4699 843 
186 1506 2568 4571 4628 866 
187 1452 2525 4477 4529 857 
188 1392 2399 4390 4330 864 
189 1429 2286 4479 4362 857 
190 1369 2271 4432 4157 858 
191 1331 2161 4341 4069 840 
192 1370 2219 4156 3992 861 
193 1361 2106 4156 3936 806 
194 1278 2023 3957 3840 800 
195 1267 1959 3960 3632 735 
196 1250 1772 3884 3596 793 
197 1198 1735 3760 3517 775 
198 1210 1762 3744 3354 755 
199 1188 1612 3593 3270 686 
200 1145 1683 3532 3268 717 
201 1138 1557 3489 3138 705 
202 1082 1551 3503 3034 619 
203 1028 1387 3440 2941 629 
204 969 1429 3159 2837 621 
205 867 1283 3263 2729 631 
206 1002 1243 3087 2719 581 
207 914 1260 2986 2608 600 
208 910 1183 2810 2643 578 
209 844 1194 2800 2578 570 
210 841 1147 2714 2418 533 
211 842 1041 2651 2305 516 
212 763 1030 2540 2166 454 
213 763 1006 2543 2205 485 
214 767 915 2426 2151 468 
215 711 916 2333 2021 482 
216 611 952 2203 1925 487 
217 655 887 2190 1844 385 
218 631 792 2031 1852 434 
219 645 758 2075 1743 439 
220 598 763 1992 1679 406 
221 591 743 1865 1612 398 
222 579 725 1816 1560 354 
223 556 701 1777 1506 346 
224 539 633 1715 1455 376 
225 495 557 1683 1358 354 
226 487 593 1559 1328 332 
227 464 556 1433 1234 330 
228 447 588 1526 1208 309 
229 439 563 1391 1186 284 
230 380 520 1372 1150 278 
231 424 501 1303 1040 273 
232 383 456 1271 1002 261 
233 388 460 1251 1016 248 
234 356 399 1193 929 210 
235 344 422 1167 895 264 
236 342 399 1027 870 265 
237 301 402 1095 885 213 
238 281 384 1047 809 222 
239 269 371 941 768 236 
240 290 361 874 724 209 
241 286 332 893 716 210 
242 273 334 844 717 205 
243 253 300 844 702 183 
244 272 295 760 670 173 
245 246 251 768 624 148 
246 252 287 707 593 157 
247 207 277 735 571 142 
248 201 247 664 526 142 
249 216 240 646 516 119 
250 209 214 572 489 127 
251 182 213 548 471 113 
252 181 212 528 443 97 
253 179 213 529 378 120 
254 174 205 469 422 110 
255 164 181 472 397 91 
256 138 161 476 344 101 
257 131 182 424 314 89 
258 134 212 439 353 104 
259 119 192 429 321 79 
260 130 157 361 305 83 
261 136 163 360 300 101 
262 106 165 344 299 79 
263 115 146 338 263 86 
264 108 130 322 267 93 
265 111 122 324 251 92 
266 122 115 301 233 65 
267 87 130 293 194 87 
268 93 125 238 197 72 
269 87 90 258 199 73 
270 87 95 252 200 60 
271 78 113 225 184 70 
272 78 84 206 163 59 
273 93 83 215 155 45 
274 73 73 192 133 48 
275 88 71 168 148 39 
276 64 81 176 163 40 
277 70 88 187 155 36 
278 67 67 170 134 35 
279 62 63 146 123 38 
280 49 52 150 103 35 
281 56 74 159 118 24 
282 42 76 131 95 33 
283 53 66 145 91 41 
284 48 56 133 100 24 
285 35 51 136 97 17 
286 26 43 132 84 29 
287 38 50 108 76 20 
288 33 47 114 63 32 
289 32 44 92 59 25 
290 32 45 101 65 30 
291 33 48 94 53 20 
292 30 31 94 43 19 
293 29 44 86 48 20 
294 23 30 81 38 26 
295 20 30 106 36 44 
296 19 30 89 40 19 
297 17 40 76 38 22 
298 12 22 73 39 27 
299 24 23 73 34 35 
300 21 25 63 39 17 
301 17 30 65 35 25 
302 21 33 53 33 20 
303 18 25 53 18 20 
304 12 36 42 23 21 
305 10 24 53 24 14 
306 8 18 41 29 11 
307 10 27 43 24 13 
308 10 20 43 21 16 
309 7 30 34 12 8 
310 8 22 42 23 18 
311 9 26 32 19 11 
312 9 25 34 16 10 
313 5 16 23 13 13 
314 12 16 30 19 10 
315 13 21 30 16 14 
316 13 22 38 16 9 
317 9 17 30 13 7 
318 12 14 16 4 9 
319 13 11 18 10 12 
320 16 7 26 12 8 
321 10 15 29 9 9 
322 17 7 15 9 7 
323 10 14 24 10 6 
324 10 10 23 8 1 
325 13 11 22 14 5 
326 6 18 12 11 3 
327 11 8 13 9 3 
328 7 7 16 5 1 
329 9 8 18 12 1 
330 6 11 14 15 2 
331 6 11 16 17 3 
332 5 10 10 19 2 
333 4 9 13 10 1 
334 3 5 14 11 0 
335 6 5 5 12 2 
336 5 6 7 14 1 
337 7 12 10 14 2 
338 5 12 4 7 1 
339 7 12 7 7 1 
340 8 5 9 8 3 
341 5 4 9 5 2 
342 6 9 8 7 4 
343 6 5 4 3 1 
344 1 5 8 1 2 
345 3 3 5 5 1 
346 3 6 5 4 0 
347 2 6 4 1 0 
348 2 4 1 0 0 
349 3 1 3 1 0 
350 1 5 3 4 0 
351 1 4 3 1 0 
352 0 3 2 0 0 
353 2 3 2 1 0 
354 0 1 1 2 1 
355 2 0 1 3 0 
356 2 1 1 0 0 
357 1 0 10 1 0 
358 1 1 4 0 0 
359 0 0 6 2 0 
360 2 0 2 1 0 
361 1 1 1 3 0 
362 4 0 0 1 0 
363 1 1 1 0 0 
364 0 1 2 0 0 
365 1 0 1 0 0 
366 2 0 0 0 0 
367 2 0 0 1 0 
368 0 0 0 1 0 
369 3 0 0 0 0 
370 0 0 2 0 0 
371 0 1 1 0 0 
372 1 0 1 0 0 
373 0 0 0 0 0 
374 0 0 0 0 0 
375 0 0 0 0 0 
376 0 0 0 0 0 
377 0 0 0 0 0 
378 0 0 0 0 0 
379 1 0 0 0 0 
380 0 0 1 0 0 
381 0 0 0 0 0 
382 0 0 0 0 0 
