1 0 13 0 0 0 
2 0 14 0 0 0 
3 2 11 0 0 0 
4 2 16 0 0 0 
5 2 12 0 0 0 
6 1 15 0 0 0 
7 2 11 0 0 0 
8 1 14 1 0 0 
9 2 9 2 0 0 
10 1 8 1 0 0 
11 1 12 0 0 0 
12 2 15 0 0 0 
13 2 14 0 0 0 
14 3 15 1 0 0 
15 3 17 2 0 0 
16 2 15 3 0 0 
17 2 9 1 1 0 
18 1 8 1 0 0 
19 4 8 1 0 0 
20 4 7 2 2 0 
21 2 7 1 1 0 
22 1 7 1 0 0 
23 1 8 0 0 0 
24 1 10 0 0 0 
25 0 14 0 3 0 
26 0 22 0 2 0 
27 0 16 0 1 0 
28 0 16 0 1 0 
29 1 13 0 0 0 
30 2 12 0 3 0 
31 5 12 0 2 0 
32 8 8 0 2 0 
33 6 7 1 3 0 
34 3 8 1 3 0 
35 4 6 1 2 0 
36 4 7 3 2 0 
37 2 9 3 4 0 
38 1 11 4 3 0 
39 1 10 3 5 0 
40 3 16 4 4 0 
41 1 20 2 5 0 
42 1 23 9 2 0 
43 1 26 15 1 0 
44 0 29 16 4 0 
45 1 33 22 4 0 
46 5 32 22 5 0 
47 6 32 25 5 0 
48 6 38 30 6 1 
49 10 43 32 9 2 
50 13 50 38 9 2 
51 14 51 36 6 1 
52 11 56 40 8 0 
53 7 67 40 11 0 
54 9 70 45 14 1 
55 12 68 54 14 3 
56 10 77 54 20 2 
57 12 83 49 37 6 
58 13 87 58 40 8 
59 10 97 50 46 8 
60 10 113 48 51 7 
61 13 102 56 54 9 
62 15 112 59 52 8 
63 14 105 60 60 6 
64 17 117 63 60 4 
65 23 119 73 60 5 
66 16 121 77 61 5 
67 14 128 88 76 6 
68 13 134 91 93 3 
69 14 140 93 105 0 
70 18 146 115 111 0 
71 21 157 119 109 0 
72 23 165 126 116 3 
73 28 181 136 128 4 
74 30 188 125 140 4 
75 25 193 125 134 5 
76 24 223 142 136 3 
77 32 252 157 144 1 
78 44 276 151 143 4 
79 47 279 149 179 5 
80 52 283 149 193 5 
81 61 303 149 188 6 
82 67 263 133 190 8 
83 74 263 132 211 11 
84 74 315 131 207 12 
85 84 294 125 199 8 
86 78 320 127 210 14 
87 88 323 144 215 15 
88 88 357 146 209 18 
89 89 389 156 235 18 
90 94 418 158 220 19 
91 97 454 173 239 17 
92 91 477 195 264 14 
93 96 523 213 285 15 
94 91 535 218 318 15 
95 107 544 216 326 16 
96 104 565 221 351 19 
97 116 609 241 382 23 
98 114 642 247 387 35 
99 115 691 267 396 30 
100 115 716 264 404 31 
101 121 778 296 436 41 
102 126 796 318 447 43 
103 140 828 358 460 43 
104 142 889 397 479 47 
105 166 912 436 517 51 
106 169 952 432 572 55 
107 179 986 451 569 59 
108 184 1061 482 568 72 
109 199 1176 516 595 82 
110 209 1255 547 612 78 
111 221 1308 577 643 78 
112 233 1347 604 712 81 
113 272 1400 637 735 79 
114 286 1449 670 763 90 
115 319 1501 729 800 102 
116 344 1613 765 849 101 
117 364 1702 787 935 116 
118 378 1800 857 1004 116 
119 422 1869 886 1094 116 
120 439 1954 927 1156 118 
121 468 2053 932 1221 106 
122 481 2205 1032 1232 104 
123 500 2257 1130 1303 124 
124 495 2387 1209 1369 136 
125 501 2467 1226 1494 125 
126 526 2589 1266 1588 138 
127 568 2656 1325 1683 141 
128 586 2796 1396 1780 155 
129 643 2993 1430 1854 182 
130 673 3132 1517 2009 175 
131 711 3321 1578 2166 165 
132 768 3471 1766 2237 183 
133 779 3627 1814 2308 197 
134 840 3824 2020 2388 220 
135 830 4049 2003 2456 245 
136 919 4170 2046 2502 280 
137 919 4418 2094 2582 298 
138 974 4621 2195 2696 306 
139 1051 4835 2423 2812 313 
140 1116 5039 2528 2974 320 
141 1166 5279 2679 3155 347 
142 1184 5601 2847 3313 361 
143 1281 5811 2996 3477 360 
144 1362 6125 3026 3596 374 
145 1415 6247 3157 3721 401 
146 1467 6506 3379 3856 442 
147 1447 6782 3519 4013 483 
148 1506 7010 3677 4221 512 
149 1503 7127 3794 4357 545 
150 1572 7311 3988 4528 585 
151 1623 7605 4131 4741 581 
152 1752 7855 4375 4994 571 
153 1809 8042 4654 5172 603 
154 1888 8277 4911 5461 618 
155 1947 8571 5187 5721 652 
156 1997 8770 5354 5981 735 
157 2079 8984 5514 6204 753 
158 2140 9158 5758 6567 812 
159 2248 9420 5979 6865 850 
160 2384 9529 6251 7155 916 
161 2417 9701 6494 7661 949 
162 2505 10042 6752 7882 993 
163 2608 10250 7073 8277 991 
164 2701 10568 7419 8425 1036 
165 2805 10853 7616 8702 1047 
166 2829 10918 7834 8966 1044 
167 2908 11076 8152 9261 1105 
168 3027 11162 8346 9559 1169 
169 3125 11250 8651 9676 1188 
170 3238 11385 8960 10046 1236 
171 3371 11569 9218 10339 1356 
172 3468 11763 9478 10577 1406 
173 3564 11792 9909 10679 1404 
174 3673 11851 10244 11094 1456 
175 3797 11862 10575 11439 1440 
176 3836 12008 10982 11688 1474 
177 3906 12205 11292 12086 1540 
178 4002 12119 11715 12349 1624 
179 4142 12159 12000 12631 1732 
180 4213 12235 12186 13030 1773 
181 4297 12364 12605 13380 1831 
182 4345 12460 12754 13716 1886 
183 4424 12501 13053 13951 1987 
184 4483 12423 13265 13995 2054 
185 4532 12380 13592 14183 2086 
186 4541 12491 13747 14290 2244 
187 4637 12331 14047 14467 2349 
188 4687 12370 14420 14484 2409 
189 4713 12233 14473 14792 2510 
190 4767 12187 14520 15114 2576 
191 4898 12034 14596 15191 2625 
192 4900 11989 14796 15339 2825 
193 4902 11697 14962 15412 2891 
194 4909 11532 14955 15442 2978 
195 4861 11399 14936 15494 3035 
196 4972 11274 15091 15406 3134 
197 5026 11103 15251 15539 3160 
198 4959 10939 15339 15638 3178 
199 4937 10726 15385 15576 3247 
200 4925 10672 15559 15473 3303 
201 4978 10469 15689 15446 3285 
202 4988 10238 15634 15611 3262 
203 4917 10067 15614 15481 3295 
204 4867 9666 15636 15516 3210 
205 4870 9442 15443 15322 3218 
206 4840 9251 15569 15063 3240 
207 4815 9061 15384 14854 3202 
208 4774 8929 15405 14481 3180 
209 4715 8740 15303 14328 3213 
210 4679 8448 15058 14220 3181 
211 4593 8120 14939 13891 3237 
212 4542 7942 14702 13847 3201 
213 4487 7707 14606 13601 3193 
214 4444 7506 14302 13403 3132 
215 4455 7405 14137 13017 3117 
216 4348 7225 14020 12889 3091 
217 4272 7101 13793 12562 3004 
218 4221 6874 13672 12274 2871 
219 4167 6760 13499 11993 2879 
220 4071 6552 13236 11749 2836 
221 4053 6373 12761 11469 2756 
222 3963 6166 12456 11230 2731 
223 3824 6010 12226 10983 2678 
224 3753 5878 11955 10717 2666 
225 3653 5756 11641 10432 2687 
226 3551 5561 11295 10153 2620 
227 3355 5398 11019 9957 2547 
228 3318 5218 10778 9615 2428 
229 3252 5191 10444 9359 2399 
230 3159 4977 10283 9127 2394 
231 3095 4823 10000 8947 2310 
232 3021 4568 9781 8683 2311 
233 2976 4396 9513 8447 2251 
234 2897 4279 9275 8198 2267 
235 2839 4259 9071 7917 2220 
236 2792 4113 8800 7624 2146 
237 2687 3966 8446 7461 2074 
238 2591 3728 8051 7276 2020 
239 2485 3604 7836 7084 1941 
240 2411 3433 7606 6838 1891 
241 2282 3275 7445 6568 1790 
242 2154 3083 7202 6413 1751 
243 2080 2964 7148 6159 1647 
244 2066 2888 6898 5855 1680 
245 1960 2802 6652 5589 1631 
246 1963 2721 6529 5412 1607 
247 1842 2573 6314 5268 1512 
248 1785 2464 6043 5039 1446 
249 1674 2341 5977 4876 1410 
250 1625 2286 5720 4668 1347 
251 1562 2278 5660 4545 1283 
252 1525 2143 5506 4351 1217 
253 1443 2071 5300 4242 1161 
254 1417 2045 5011 4091 1130 
255 1405 1968 4807 3980 1071 
256 1382 1906 4613 3823 1031 
257 1274 1841 4515 3672 973 
258 1241 1698 4419 3541 932 
259 1201 1638 4205 3403 901 
260 1151 1563 3987 3261 843 
261 1121 1497 3841 3140 817 
262 1092 1416 3696 3032 772 
263 1068 1347 3552 2934 711 
264 1041 1286 3406 2780 691 
265 1010 1236 3255 2672 679 
266 997 1228 3038 2616 656 
267 935 1203 2940 2499 611 
268 899 1165 2876 2391 596 
269 872 1106 2810 2338 565 
270 840 1019 2705 2273 538 
271 808 963 2673 2179 512 
272 770 942 2580 2132 491 
273 741 899 2471 2079 476 
274 705 875 2436 1982 466 
275 693 835 2304 1904 445 
276 683 793 2224 1857 401 
277 643 737 2147 1804 403 
278 595 667 2038 1770 388 
279 577 624 1947 1668 320 
280 566 620 1837 1606 299 
281 532 600 1755 1502 308 
282 533 597 1693 1396 312 
283 491 554 1653 1298 288 
284 464 557 1619 1247 266 
285 450 526 1546 1247 231 
286 431 561 1477 1191 211 
287 401 563 1441 1109 207 
288 375 550 1374 998 207 
289 359 513 1308 970 204 
290 354 478 1191 915 198 
291 321 440 1104 859 187 
292 305 435 1035 786 174 
293 290 437 986 756 160 
294 280 408 939 744 134 
295 236 388 847 734 140 
296 239 384 805 670 133 
297 229 374 750 661 143 
298 209 358 685 630 140 
299 170 334 689 590 134 
300 185 312 673 548 123 
301 176 284 679 502 119 
302 181 250 676 501 116 
303 162 232 621 491 112 
304 156 212 615 452 97 
305 148 208 602 431 83 
306 146 180 565 414 77 
307 152 185 545 391 71 
308 139 178 516 370 61 
309 142 172 525 346 59 
310 134 181 490 336 59 
311 127 170 436 326 55 
312 120 155 427 295 60 
313 111 144 409 287 56 
314 112 129 407 271 50 
315 97 117 366 289 46 
316 94 121 342 249 47 
317 101 107 317 245 46 
318 104 115 298 235 42 
319 111 115 285 218 47 
320 95 117 279 210 47 
321 95 109 257 190 58 
322 89 107 227 204 62 
323 78 92 205 183 62 
324 71 87 194 173 48 
325 64 79 191 160 42 
326 60 68 174 147 27 
327 59 68 161 143 25 
328 57 67 158 141 25 
329 58 61 147 148 21 
330 57 60 135 138 14 
331 56 64 119 139 15 
332 54 63 112 132 11 
333 44 55 103 128 8 
334 27 47 97 137 7 
335 25 49 104 125 6 
336 27 52 96 106 9 
337 24 55 91 107 7 
338 26 52 86 98 6 
339 30 45 82 87 7 
340 35 47 81 87 7 
341 32 44 79 81 8 
342 24 47 66 84 14 
343 22 49 56 71 6 
344 22 52 49 77 7 
345 24 45 48 77 9 
346 23 45 36 77 7 
347 21 50 35 71 9 
348 23 52 35 66 9 
349 20 54 35 62 11 
350 19 48 27 60 9 
351 17 43 25 48 7 
352 13 41 21 46 6 
353 8 39 16 46 6 
354 8 34 16 40 4 
355 6 36 16 35 4 
356 6 29 19 34 3 
357 8 32 19 29 4 
358 6 25 20 33 5 
359 6 30 15 30 2 
360 5 25 16 29 3 
361 3 25 21 24 3 
362 2 27 22 26 2 
363 2 27 19 25 1 
364 2 24 17 24 1 
365 4 24 22 21 1 
366 4 25 18 19 0 
367 7 28 22 19 0 
368 6 28 22 15 0 
369 6 27 22 17 0 
370 3 18 20 16 0 
371 2 19 14 16 0 
372 2 16 15 17 0 
373 2 17 18 12 0 
374 3 19 21 13 0 
375 4 13 14 16 0 
376 4 15 14 13 0 
377 5 12 12 15 0 
378 5 9 12 9 0 
379 5 9 10 12 0 
380 1 5 7 12 0 
381 2 4 7 9 0 
382 5 8 6 9 0 
383 4 9 6 8 0 
384 4 11 5 6 0 
385 3 11 6 7 0 
386 4 14 6 6 0 
387 7 12 7 7 0 
388 7 11 7 6 0 
389 5 9 6 8 0 
390 6 9 5 10 0 
391 5 11 8 8 0 
392 6 6 7 6 0 
393 5 6 5 9 0 
394 4 3 3 7 0 
395 2 2 5 4 0 
396 2 1 5 5 0 
397 0 1 6 4 0 
398 0 1 2 3 1 
399 0 1 2 3 0 
400 0 0 3 3 0 
401 0 0 3 3 0 
402 0 0 4 2 0 
403 0 0 6 2 0 
404 0 0 4 3 0 
405 0 0 3 5 0 
406 0 1 4 6 0 
407 0 1 5 5 0 
408 0 2 6 4 0 
409 0 2 8 3 0 
410 0 1 8 2 0 
411 0 1 8 2 0 
412 0 1 9 3 0 
413 0 0 9 2 0 
414 1 0 7 0 0 
415 1 0 7 1 0 
416 0 0 8 1 0 
417 0 0 8 1 0 
418 1 0 6 2 0 
419 0 0 8 2 0 
420 0 0 9 2 0 
421 0 0 11 2 0 
422 0 0 10 1 0 
423 1 0 7 1 0 
424 2 0 4 1 0 
425 6 0 4 0 0 
426 4 0 3 0 0 
427 3 0 7 0 0 
428 5 5 5 1 0 
429 5 1 6 0 0 
430 4 1 7 1 0 
431 3 0 11 1 0 
432 5 0 13 1 0 
433 4 0 9 1 0 
434 6 0 6 2 0 
435 7 0 5 2 0 
436 5 0 6 3 0 
437 5 0 6 1 0 
438 3 0 8 1 0 
439 2 0 10 1 0 
440 1 0 8 0 0 
441 1 0 6 0 1 
442 0 1 8 0 1 
443 1 1 9 1 1 
444 1 0 7 1 1 
445 1 0 7 0 1 
446 0 0 5 0 0 
447 0 0 3 1 0 
448 0 0 4 1 0 
449 0 0 5 1 0 
450 0 0 4 2 0 
451 0 0 4 1 0 
452 0 0 5 0 0 
453 0 0 5 0 0 
454 0 0 8 0 0 
455 0 0 11 0 0 
456 0 0 18 0 1 
457 0 0 19 0 2 
458 0 0 23 0 2 
459 0 0 21 1 3 
460 2 0 19 1 2 
461 2 0 14 1 3 
462 2 0 16 1 2 
463 4 1 17 3 1 
464 5 0 16 3 0 
465 3 0 18 5 0 
466 2 1 14 2 0 
467 2 1 14 3 0 
468 3 1 13 4 0 
469 5 1 14 5 0 
470 9 0 15 6 1 
471 7 1 19 4 0 
472 8 1 16 6 0 
473 11 1 14 6 0 
474 9 1 15 7 0 
475 9 0 10 5 0 
476 13 0 9 5 0 
477 13 0 6 6 1 
478 15 0 3 7 0 
479 11 0 4 4 2 
480 11 0 3 3 1 
481 8 1 1 1 1 
482 9 1 0 1 1 
483 6 2 0 4 0 
484 5 3 0 3 0 
485 6 1 0 2 0 
486 4 0 0 1 0 
487 4 0 0 1 0 
488 9 0 1 1 0 
489 8 0 2 0 0 
490 6 1 1 0 0 
491 5 1 1 0 0 
492 3 1 2 0 0 
493 3 0 1 4 0 
494 3 0 1 5 0 
495 1 0 1 2 0 
496 1 0 1 3 0 
497 3 0 1 2 0 
498 2 0 2 2 0 
499 2 0 2 4 0 
500 0 0 3 8 0 
501 2 0 3 7 0 
502 1 0 2 5 0 
503 1 0 2 7 0 
504 1 0 1 7 0 
505 2 0 2 7 0 
506 1 0 1 6 0 
507 1 0 2 6 0 
508 1 0 1 4 0 
509 2 0 1 3 0 
510 2 1 2 3 0 
511 1 0 2 3 0 
512 0 0 3 1 0 
513 0 0 4 1 0 
514 0 0 4 1 0 
515 0 0 4 1 0 
516 0 0 5 0 0 
517 0 0 6 0 0 
518 0 0 4 0 0 
519 0 0 5 0 0 
520 0 0 4 0 0 
521 0 0 5 0 0 
522 0 0 5 0 0 
523 0 0 5 0 0 
524 0 0 4 0 0 
525 0 0 2 0 0 
526 0 0 1 0 0 
527 0 0 1 0 0 
528 0 0 2 0 0 
529 0 0 1 0 0 
530 0 0 0 0 0 
