1 0 0 0 0 0 
2 0 1 0 0 0 
3 0 1 0 0 0 
4 0 0 0 0 0 
5 0 0 0 0 0 
6 0 1 0 0 0 
7 0 3 0 0 0 
8 1 1 0 0 0 
9 0 2 0 0 0 
10 0 3 0 0 0 
11 0 0 0 0 0 
12 0 1 0 0 0 
13 0 2 0 0 0 
14 1 0 0 0 0 
15 0 1 0 0 0 
16 0 3 0 0 0 
17 0 1 0 0 0 
18 0 0 0 0 0 
19 0 2 0 1 0 
20 0 0 0 0 0 
21 0 1 0 0 0 
22 0 1 0 0 0 
23 0 1 0 0 0 
24 0 2 0 0 0 
25 0 2 0 0 0 
26 0 3 0 0 0 
27 0 2 0 0 0 
28 0 2 0 0 0 
29 0 2 0 0 0 
30 0 6 0 0 0 
31 0 6 0 0 0 
32 0 7 0 0 0 
33 1 3 0 1 0 
34 0 2 0 0 0 
35 1 6 0 0 0 
36 1 9 0 0 0 
37 1 4 1 0 0 
38 5 4 1 2 0 
39 1 5 0 0 0 
40 2 9 1 1 0 
41 1 7 1 1 0 
42 1 6 1 3 0 
43 2 5 2 5 0 
44 2 8 0 5 0 
45 0 6 3 2 0 
46 2 6 1 1 0 
47 2 4 1 2 0 
48 1 4 0 2 0 
49 1 4 0 5 0 
50 0 10 2 4 0 
51 0 10 0 2 0 
52 4 7 0 8 0 
53 2 9 0 2 0 
54 2 10 2 6 0 
55 1 8 1 4 0 
56 2 17 1 5 0 
57 3 11 0 13 0 
58 6 8 1 10 0 
59 4 8 2 10 0 
60 3 13 1 5 0 
61 4 10 0 11 0 
62 3 11 1 4 0 
63 2 13 0 7 0 
64 3 7 0 12 0 
65 1 14 0 9 0 
66 3 13 3 5 0 
67 0 13 1 6 0 
68 3 15 0 10 0 
69 2 11 0 11 0 
70 1 22 1 9 0 
71 5 20 2 9 0 
72 4 28 1 11 0 
73 2 23 3 14 0 
74 3 35 2 13 2 
75 5 38 0 9 1 
76 4 21 4 8 0 
77 7 26 4 10 0 
78 4 29 4 11 0 
79 1 25 7 9 0 
80 3 36 7 19 0 
81 2 37 13 10 0 
82 9 20 11 13 0 
83 6 31 4 18 0 
84 4 24 8 12 1 
85 4 25 6 26 0 
86 4 26 6 17 0 
87 5 23 9 18 1 
88 8 28 6 20 0 
89 9 34 9 18 0 
90 5 41 9 20 0 
91 3 28 16 16 0 
92 5 34 15 19 0 
93 4 56 13 17 0 
94 9 48 19 14 0 
95 9 48 23 25 0 
96 10 45 19 22 0 
97 13 61 16 36 0 
98 5 64 32 39 1 
99 14 68 33 63 0 
100 10 52 33 33 0 
101 10 56 31 42 0 
102 10 54 23 48 0 
103 11 57 41 57 0 
104 10 76 33 55 0 
105 20 71 41 63 2 
106 13 77 43 47 0 
107 21 83 40 42 1 
108 16 73 45 68 3 
109 12 89 55 57 1 
110 8 87 59 65 0 
111 20 90 58 54 4 
112 15 94 51 84 1 
113 16 103 61 74 1 
114 25 112 61 89 5 
115 32 125 72 73 5 
116 29 132 62 79 6 
117 29 130 69 84 5 
118 23 139 70 108 6 
119 43 142 83 103 9 
120 30 166 72 120 9 
121 33 155 79 111 7 
122 44 151 86 104 9 
123 36 186 111 102 8 
124 42 170 112 107 7 
125 46 175 100 100 10 
126 59 225 99 105 8 
127 44 204 117 103 9 
128 50 201 112 129 10 
129 50 209 123 130 12 
130 47 256 123 139 14 
131 73 265 135 181 12 
132 64 269 137 171 16 
133 74 281 154 193 22 
134 76 325 141 215 23 
135 71 328 150 189 19 
136 89 367 160 180 19 
137 67 388 176 247 18 
138 85 377 189 257 35 
139 107 442 199 267 24 
140 98 439 205 273 30 
141 101 480 234 275 28 
142 107 509 234 292 30 
143 105 540 255 300 37 
144 109 594 255 345 29 
145 126 607 289 371 50 
146 152 640 294 400 59 
147 165 681 313 375 44 
148 135 685 312 425 57 
149 158 677 358 440 51 
150 155 741 372 454 45 
151 155 827 325 472 56 
152 185 864 361 511 61 
153 171 931 399 532 56 
154 190 958 398 557 61 
155 182 1025 485 580 55 
156 214 1050 439 610 57 
157 212 1109 458 630 80 
158 214 1124 461 659 61 
159 236 1241 508 649 67 
160 213 1278 596 779 59 
161 252 1303 559 773 79 
162 291 1442 662 760 83 
163 291 1422 645 825 85 
164 288 1548 736 842 85 
165 322 1542 692 883 87 
166 317 1567 824 942 91 
167 348 1638 806 1017 93 
168 364 1744 888 988 108 
169 379 1790 930 1053 122 
170 398 1922 952 1092 131 
171 401 1981 1061 1141 152 
172 388 1994 1137 1212 137 
173 435 2058 1166 1269 134 
174 449 2153 1219 1340 160 
175 458 2207 1265 1383 176 
176 520 2259 1338 1440 172 
177 529 2416 1407 1566 202 
178 555 2513 1466 1607 201 
179 527 2610 1540 1666 210 
180 586 2613 1564 1704 230 
181 653 2678 1657 1861 255 
182 608 2708 1663 1932 249 
183 725 2727 1794 1880 248 
184 686 2802 1898 2069 247 
185 745 2867 1948 2001 302 
186 736 2962 2014 2142 297 
187 781 3087 2107 2238 273 
188 847 3100 2224 2220 289 
189 824 3264 2325 2303 335 
190 841 3198 2372 2341 352 
191 854 3271 2546 2521 344 
192 893 3426 2549 2751 371 
193 899 3638 2611 2759 411 
194 1020 3641 2765 2849 432 
195 1007 3572 2863 2875 422 
196 1001 3745 2902 3059 446 
197 1038 3781 3108 3108 443 
198 993 3823 3086 3129 516 
199 1127 3794 3241 3285 471 
200 1167 3896 3451 3411 515 
201 1243 4025 3366 3468 574 
202 1201 4038 3603 3547 572 
203 1296 4091 3602 3627 601 
204 1276 4011 3819 3704 608 
205 1298 4107 3867 3788 644 
206 1408 4209 3991 3960 665 
207 1368 4217 4100 4140 699 
208 1443 4011 4217 4206 736 
209 1413 4149 4335 4393 718 
210 1412 4150 4458 4369 770 
211 1493 4087 4511 4511 771 
212 1565 4141 4503 4460 829 
213 1593 4066 4570 4630 845 
214 1531 4096 4823 4565 818 
215 1633 4036 4832 4866 842 
216 1617 4064 5002 4910 850 
217 1567 4028 4900 5028 923 
218 1671 4029 4996 4985 908 
219 1674 3841 5055 5106 910 
220 1621 3930 5170 5057 931 
221 1658 3938 5188 5001 929 
222 1676 3794 5255 5019 946 
223 1686 3790 5144 4884 998 
224 1705 3615 5259 5103 978 
225 1616 3625 5312 5225 988 
226 1702 3533 5305 5153 1012 
227 1691 3425 5329 5147 1039 
228 1698 3367 5252 5217 1003 
229 1596 3282 5310 4967 966 
230 1616 3294 5312 5076 1028 
231 1651 3208 5382 5097 1031 
232 1629 3160 5265 5052 993 
233 1681 3163 5177 4911 995 
234 1566 3059 5068 5017 983 
235 1567 2987 5126 5015 1028 
236 1671 2940 5158 5012 977 
237 1517 2802 4973 4883 1046 
238 1621 2912 5101 4910 985 
239 1569 2754 4862 4750 956 
240 1578 2670 4798 4726 937 
241 1568 2605 4804 4557 984 
242 1530 2529 4678 4496 937 
243 1529 2481 4663 4453 959 
244 1538 2392 4530 4287 917 
245 1442 2276 4767 4289 958 
246 1483 2231 4498 4202 940 
247 1388 2166 4542 4022 931 
248 1374 2062 4325 4059 914 
249 1311 1894 4378 3976 853 
250 1239 1884 4267 3912 860 
251 1284 1845 4099 3767 809 
252 1317 1857 3949 3704 815 
253 1210 1749 4015 3786 823 
254 1159 1695 3853 3689 738 
255 1179 1686 3723 3468 751 
256 1142 1613 3796 3388 721 
257 1169 1562 3606 3280 744 
258 1145 1495 3410 3131 729 
259 1169 1392 3490 3024 652 
260 1107 1309 3306 3104 696 
261 994 1362 3295 2960 648 
262 1036 1261 3162 2852 687 
263 960 1163 3076 2747 635 
264 962 1200 3005 2614 578 
265 943 1159 2863 2554 569 
266 867 1094 2806 2396 543 
267 889 1074 2732 2428 545 
268 866 1032 2728 2319 534 
269 800 1034 2662 2175 515 
270 760 909 2545 2229 479 
271 752 860 2373 1963 463 
272 703 887 2387 1964 473 
273 735 872 2296 1876 461 
274 631 821 2174 1923 451 
275 660 755 2156 1855 433 
276 630 801 2029 1787 415 
277 633 717 2017 1741 380 
278 569 717 1857 1675 421 
279 555 661 1769 1549 365 
280 525 599 1716 1524 333 
281 500 600 1628 1486 338 
282 523 554 1570 1406 335 
283 553 525 1507 1310 330 
284 453 565 1496 1241 310 
285 472 504 1380 1258 302 
286 451 531 1374 1216 306 
287 391 467 1234 1120 286 
288 414 485 1221 1086 247 
289 395 454 1191 995 252 
290 347 481 1222 1008 228 
291 365 417 1165 955 224 
292 337 421 1070 956 220 
293 331 361 1057 929 221 
294 324 378 996 877 190 
295 305 350 942 778 174 
296 287 348 935 793 179 
297 277 303 934 736 175 
298 273 332 871 732 151 
299 265 316 890 718 135 
300 275 325 777 688 148 
301 241 287 786 660 122 
302 217 296 755 636 139 
303 241 245 717 600 130 
304 227 221 687 506 130 
305 195 248 701 514 140 
306 207 245 605 489 118 
307 174 193 624 494 116 
308 195 202 582 493 122 
309 179 203 590 465 128 
310 165 207 541 423 127 
311 171 185 520 396 120 
312 181 188 486 405 101 
313 135 173 455 374 97 
314 144 150 457 358 80 
315 132 160 436 365 68 
316 138 148 371 335 74 
317 123 162 329 333 82 
318 119 135 376 314 89 
319 133 156 329 292 75 
320 133 104 354 253 69 
321 109 126 298 240 70 
322 105 132 310 249 78 
323 91 107 277 237 77 
324 92 126 286 207 65 
325 96 112 298 208 60 
326 76 103 272 219 63 
327 98 117 283 176 48 
328 59 100 227 175 48 
329 75 109 199 221 53 
330 58 94 235 182 30 
331 71 77 196 174 34 
332 60 79 177 159 45 
333 54 79 205 137 31 
334 52 71 190 159 26 
335 53 63 186 139 31 
336 44 56 175 138 20 
337 46 68 149 144 20 
338 47 54 138 122 27 
339 34 44 125 114 28 
340 40 51 128 108 38 
341 33 44 123 113 25 
342 43 51 115 114 18 
343 36 40 106 94 25 
344 35 45 108 80 24 
345 35 38 96 104 19 
346 27 41 115 97 18 
347 31 32 75 97 24 
348 34 29 96 84 23 
349 28 34 76 88 25 
350 20 32 89 83 19 
351 26 34 62 80 19 
352 21 20 67 78 18 
353 18 30 62 85 15 
354 21 22 63 68 19 
355 24 32 53 69 18 
356 14 22 56 57 18 
357 8 14 50 67 13 
358 13 20 35 59 22 
359 11 19 37 39 10 
360 12 27 36 46 18 
361 5 21 64 40 14 
362 11 25 31 39 12 
363 9 18 41 34 16 
364 11 14 43 30 15 
365 12 10 31 27 12 
366 8 9 29 29 6 
367 9 19 34 26 3 
368 8 12 31 19 5 
369 8 10 30 27 5 
370 4 12 26 22 5 
371 5 13 20 22 5 
372 10 15 23 18 2 
373 8 12 22 14 10 
374 6 10 33 14 10 
375 4 6 30 13 7 
376 7 5 24 22 5 
377 3 4 27 11 10 
378 3 3 18 13 8 
379 4 6 29 11 7 
380 2 2 20 13 5 
381 7 2 13 12 4 
382 1 1 14 9 6 
383 7 2 19 9 3 
384 0 1 10 9 8 
385 1 2 11 10 7 
386 0 6 9 14 8 
387 3 4 9 6 5 
388 3 1 10 7 6 
389 2 3 11 6 9 
390 0 2 13 9 9 
391 3 1 6 4 9 
392 2 0 10 12 7 
393 2 2 5 5 7 
394 2 2 9 6 11 
395 2 3 7 2 6 
396 1 4 11 4 10 
397 1 2 7 1 14 
398 3 3 5 3 12 
399 2 4 6 4 9 
400 0 3 5 1 10 
401 3 7 2 1 12 
402 2 3 6 6 9 
403 2 0 5 1 7 
404 2 1 3 4 5 
405 1 1 7 0 4 
406 4 2 5 3 7 
407 6 3 7 4 6 
408 7 2 11 1 3 
409 6 4 5 3 8 
410 3 3 7 5 1 
411 5 1 9 3 3 
412 1 0 5 2 3 
413 2 2 4 7 2 
414 1 0 8 1 0 
415 2 1 8 1 2 
416 0 0 2 0 1 
417 1 1 3 0 2 
418 0 0 2 0 2 
419 2 1 7 1 3 
420 0 0 2 4 0 
421 1 1 4 3 0 
422 0 1 1 0 0 
423 0 1 3 1 1 
424 0 0 3 1 0 
425 0 0 2 0 0 
426 0 1 2 0 0 
427 1 1 2 0 0 
428 2 0 0 1 0 
429 1 0 2 0 0 
430 1 0 2 0 0 
431 0 0 0 0 0 
432 0 0 3 0 0 
433 0 0 1 0 0 
434 0 0 0 0 0 
435 0 0 2 0 0 
436 0 0 0 0 0 
437 0 0 0 0 0 
438 0 0 0 0 0 
439 0 0 0 0 0 
440 0 0 1 0 0 
441 0 0 0 0 0 
442 0 0 0 0 0 
443 0 0 0 0 0 
444 0 0 0 0 0 
445 0 0 0 0 0 
446 0 0 0 0 0 
