1 0 13 0 0 0 
2 0 20 0 0 0 
3 0 21 0 0 0 
4 0 18 0 1 0 
5 0 20 0 1 0 
6 0 29 0 2 0 
7 1 34 0 3 0 
8 1 35 0 3 0 
9 2 43 1 4 0 
10 7 45 1 5 0 
11 3 53 0 7 0 
12 3 56 0 6 0 
13 4 52 0 3 0 
14 4 48 0 5 0 
15 6 45 1 4 0 
16 5 50 3 7 0 
17 7 48 2 9 0 
18 8 51 2 8 0 
19 10 66 4 6 0 
20 7 69 5 8 0 
21 7 79 8 9 0 
22 6 86 11 11 0 
23 7 98 9 16 0 
24 8 106 8 16 0 
25 11 115 11 18 0 
26 11 124 14 18 0 
27 17 125 12 20 0 
28 19 126 13 23 0 
29 19 122 12 29 1 
30 15 135 11 29 0 
31 10 136 17 31 0 
32 19 139 22 26 1 
33 19 143 26 24 2 
34 19 139 27 33 3 
35 20 153 26 28 4 
36 19 162 26 28 3 
37 18 186 24 30 3 
38 18 185 34 38 4 
39 25 176 34 47 2 
40 29 166 36 41 1 
41 24 181 30 46 1 
42 25 188 27 58 2 
43 22 187 35 59 0 
44 21 199 39 52 0 
45 19 218 30 50 0 
46 20 246 39 57 0 
47 22 255 49 63 0 
48 28 266 57 65 0 
49 37 260 55 73 1 
50 41 258 63 75 0 
51 43 262 69 84 0 
52 52 296 62 101 0 
53 51 306 68 113 0 
54 52 329 60 127 0 
55 46 389 76 135 1 
56 40 447 85 149 3 
57 43 466 99 150 4 
58 49 512 125 166 3 
59 54 520 152 172 2 
60 58 572 186 180 4 
61 71 575 214 199 3 
62 78 598 221 219 7 
63 95 634 219 219 7 
64 96 658 233 252 9 
65 110 711 234 257 17 
66 109 744 264 267 18 
67 114 793 256 297 12 
68 119 835 281 305 20 
69 124 962 296 337 20 
70 146 1008 326 358 26 
71 142 1057 365 393 34 
72 158 1088 365 421 45 
73 167 1109 382 452 50 
74 168 1142 419 482 59 
75 164 1142 448 510 61 
76 186 1186 465 554 73 
77 200 1258 496 624 81 
78 222 1333 536 653 80 
79 228 1392 575 678 78 
80 254 1445 613 717 68 
81 276 1510 675 726 80 
82 297 1559 714 790 101 
83 314 1617 762 836 106 
84 342 1715 784 870 112 
85 362 1784 834 936 111 
86 360 1867 867 1012 136 
87 384 1913 933 1048 149 
88 427 1996 982 1084 168 
89 455 2108 1016 1172 165 
90 463 2169 1129 1236 184 
91 468 2241 1160 1286 208 
92 487 2363 1193 1371 201 
93 504 2497 1268 1414 213 
94 526 2641 1362 1559 227 
95 546 2782 1442 1631 259 
96 576 2974 1507 1729 282 
97 606 3161 1570 1850 298 
98 661 3326 1581 1920 304 
99 705 3483 1717 2094 329 
100 736 3598 1830 2200 362 
101 733 3677 1974 2315 389 
102 763 3795 2039 2493 389 
103 786 3995 2105 2621 416 
104 855 4192 2227 2760 444 
105 906 4413 2328 2871 436 
106 978 4634 2451 2919 457 
107 1017 4912 2492 3063 469 
108 1066 5038 2624 3223 519 
109 1054 5264 2793 3376 562 
110 1091 5527 2975 3605 580 
111 1171 5629 3159 3768 554 
112 1235 5766 3235 3962 564 
113 1315 5918 3364 4192 617 
114 1338 6076 3508 4383 631 
115 1371 6304 3678 4585 657 
116 1388 6592 3856 4787 693 
117 1466 6812 4079 4978 718 
118 1545 7110 4289 5249 731 
119 1611 7308 4550 5491 757 
120 1691 7495 4690 5756 799 
121 1746 7937 4835 5978 830 
122 1845 8197 5085 6241 852 
123 2008 8456 5342 6526 902 
124 2132 8681 5572 6747 951 
125 2175 8916 5851 6926 992 
126 2280 9314 5977 7148 1027 
127 2344 9729 6248 7401 1122 
128 2417 10077 6543 7665 1149 
129 2529 10234 6807 7845 1238 
130 2586 10437 7023 8154 1264 
131 2660 10789 7278 8376 1298 
132 2685 11056 7587 8669 1316 
133 2831 11246 7832 8737 1411 
134 2857 11407 8288 9148 1452 
135 2992 11573 8601 9457 1507 
136 3150 11694 8881 9791 1602 
137 3319 11883 9168 10040 1673 
138 3407 12026 9606 10407 1712 
139 3513 12165 9945 10706 1766 
140 3540 12115 10442 11014 1847 
141 3624 12225 10711 11208 1867 
142 3822 12402 10970 11465 1858 
143 3901 12453 11235 11602 1920 
144 3981 12587 11657 11911 1989 
145 4097 12498 12085 12257 2023 
146 4192 12818 12481 12645 2100 
147 4195 12850 12876 12851 2124 
148 4319 12826 13061 13015 2235 
149 4399 12872 13430 13173 2308 
150 4528 12761 13592 13327 2273 
151 4635 12734 13762 13750 2282 
152 4648 12714 13981 13913 2301 
153 4658 12607 14281 14067 2356 
154 4774 12450 14460 14156 2426 
155 4819 12403 14602 14415 2428 
156 4890 12328 14837 14501 2483 
157 4909 12278 14967 14804 2557 
158 4911 12270 15184 14888 2583 
159 4939 12224 15222 14977 2625 
160 5004 12137 15565 15151 2672 
161 5032 11932 15619 15036 2679 
162 4961 11667 15659 15252 2775 
163 4926 11543 15852 15253 2774 
164 4955 11425 15810 15320 2818 
165 4886 11403 15924 15361 2889 
166 4990 11179 15960 15377 2916 
167 5016 10890 15962 15470 2942 
168 5090 10621 16051 15310 2898 
169 4956 10421 16022 15395 2863 
170 4955 10144 16105 15283 2897 
171 4934 9992 16024 15199 2894 
172 4875 9695 15880 15211 2903 
173 4834 9490 15765 14979 2860 
174 4794 9260 15610 14914 2866 
175 4767 8969 15315 14743 2836 
176 4800 8612 15262 14601 2882 
177 4768 8264 14932 14371 2866 
178 4670 8039 14679 13907 2821 
179 4584 7895 14579 13833 2722 
180 4409 7628 14344 13572 2764 
181 4400 7387 13943 13279 2706 
182 4397 7238 13752 13175 2620 
183 4351 6999 13577 12655 2598 
184 4255 6793 13442 12430 2592 
185 4148 6642 13298 12098 2552 
186 4098 6510 13122 11863 2515 
187 4024 6369 12941 11637 2448 
188 3997 6246 12640 11469 2461 
189 3889 6077 12278 11290 2376 
190 3812 5783 11940 10952 2291 
191 3674 5607 11682 10746 2307 
192 3595 5381 11366 10328 2250 
193 3549 5103 11123 10038 2222 
194 3368 4934 10992 9753 2145 
195 3265 4752 10867 9551 2111 
196 3273 4573 10661 9184 2036 
197 3169 4265 10375 9040 1969 
198 3102 4147 10077 8750 1957 
199 2940 4116 9690 8437 1845 
200 2851 3951 9382 8112 1740 
201 2774 3763 9062 7963 1687 
202 2675 3660 8954 7645 1659 
203 2604 3582 8688 7352 1638 
204 2515 3503 8441 7204 1676 
205 2466 3297 8222 7017 1642 
206 2446 3178 7989 6850 1649 
207 2342 2996 7736 6664 1602 
208 2250 2800 7405 6477 1488 
209 2191 2767 7251 6302 1462 
210 2104 2679 7037 6080 1377 
211 2077 2636 6781 5833 1342 
212 1917 2512 6571 5472 1306 
213 1909 2463 6379 5282 1279 
214 1815 2361 6177 5107 1217 
215 1719 2260 5970 4960 1131 
216 1721 2167 5796 4826 1092 
217 1679 2036 5601 4707 1057 
218 1672 1921 5369 4532 1049 
219 1639 1801 5197 4427 1016 
220 1581 1704 4898 4295 1009 
221 1526 1586 4674 4129 945 
222 1465 1494 4507 3905 957 
223 1417 1431 4421 3786 882 
224 1357 1325 4355 3555 834 
225 1302 1260 4222 3455 784 
226 1246 1234 4109 3301 777 
227 1166 1222 3947 3104 745 
228 1105 1186 3737 3028 713 
229 1079 1131 3588 2950 687 
230 1010 1077 3505 2847 652 
231 951 1084 3381 2722 591 
232 933 1023 3271 2619 557 
233 876 984 3129 2481 554 
234 864 976 2964 2403 550 
235 817 935 2909 2376 553 
236 778 890 2827 2296 525 
237 737 852 2727 2142 492 
238 738 835 2642 2054 481 
239 705 763 2469 2022 461 
240 674 753 2414 1925 439 
241 615 749 2338 1836 419 
242 592 722 2251 1761 393 
243 568 673 2153 1700 354 
244 546 629 2101 1605 337 
245 503 597 2050 1563 337 
246 470 577 1980 1542 317 
247 466 548 1885 1502 293 
248 454 534 1826 1403 288 
249 458 509 1785 1329 267 
250 455 484 1781 1246 245 
251 462 465 1723 1170 244 
252 425 444 1580 1152 237 
253 426 442 1476 1105 253 
254 421 439 1406 1049 241 
255 404 445 1409 1034 234 
256 415 410 1354 1019 218 
257 400 397 1281 993 188 
258 397 380 1223 946 166 
259 384 374 1177 888 153 
260 385 379 1114 851 160 
261 335 383 1054 849 140 
262 296 373 1021 805 137 
263 286 345 971 781 130 
264 271 331 901 770 128 
265 245 323 846 763 122 
266 227 313 806 725 129 
267 209 288 769 686 112 
268 196 285 714 657 104 
269 198 280 672 621 98 
270 202 263 646 621 92 
271 172 228 604 603 96 
272 167 201 583 545 95 
273 164 197 560 531 88 
274 177 175 543 535 86 
275 172 178 540 482 85 
276 141 168 532 448 90 
277 144 165 523 415 85 
278 131 162 493 402 86 
279 122 149 480 361 79 
280 127 152 455 332 71 
281 119 151 452 326 80 
282 109 132 436 319 71 
283 120 140 416 314 61 
284 102 131 390 294 58 
285 100 124 374 285 51 
286 102 121 333 283 48 
287 108 111 332 269 44 
288 100 112 316 235 45 
289 92 99 293 229 39 
290 84 123 281 229 30 
291 83 118 265 244 34 
292 73 110 233 236 32 
293 75 106 209 218 30 
294 63 92 211 209 27 
295 57 94 183 206 25 
296 54 110 161 194 30 
297 54 117 157 180 27 
298 44 109 163 144 25 
299 49 98 144 144 22 
300 44 94 135 147 22 
301 45 89 119 141 26 
302 49 94 122 143 16 
303 38 88 110 150 9 
304 31 87 108 140 8 
305 31 82 99 145 12 
306 30 77 103 147 11 
307 35 76 88 140 8 
308 31 80 78 126 10 
309 31 67 81 123 10 
310 34 74 82 110 8 
311 27 66 70 91 6 
312 30 54 70 72 7 
313 29 52 58 64 4 
314 30 45 45 54 3 
315 26 49 49 56 1 
316 22 57 49 52 1 
317 17 63 48 47 1 
318 16 67 44 56 1 
319 17 62 46 52 1 
320 16 57 43 43 0 
321 18 42 38 46 0 
322 19 47 39 53 3 
323 18 42 37 51 1 
324 18 32 37 42 1 
325 18 28 39 36 0 
326 15 25 47 29 0 
327 15 26 36 33 0 
328 12 21 34 35 0 
329 9 17 37 33 0 
330 10 15 30 31 0 
331 9 12 27 34 0 
332 6 14 18 33 0 
333 5 10 17 28 0 
334 5 8 18 24 0 
335 6 8 16 28 0 
336 8 8 15 27 0 
337 6 6 13 26 0 
338 4 8 12 21 0 
339 2 8 18 21 0 
340 1 8 19 18 0 
341 1 4 19 20 0 
342 0 2 21 21 0 
343 0 2 15 17 0 
344 0 2 13 16 0 
345 0 4 17 14 0 
346 1 4 17 15 0 
347 1 6 17 14 0 
348 2 6 17 14 0 
349 3 7 13 13 0 
350 5 6 15 10 0 
351 5 7 13 5 0 
352 4 8 12 4 0 
353 5 11 9 5 0 
354 7 13 10 5 0 
355 6 12 10 6 0 
356 6 8 6 5 0 
357 9 10 7 6 0 
358 7 10 6 7 0 
359 7 10 4 9 0 
360 4 13 4 5 0 
361 4 13 3 7 0 
362 5 12 1 10 0 
363 5 14 2 9 0 
364 3 16 4 5 0 
365 4 17 6 5 0 
366 3 18 6 9 0 
367 4 11 5 9 0 
368 3 8 5 11 0 
369 5 6 6 9 0 
370 5 6 8 9 0 
371 3 11 7 12 0 
372 1 11 10 10 0 
373 3 7 12 12 0 
374 3 5 11 14 0 
375 3 5 10 10 0 
376 3 3 9 7 0 
377 4 3 6 10 0 
378 2 4 7 10 0 
379 2 4 7 9 0 
380 2 1 5 9 0 
381 2 1 5 9 0 
382 3 1 7 8 0 
383 5 2 5 8 0 
384 4 2 8 7 0 
385 3 2 10 8 0 
386 1 2 7 7 0 
387 0 3 6 7 0 
388 0 3 8 7 1 
389 1 1 4 10 1 
390 1 0 4 7 2 
391 2 0 3 7 2 
392 1 0 1 4 1 
393 1 0 3 5 1 
394 1 0 1 5 1 
395 0 1 0 2 1 
396 0 0 0 1 1 
397 0 0 0 0 0 
