1 0 10 0 0 0 
2 0 10 0 0 0 
3 0 16 0 0 0 
4 0 13 2 0 0 
5 0 12 4 0 0 
6 0 11 3 0 0 
7 0 10 3 0 0 
8 0 13 4 0 0 
9 0 12 4 0 0 
10 0 14 7 0 0 
11 0 18 7 1 0 
12 0 18 7 4 0 
13 0 20 7 5 0 
14 0 21 6 7 0 
15 0 23 7 10 0 
16 0 31 7 7 0 
17 4 36 9 6 0 
18 2 30 6 6 0 
19 2 36 8 9 0 
20 2 41 12 14 0 
21 4 47 12 19 0 
22 2 57 11 23 0 
23 0 57 18 27 0 
24 0 59 18 27 0 
25 2 55 21 25 0 
26 3 64 23 26 0 
27 6 71 28 18 0 
28 6 75 30 26 3 
29 6 79 39 22 0 
30 7 81 53 28 0 
31 4 77 52 29 0 
32 10 83 40 27 1 
33 10 85 36 30 3 
34 16 96 34 21 2 
35 19 98 33 31 3 
36 26 100 35 36 2 
37 22 101 35 37 2 
38 26 95 43 35 1 
39 28 93 51 41 2 
40 26 97 48 42 2 
41 26 111 44 47 4 
42 30 141 59 57 3 
43 28 152 62 62 3 
44 33 176 80 60 0 
45 43 180 84 59 2 
46 43 175 83 62 1 
47 47 177 91 54 1 
48 48 189 101 62 2 
49 62 187 111 78 1 
50 57 210 119 76 1 
51 51 223 126 78 2 
52 42 256 139 88 2 
53 51 249 135 85 2 
54 54 273 130 86 4 
55 50 268 157 107 6 
56 51 271 173 120 4 
57 55 265 172 145 7 
58 55 267 181 151 7 
59 63 291 198 149 6 
60 66 293 218 159 9 
61 64 307 238 174 11 
62 63 318 258 188 19 
63 65 323 291 191 23 
64 67 305 292 186 26 
65 75 317 295 216 36 
66 79 329 315 228 35 
67 82 351 315 272 40 
68 87 378 333 305 44 
69 89 393 355 330 45 
70 94 408 366 333 52 
71 100 455 383 358 52 
72 106 477 393 383 55 
73 122 472 393 414 50 
74 132 476 435 427 48 
75 136 525 460 457 46 
76 168 581 479 489 57 
77 185 624 541 508 58 
78 191 646 586 551 54 
79 196 658 620 586 55 
80 198 678 635 596 62 
81 214 720 634 612 69 
82 248 767 673 647 71 
83 262 808 710 718 78 
84 274 807 721 722 89 
85 266 875 791 781 86 
86 280 889 842 852 90 
87 285 899 906 867 91 
88 280 919 936 928 82 
89 284 950 976 966 90 
90 317 1031 1031 1025 99 
91 321 1057 1115 1027 113 
92 327 1084 1212 1075 107 
93 334 1106 1304 1151 105 
94 348 1141 1364 1161 122 
95 374 1231 1433 1267 127 
96 395 1333 1546 1362 122 
97 427 1402 1620 1467 129 
98 443 1488 1599 1501 154 
99 495 1549 1745 1594 161 
100 561 1596 1844 1656 189 
101 603 1721 1934 1740 184 
102 646 1834 2038 1851 190 
103 665 1923 2133 1975 204 
104 668 2108 2267 2064 207 
105 671 2204 2320 2170 205 
106 665 2239 2406 2351 222 
107 715 2406 2490 2431 241 
108 723 2591 2575 2515 267 
109 741 2681 2672 2641 271 
110 817 2794 2828 2777 277 
111 855 2918 2929 2942 282 
112 865 3051 3125 3082 321 
113 950 3257 3186 3205 326 
114 961 3457 3317 3333 330 
115 1042 3656 3463 3482 331 
116 1108 3787 3653 3694 368 
117 1165 3945 3827 3849 376 
118 1157 4196 3954 4015 407 
119 1183 4427 4122 4228 458 
120 1181 4620 4284 4456 494 
121 1272 4807 4541 4610 527 
122 1350 5052 4765 4871 598 
123 1381 5253 4909 5091 641 
124 1429 5439 5120 5358 662 
125 1555 5625 5368 5610 708 
126 1691 5944 5558 5774 748 
127 1792 6038 5732 5983 759 
128 1898 6219 5942 6215 762 
129 1958 6467 6187 6497 816 
130 2082 6793 6379 6763 819 
131 2144 6980 6588 6901 876 
132 2167 7221 6847 7131 911 
133 2276 7551 7212 7528 979 
134 2378 7858 7525 7789 1079 
135 2469 8137 7862 8086 1103 
136 2531 8249 8180 8419 1169 
137 2607 8585 8447 8614 1245 
138 2688 8868 8746 8877 1279 
139 2834 9176 8942 9090 1357 
140 2918 9546 8942 9527 1463 
141 3013 9805 9274 9904 1538 
142 3129 10213 9534 10220 1588 
143 3127 10488 9778 10579 1601 
144 3258 10846 9925 10958 1615 
145 3325 11160 10388 11103 1693 
146 3492 11356 10754 11472 1742 
147 3563 11723 10904 11684 1778 
148 3677 11960 11109 11903 1796 
149 3795 11977 11567 12084 1905 
150 3904 12215 11837 12240 1956 
151 4022 12420 12037 12471 2026 
152 4147 12556 12103 12638 2089 
153 4276 12679 12141 12913 2141 
154 4298 12866 12352 13129 2202 
155 4394 12965 12743 13238 2180 
156 4471 13128 12884 13521 2235 
157 4567 13127 13046 13585 2308 
158 4699 13295 13348 13911 2360 
159 4713 13302 13524 14114 2487 
160 4806 13161 13647 14076 2580 
161 4799 13123 13895 14289 2704 
162 4736 12966 14012 14454 2661 
163 4752 12899 14248 14605 2732 
164 4815 13016 14374 14590 2855 
165 4840 12983 14566 14817 2960 
166 4897 12876 14649 14923 2954 
167 5020 12843 14806 15243 2981 
168 5075 12558 14868 15375 3071 
169 5156 12397 15104 15351 3148 
170 5069 12392 15109 15385 3098 
171 5051 12236 15206 15489 3155 
172 5151 11918 15317 15512 3122 
173 5243 11568 15417 15459 3126 
174 5162 11417 15369 15360 3090 
175 5200 11366 15352 15264 3109 
176 5191 11106 15587 15401 3153 
177 5137 11098 15471 15246 3153 
178 5108 11099 15280 15141 3116 
179 5056 11010 15138 15130 3122 
180 5008 10891 15081 14874 3103 
181 4877 10759 14934 14663 3097 
182 4805 10416 14844 14368 3159 
183 4823 10126 14833 14130 3129 
184 4835 9855 14529 13825 3104 
185 4825 9532 14259 13572 3033 
186 4723 9234 13945 13491 3059 
187 4602 9124 13774 13253 3028 
188 4585 8948 13485 12918 2947 
189 4491 8718 13384 12688 2921 
190 4524 8428 13152 12580 2835 
191 4390 8221 12964 12287 2782 
192 4397 7918 12720 12160 2682 
193 4406 7660 12571 11873 2625 
194 4289 7452 12291 11640 2547 
195 4143 7240 12136 11628 2514 
196 3998 6965 11826 11403 2488 
197 3921 6871 11537 11149 2487 
198 3760 6573 11262 10799 2418 
199 3640 6473 11073 10421 2329 
200 3511 6306 10918 10190 2286 
201 3389 6150 10657 10054 2220 
202 3302 5805 10336 9835 2110 
203 3237 5513 10053 9560 2077 
204 3127 5285 9647 9230 2076 
205 3068 5164 9414 9034 1997 
206 2915 5020 9110 8616 1957 
207 2774 4876 8793 8354 1847 
208 2629 4663 8592 7961 1759 
209 2633 4524 8339 7657 1674 
210 2571 4384 8075 7426 1640 
211 2486 4239 7872 7233 1605 
212 2414 4123 7678 7005 1523 
213 2386 3983 7440 6730 1522 
214 2284 3772 7270 6626 1495 
215 2269 3589 7061 6325 1411 
216 2196 3395 6847 6162 1384 
217 2160 3310 6701 5959 1344 
218 2202 3188 6495 5787 1272 
219 2101 3092 6293 5662 1242 
220 2030 2994 6045 5473 1220 
221 1951 2888 5919 5270 1211 
222 1912 2745 5731 5152 1187 
223 1816 2695 5570 5060 1127 
224 1756 2620 5341 4810 1109 
225 1697 2465 5163 4671 1069 
226 1580 2353 4995 4529 1007 
227 1471 2225 4734 4344 937 
228 1407 2115 4439 4181 939 
229 1348 2082 4337 3912 927 
230 1340 1972 4114 3711 865 
231 1254 1830 3959 3591 803 
232 1222 1767 3834 3439 770 
233 1156 1701 3684 3313 742 
234 1108 1607 3436 3160 749 
235 1050 1530 3239 3010 718 
236 980 1468 3076 2958 690 
237 951 1414 2912 2880 695 
238 946 1375 2752 2778 685 
239 918 1330 2732 2670 637 
240 918 1275 2610 2562 599 
241 908 1188 2536 2487 582 
242 881 1146 2358 2415 558 
243 827 1093 2287 2304 511 
244 828 1034 2194 2183 480 
245 785 991 2111 2079 465 
246 769 950 2026 1928 447 
247 715 911 1952 1791 472 
248 650 870 1849 1681 425 
249 588 839 1809 1589 412 
250 562 797 1752 1498 402 
251 555 787 1695 1472 366 
252 516 785 1618 1407 332 
253 495 704 1555 1292 336 
254 459 651 1480 1225 318 
255 424 672 1399 1186 292 
256 406 650 1398 1132 289 
257 394 628 1348 1106 282 
258 385 570 1277 1010 290 
259 373 545 1271 958 286 
260 352 512 1197 887 257 
261 353 501 1175 867 239 
262 338 505 1133 841 227 
263 313 487 1089 774 227 
264 295 488 1047 721 214 
265 289 489 958 688 201 
266 271 469 885 626 170 
267 257 443 881 563 166 
268 250 440 846 518 146 
269 247 433 843 514 137 
270 235 418 772 504 136 
271 218 382 738 473 123 
272 218 352 680 474 127 
273 213 315 646 467 115 
274 213 285 619 462 112 
275 214 261 586 448 105 
276 189 240 551 448 105 
277 177 212 551 460 100 
278 154 195 518 450 105 
279 149 187 504 452 101 
280 142 162 491 459 97 
281 135 154 460 432 98 
282 125 159 405 436 105 
283 116 163 383 429 103 
284 104 151 358 399 97 
285 113 145 351 383 104 
286 97 130 326 381 102 
287 95 122 328 370 103 
288 86 108 321 346 99 
289 95 101 309 327 93 
290 92 105 286 329 95 
291 90 111 279 311 96 
292 83 106 273 303 91 
293 79 96 276 281 97 
294 80 90 265 284 88 
295 72 81 261 263 87 
296 68 80 226 240 72 
297 63 69 200 221 71 
298 52 74 196 210 75 
299 58 75 172 211 75 
300 43 64 170 203 75 
301 48 55 167 185 74 
302 56 66 149 168 71 
303 56 70 145 166 64 
304 47 73 135 153 64 
305 42 63 123 143 66 
306 43 69 99 147 60 
307 45 63 100 126 64 
308 45 53 101 129 59 
309 39 54 97 120 52 
310 29 49 96 105 37 
311 36 54 93 114 39 
312 32 56 87 103 36 
313 32 47 91 102 29 
314 34 45 82 113 24 
315 31 41 86 131 15 
316 32 32 87 123 12 
317 26 29 92 115 14 
318 31 36 89 94 14 
319 33 33 93 90 14 
320 28 29 93 89 13 
321 34 22 86 79 16 
322 35 18 83 68 13 
323 32 19 80 60 11 
324 32 16 74 57 14 
325 34 15 66 60 12 
326 34 19 64 59 9 
327 33 13 62 53 7 
328 28 13 59 45 8 
329 26 14 51 36 7 
330 26 11 45 30 6 
331 19 10 45 23 6 
332 22 6 42 28 3 
333 22 6 41 26 3 
334 18 5 44 24 3 
335 20 6 36 21 6 
336 22 5 28 21 5 
337 19 5 23 17 7 
338 21 6 27 14 7 
339 18 8 22 18 7 
340 22 10 21 19 10 
341 19 8 21 18 5 
342 13 5 18 10 5 
343 14 3 20 10 5 
344 12 5 22 9 3 
345 13 6 11 5 2 
346 11 2 10 7 2 
347 10 4 9 8 2 
348 11 2 7 9 1 
349 9 1 10 3 1 
350 7 1 11 4 1 
351 9 0 5 7 1 
352 7 0 5 6 3 
353 11 1 4 9 4 
354 12 0 4 9 1 
355 10 0 2 14 2 
356 12 0 2 14 1 
357 13 0 2 12 1 
358 8 0 2 9 0 
359 10 0 3 10 0 
360 7 0 1 6 0 
361 6 0 0 5 0 
362 4 1 1 4 0 
363 4 1 1 5 0 
364 3 1 0 5 0 
365 2 1 0 8 0 
366 2 1 0 5 0 
367 2 1 0 7 1 
368 2 1 0 8 4 
369 1 1 0 10 5 
370 1 1 0 15 4 
371 1 0 0 18 3 
372 1 0 0 11 4 
373 1 0 0 9 4 
374 0 0 0 9 3 
375 0 0 0 8 2 
376 0 0 0 7 1 
377 1 1 0 8 1 
378 0 0 1 10 0 
379 0 0 2 10 0 
380 0 0 0 10 0 
381 0 0 0 7 0 
382 0 0 0 5 0 
383 0 0 0 5 0 
384 0 0 0 7 0 
385 0 0 0 4 0 
386 0 0 0 3 0 
387 0 0 0 4 0 
388 0 0 0 3 0 
389 0 0 0 2 0 
390 0 0 0 2 0 
391 0 0 0 3 0 
392 0 0 0 2 0 
393 0 0 0 2 0 
394 0 0 0 2 0 
395 0 0 0 0 0 
