1 0 3 0 0 0 
2 0 3 0 0 0 
3 0 2 0 0 0 
4 0 4 0 0 0 
5 0 2 0 0 0 
6 0 3 0 0 0 
7 0 2 0 0 0 
8 0 6 0 0 0 
9 0 2 0 0 0 
10 0 0 0 0 0 
11 0 0 0 0 0 
12 0 4 0 0 0 
13 0 6 0 0 0 
14 0 3 0 0 0 
15 0 7 0 0 0 
16 0 8 0 0 0 
17 0 7 0 0 0 
18 0 11 0 0 0 
19 0 6 1 0 0 
20 0 9 0 0 0 
21 0 4 0 0 0 
22 0 3 0 0 0 
23 0 7 0 0 0 
24 0 4 0 1 0 
25 1 4 0 1 0 
26 3 1 0 0 0 
27 1 1 2 6 0 
28 2 1 2 4 0 
29 0 2 4 2 0 
30 2 1 0 0 0 
31 0 1 5 6 0 
32 1 0 4 2 0 
33 0 0 6 3 0 
34 0 0 7 0 0 
35 2 0 8 0 0 
36 1 1 5 1 0 
37 0 0 5 0 0 
38 1 0 9 0 0 
39 0 0 9 1 0 
40 0 0 7 1 0 
41 2 0 7 0 0 
42 1 0 9 2 0 
43 0 0 15 1 0 
44 1 1 11 3 0 
45 2 0 10 4 0 
46 2 2 13 7 0 
47 0 1 13 7 1 
48 1 0 11 7 0 
49 3 2 14 6 0 
50 3 0 12 7 0 
51 2 0 10 10 3 
52 1 1 7 8 1 
53 5 0 15 11 2 
54 2 1 10 15 1 
55 2 1 15 5 1 
56 4 2 11 7 0 
57 3 2 9 19 1 
58 5 0 10 9 0 
59 5 1 5 9 0 
60 8 0 5 3 0 
61 7 1 6 4 0 
62 5 4 11 4 0 
63 2 4 7 9 0 
64 3 1 14 6 0 
65 0 7 17 6 0 
66 4 2 17 10 0 
67 5 8 16 1 1 
68 2 8 18 3 0 
69 3 11 16 3 1 
70 2 15 18 3 1 
71 7 15 25 5 1 
72 1 13 35 3 0 
73 1 12 26 9 0 
74 6 17 21 3 0 
75 5 16 27 13 0 
76 9 18 19 7 0 
77 9 15 21 8 0 
78 7 14 20 12 0 
79 11 12 27 12 1 
80 8 24 21 16 1 
81 7 19 29 21 0 
82 6 25 34 19 2 
83 8 25 35 22 4 
84 10 32 27 23 1 
85 14 25 32 26 3 
86 10 33 22 30 0 
87 12 35 30 28 0 
88 19 32 27 36 0 
89 11 37 36 25 0 
90 17 41 42 27 2 
91 18 52 36 27 0 
92 11 41 48 24 0 
93 12 51 44 26 1 
94 10 52 41 29 2 
95 10 52 44 36 2 
96 14 52 37 41 4 
97 10 82 46 34 0 
98 21 80 48 36 2 
99 16 79 60 42 1 
100 18 98 55 49 2 
101 23 97 55 52 1 
102 17 95 44 50 7 
103 18 98 55 61 5 
104 19 106 56 45 5 
105 14 117 71 72 9 
106 15 107 72 61 8 
107 16 139 66 68 7 
108 14 127 62 63 14 
109 17 135 66 62 3 
110 27 144 83 67 12 
111 26 179 77 90 12 
112 20 162 62 82 5 
113 33 202 81 86 8 
114 39 200 78 78 7 
115 37 201 72 103 10 
116 36 197 78 100 7 
117 46 247 88 95 15 
118 44 231 98 108 13 
119 50 231 103 110 7 
120 53 299 113 103 14 
121 54 300 99 111 15 
122 53 272 105 142 16 
123 49 281 136 131 13 
124 53 300 134 144 15 
125 59 348 167 131 10 
126 65 365 172 166 17 
127 66 352 167 165 22 
128 78 380 196 198 27 
129 72 384 200 200 28 
130 84 352 220 177 31 
131 96 415 241 187 44 
132 87 426 239 230 43 
133 94 416 261 227 39 
134 109 465 277 300 41 
135 102 499 289 285 47 
136 108 493 314 310 53 
137 106 527 312 360 43 
138 109 533 348 350 39 
139 123 559 361 395 57 
140 147 621 436 396 50 
141 136 620 405 429 55 
142 149 695 425 416 55 
143 183 732 438 460 72 
144 186 755 491 464 65 
145 169 802 525 526 58 
146 195 899 551 514 66 
147 190 863 573 598 72 
148 205 909 576 518 91 
149 223 960 591 636 74 
150 211 980 648 661 78 
151 248 1058 662 662 67 
152 262 1129 687 720 78 
153 274 1075 760 713 86 
154 295 1220 805 822 112 
155 304 1241 860 868 104 
156 342 1283 846 989 129 
157 341 1344 868 993 142 
158 378 1469 970 1036 145 
159 320 1497 1022 1108 144 
160 367 1539 1065 1105 150 
161 409 1564 1135 1253 127 
162 417 1600 1177 1242 159 
163 414 1684 1215 1366 161 
164 421 1806 1295 1404 163 
165 424 1871 1278 1380 160 
166 511 2036 1351 1531 171 
167 498 2059 1441 1574 208 
168 507 2213 1483 1592 189 
169 495 2307 1530 1609 204 
170 554 2344 1520 1719 209 
171 603 2363 1556 1803 244 
172 597 2443 1686 1907 247 
173 627 2588 1785 1995 282 
174 684 2586 1851 2003 267 
175 668 2810 1967 2123 305 
176 676 2809 2039 2157 359 
177 727 2861 2087 2255 313 
178 771 2971 2122 2367 342 
179 803 2955 2317 2458 369 
180 810 3118 2287 2476 389 
181 902 3208 2369 2612 414 
182 913 3304 2579 2714 440 
183 909 3312 2517 2753 424 
184 890 3456 2683 2962 473 
185 1013 3628 2751 2985 527 
186 1026 3526 2805 3152 529 
187 1056 3653 2966 3228 517 
188 1126 3717 3055 3297 556 
189 1104 3787 3163 3513 580 
190 1108 3926 3134 3578 638 
191 1161 3944 3241 3540 571 
192 1160 4078 3381 3739 661 
193 1232 4187 3510 3690 674 
194 1286 4204 3646 3856 727 
195 1288 4235 3684 3931 693 
196 1366 4350 3785 4017 734 
197 1356 4301 3807 4291 684 
198 1384 4386 3999 4304 760 
199 1467 4421 4141 4273 775 
200 1471 4277 4213 4374 766 
201 1510 4382 4136 4484 773 
202 1547 4382 4502 4594 817 
203 1587 4294 4398 4768 809 
204 1676 4240 4603 4861 919 
205 1583 4275 4615 4793 909 
206 1727 4258 4793 5012 911 
207 1695 4300 4756 4930 955 
208 1767 4235 4802 4946 934 
209 1707 4218 4828 5155 977 
210 1726 4132 5011 5172 995 
211 1759 4091 5004 5342 958 
212 1705 4107 5070 5272 1020 
213 1788 4077 5232 5233 1002 
214 1746 4008 5174 5197 1065 
215 1830 3980 5098 5293 1006 
216 1810 3966 5198 5264 1086 
217 1724 3829 5320 5539 1133 
218 1830 3882 5325 5393 1132 
219 1793 3732 5249 5509 1093 
220 1757 3608 5326 5419 1073 
221 1829 3567 5162 5272 1102 
222 1838 3422 5239 5395 1052 
223 1676 3362 5315 5314 1059 
224 1706 3405 5221 5074 1033 
225 1734 3302 5135 5128 1052 
226 1776 3134 5080 5048 1016 
227 1666 3049 5112 4945 1066 
228 1600 2963 5190 4881 1098 
229 1628 2937 4955 4979 1027 
230 1603 2865 4939 4859 983 
231 1541 2651 5056 4759 983 
232 1560 2717 4879 4654 991 
233 1599 2620 4905 4661 946 
234 1544 2474 4839 4505 990 
235 1521 2458 4642 4446 997 
236 1538 2413 4601 4363 919 
237 1461 2292 4478 4203 922 
238 1444 2248 4398 4145 889 
239 1439 2240 4279 4120 837 
240 1347 2178 4127 3997 813 
241 1360 2057 4119 3901 860 
242 1323 2012 3986 3775 824 
243 1251 1967 3952 3653 768 
244 1197 1822 3808 3469 819 
245 1228 1867 3852 3391 772 
246 1154 1814 3636 3427 754 
247 1142 1800 3561 3219 728 
248 1115 1608 3376 3144 694 
249 1049 1562 3329 3124 668 
250 988 1599 3262 3035 636 
251 1035 1458 3140 2889 632 
252 979 1455 3145 2797 613 
253 900 1372 2935 2674 620 
254 944 1328 2865 2605 586 
255 921 1280 2754 2500 572 
256 847 1291 2719 2502 591 
257 832 1254 2554 2279 587 
258 803 1160 2561 2220 520 
259 758 1078 2464 2197 520 
260 793 1123 2402 2126 485 
261 755 990 2246 2035 451 
262 691 934 2184 1994 441 
263 686 954 2139 1921 429 
264 642 857 2036 1833 442 
265 697 826 1998 1756 416 
266 628 787 1937 1735 367 
267 611 733 1849 1633 371 
268 591 735 1770 1571 367 
269 588 675 1752 1468 330 
270 571 638 1602 1428 386 
271 506 670 1634 1381 379 
272 498 573 1542 1330 371 
273 466 629 1483 1281 310 
274 490 577 1435 1264 330 
275 453 525 1334 1161 316 
276 435 527 1302 1088 301 
277 412 479 1236 1057 256 
278 421 450 1172 1070 263 
279 369 395 1049 910 238 
280 342 427 1091 999 238 
281 330 424 1033 956 249 
282 334 386 989 899 194 
283 323 405 952 864 201 
284 306 415 928 858 199 
285 283 379 820 786 182 
286 315 361 841 794 161 
287 288 322 809 788 183 
288 248 330 776 750 160 
289 266 320 705 634 144 
290 244 279 674 679 142 
291 239 322 680 620 124 
292 200 297 670 600 141 
293 187 251 626 558 130 
294 189 225 571 581 107 
295 192 210 578 477 117 
296 190 230 577 516 113 
297 170 214 543 505 115 
298 159 226 514 465 119 
299 160 216 502 472 117 
300 166 191 472 403 103 
301 147 182 420 370 97 
302 128 173 424 384 99 
303 137 142 438 388 100 
304 144 178 413 344 75 
305 122 164 397 332 85 
306 144 151 355 289 72 
307 109 152 329 288 62 
308 120 149 309 272 84 
309 115 142 291 286 75 
310 97 134 313 254 56 
311 100 114 319 241 60 
312 87 122 318 228 62 
313 78 109 314 231 71 
314 92 109 263 208 67 
315 85 90 261 208 59 
316 57 96 220 207 46 
317 77 93 221 194 51 
318 76 78 226 194 44 
319 79 70 198 194 45 
320 67 66 166 169 44 
321 60 50 152 153 31 
322 61 68 163 146 23 
323 53 49 142 148 35 
324 46 48 157 126 34 
325 51 46 131 146 27 
326 55 52 133 133 30 
327 53 54 155 117 28 
328 39 50 128 113 25 
329 42 53 114 103 31 
330 43 55 109 112 27 
331 33 52 119 94 23 
332 31 47 107 101 20 
333 36 47 110 107 18 
334 27 54 97 81 25 
335 25 53 102 85 23 
336 24 52 124 80 23 
337 29 39 87 99 30 
338 38 40 108 81 21 
339 19 36 83 83 12 
340 31 42 82 71 19 
341 24 32 70 75 23 
342 24 31 82 57 26 
343 21 36 56 67 24 
344 17 37 70 88 18 
345 20 27 70 60 11 
346 16 25 62 59 11 
347 23 33 70 57 13 
348 18 40 72 66 12 
349 20 37 63 61 13 
350 17 33 70 55 8 
351 17 27 61 43 14 
352 8 30 62 52 11 
353 13 41 67 34 20 
354 20 33 56 52 9 
355 23 15 50 48 10 
356 26 23 63 35 7 
357 19 22 54 48 5 
358 11 12 58 40 8 
359 8 19 50 40 5 
360 7 10 34 27 4 
361 11 12 33 28 5 
362 7 16 40 19 3 
363 4 10 35 20 2 
364 2 17 33 24 2 
365 9 12 21 12 2 
366 8 12 20 15 1 
367 5 14 27 9 5 
368 3 9 18 13 3 
369 3 17 9 14 1 
370 2 17 20 13 6 
371 3 11 15 9 3 
372 3 13 14 13 4 
373 3 12 17 11 3 
374 3 8 13 10 2 
375 5 11 10 12 4 
376 3 13 14 10 1 
377 6 14 10 11 3 
378 4 12 9 9 4 
379 1 7 3 4 0 
380 2 14 5 6 4 
381 3 19 10 4 1 
382 0 6 6 6 1 
383 0 9 6 4 1 
384 4 5 5 5 0 
385 0 6 5 4 1 
386 1 6 10 2 1 
387 0 4 5 2 0 
388 1 7 8 1 0 
389 1 4 5 3 0 
390 2 5 4 4 0 
391 0 5 9 3 1 
392 4 2 5 10 0 
393 7 6 4 3 0 
394 3 7 9 2 0 
395 2 6 8 0 0 
396 1 5 5 5 0 
397 0 3 7 3 0 
398 0 3 8 2 0 
399 1 10 6 2 0 
400 0 5 10 4 0 
401 0 3 8 4 0 
402 3 3 7 0 0 
403 0 4 7 0 0 
404 0 4 10 0 0 
405 0 3 5 0 0 
406 0 5 4 1 0 
407 1 5 6 1 0 
408 1 6 0 1 0 
409 0 3 4 0 0 
410 0 4 3 1 0 
411 1 6 0 0 0 
412 1 1 1 3 0 
413 2 3 0 1 0 
414 1 5 0 0 1 
415 1 2 0 2 0 
416 1 0 0 1 0 
417 0 3 0 0 0 
418 0 1 1 1 0 
419 0 1 1 0 0 
420 0 0 1 0 0 
421 0 1 0 0 0 
422 0 3 1 0 0 
423 0 2 0 0 0 
424 0 0 1 0 0 
425 1 0 0 0 0 
426 1 1 0 0 0 
427 0 0 0 0 0 
428 0 1 0 0 0 
429 0 0 0 0 0 
430 0 0 0 0 0 
431 0 0 0 0 0 
432 0 0 0 0 0 
433 0 0 0 0 0 
434 0 0 0 0 0 
