1 0 9 0 0 0 
2 0 6 0 0 0 
3 0 6 0 0 0 
4 0 11 0 0 0 
5 0 17 0 0 0 
6 1 18 0 0 0 
7 1 17 0 0 0 
8 5 18 0 0 0 
9 8 16 0 0 2 
10 7 13 0 1 3 
11 6 8 0 1 3 
12 6 11 0 1 3 
13 6 8 0 1 5 
14 5 11 0 1 4 
15 4 13 0 2 3 
16 3 14 2 2 2 
17 1 16 1 1 3 
18 2 12 0 1 4 
19 4 16 0 0 1 
20 2 16 0 0 1 
21 3 18 4 0 1 
22 2 20 4 0 0 
23 3 21 5 1 0 
24 8 27 8 2 0 
25 6 30 5 2 0 
26 6 31 7 1 0 
27 5 35 8 3 0 
28 7 39 5 4 0 
29 6 44 5 3 0 
30 6 40 3 5 0 
31 5 45 2 4 0 
32 5 49 3 6 0 
33 4 54 4 12 0 
34 2 55 4 15 0 
35 1 58 6 10 0 
36 5 69 7 7 0 
37 10 80 9 11 0 
38 11 83 9 13 0 
39 11 84 9 11 0 
40 16 91 10 16 0 
41 18 78 13 18 0 
42 18 78 13 14 0 
43 13 87 18 13 0 
44 9 85 20 17 0 
45 11 88 19 19 0 
46 15 93 26 25 0 
47 12 106 29 20 2 
48 15 117 29 23 3 
49 14 119 25 28 2 
50 14 144 25 23 3 
51 11 131 24 26 3 
52 12 140 26 29 4 
53 12 139 23 35 3 
54 16 145 22 43 2 
55 16 164 21 49 4 
56 19 175 28 59 4 
57 18 173 30 63 5 
58 19 172 40 81 6 
59 22 193 42 77 5 
60 19 205 43 94 5 
61 20 227 41 94 5 
62 27 234 43 104 7 
63 30 235 51 108 7 
64 29 274 52 108 8 
65 32 291 56 108 7 
66 28 313 63 117 9 
67 27 330 52 96 9 
68 28 335 45 118 7 
69 34 360 58 127 10 
70 35 396 62 135 11 
71 37 434 77 162 13 
72 46 448 92 170 13 
73 58 455 98 197 16 
74 69 497 108 216 13 
75 68 535 107 230 13 
76 78 526 109 246 21 
77 78 539 110 244 18 
78 79 571 131 274 27 
79 74 582 162 302 29 
80 82 589 189 308 26 
81 84 656 186 319 27 
82 100 700 188 356 25 
83 108 708 202 388 30 
84 105 758 209 393 31 
85 103 816 235 432 41 
86 103 839 253 460 46 
87 117 902 262 487 56 
88 142 927 308 490 49 
89 147 976 337 508 59 
90 158 1047 368 543 74 
91 160 1097 376 535 92 
92 154 1130 389 558 92 
93 168 1151 456 597 94 
94 186 1179 481 616 99 
95 210 1216 506 663 116 
96 208 1288 521 684 130 
97 216 1331 560 692 147 
98 232 1398 610 751 150 
99 230 1484 628 771 154 
100 257 1587 638 807 164 
101 240 1684 693 836 181 
102 273 1741 706 863 191 
103 290 1788 714 928 207 
104 307 1851 735 1016 207 
105 350 1931 807 1036 206 
106 383 1990 839 1105 207 
107 409 2108 933 1181 208 
108 433 2258 985 1237 230 
109 480 2315 1038 1343 235 
110 502 2429 1065 1393 231 
111 529 2518 1135 1493 240 
112 541 2628 1217 1552 250 
113 562 2733 1243 1649 261 
114 578 2855 1337 1672 251 
115 589 3053 1426 1815 262 
116 631 3178 1478 1894 272 
117 659 3347 1577 2044 259 
118 732 3571 1640 2173 273 
119 749 3798 1714 2250 286 
120 793 3895 1856 2320 316 
121 827 3983 1958 2443 321 
122 851 4136 2084 2579 337 
123 916 4367 2291 2642 371 
124 960 4563 2461 2733 375 
125 1002 4743 2644 2807 413 
126 1068 4914 2827 2941 424 
127 1126 5154 2933 3062 444 
128 1142 5397 3075 3222 478 
129 1146 5597 3236 3453 495 
130 1179 5884 3357 3559 527 
131 1252 6097 3447 3742 564 
132 1342 6422 3605 3903 616 
133 1450 6528 3737 4102 645 
134 1527 6784 3900 4277 659 
135 1554 6892 4170 4409 695 
136 1660 7139 4328 4688 769 
137 1718 7298 4552 4927 797 
138 1775 7498 4753 5214 852 
139 1907 7711 5028 5493 903 
140 1967 8055 5257 5738 941 
141 2048 8239 5509 5859 982 
142 2122 8469 5810 6126 1026 
143 2178 8711 6073 6430 1003 
144 2291 8946 6337 6819 1070 
145 2360 9263 6555 7123 1082 
146 2407 9429 6965 7347 1145 
147 2467 9534 7373 7598 1184 
148 2600 9804 7554 7906 1246 
149 2659 10096 7920 8276 1338 
150 2758 10296 8098 8577 1372 
151 2800 10540 8393 8765 1430 
152 2902 10829 8614 9208 1485 
153 2946 11080 8950 9469 1533 
154 2998 11161 9246 9899 1579 
155 3132 11383 9566 10202 1636 
156 3248 11655 10029 10496 1723 
157 3306 11812 10284 10841 1759 
158 3419 11863 10551 11145 1879 
159 3537 12104 10847 11432 1966 
160 3617 12078 11221 11722 2020 
161 3806 12149 11610 12045 2087 
162 3935 12219 11931 12103 2153 
163 3950 12292 12248 12362 2222 
164 3993 12470 12606 12736 2252 
165 4150 12544 12775 13073 2347 
166 4242 12447 13071 13451 2437 
167 4342 12509 13458 13846 2557 
168 4324 12646 13887 14177 2572 
169 4425 12482 14092 14442 2607 
170 4482 12418 14343 14547 2705 
171 4643 12528 14564 14690 2679 
172 4685 12414 14834 14882 2708 
173 4711 12200 14889 14948 2746 
174 4791 12147 15148 15063 2795 
175 4801 11931 15332 15258 2754 
176 4821 12032 15619 15453 2812 
177 4935 11895 15693 15540 2825 
178 4995 11723 15943 15638 2860 
179 5018 11684 16105 15539 2847 
180 4975 11647 16096 15645 2859 
181 4975 11482 16106 15716 2853 
182 5068 11484 16284 15879 2858 
183 5084 11158 16447 16008 2824 
184 5102 10968 16536 15973 2754 
185 5173 10728 16467 16030 2789 
186 5221 10401 16425 15943 2812 
187 5297 10082 16263 15893 2831 
188 5276 9939 16165 15713 2897 
189 5322 9811 16076 15463 2881 
190 5253 9695 16007 15335 2820 
191 5310 9643 16023 14970 2778 
192 5228 9477 15906 14797 2723 
193 5133 9444 15674 14408 2787 
194 5028 9241 15504 14117 2781 
195 5058 8975 15314 13886 2788 
196 4883 8812 15045 13632 2730 
197 4757 8533 14892 13322 2665 
198 4620 8236 14695 13155 2627 
199 4521 7930 14561 12987 2627 
200 4389 7836 14436 12751 2724 
201 4294 7537 14302 12468 2743 
202 4187 7345 14068 12404 2747 
203 4171 7161 13830 12165 2657 
204 4183 6940 13446 12049 2657 
205 4133 6775 13331 11888 2607 
206 4002 6578 13070 11629 2686 
207 3865 6321 12807 11455 2647 
208 3746 6115 12521 11197 2556 
209 3654 5909 12102 10931 2566 
210 3630 5615 11709 10759 2468 
211 3583 5455 11545 10529 2386 
212 3520 5203 11253 10198 2319 
213 3362 5027 11060 9986 2304 
214 3147 4831 10775 9893 2209 
215 3046 4574 10457 9532 2174 
216 2981 4456 10097 9116 2028 
217 2922 4238 9798 8970 1913 
218 2884 4072 9562 8690 1875 
219 2832 3959 9371 8459 1827 
220 2766 3801 9013 8163 1857 
221 2684 3672 8718 7833 1773 
222 2611 3432 8536 7649 1676 
223 2445 3323 8288 7358 1619 
224 2332 3200 7861 7147 1592 
225 2258 3099 7681 6889 1534 
226 2217 2997 7434 6645 1494 
227 2133 2919 7173 6377 1478 
228 2054 2821 6922 6132 1442 
229 2006 2719 6575 5855 1388 
230 1950 2656 6372 5708 1321 
231 1873 2559 6217 5488 1283 
232 1787 2380 5958 5320 1254 
233 1785 2286 5784 5131 1197 
234 1735 2226 5544 4923 1137 
235 1666 2075 5403 4638 1100 
236 1596 1992 5231 4552 1064 
237 1543 1918 5073 4353 1038 
238 1517 1836 4832 4295 1004 
239 1467 1819 4665 4083 972 
240 1391 1753 4483 3931 940 
241 1351 1705 4382 3737 917 
242 1315 1619 4252 3500 914 
243 1257 1514 4058 3391 820 
244 1222 1475 3869 3316 785 
245 1156 1396 3652 3191 756 
246 1119 1353 3446 3043 741 
247 1075 1300 3366 2967 679 
248 1011 1283 3327 2783 703 
249 966 1268 3184 2634 667 
250 937 1217 3036 2507 657 
251 898 1194 2943 2428 615 
252 848 1126 2808 2344 604 
253 826 1079 2665 2242 577 
254 815 1071 2577 2139 536 
255 755 992 2521 2089 491 
256 731 947 2399 2037 464 
257 693 903 2276 1924 442 
258 651 854 2204 1858 441 
259 635 834 2163 1806 418 
260 638 787 2021 1711 376 
261 577 754 1874 1654 369 
262 547 735 1797 1581 386 
263 542 688 1705 1568 372 
264 506 632 1622 1458 360 
265 480 629 1589 1387 352 
266 494 614 1528 1379 336 
267 461 580 1465 1309 335 
268 456 528 1372 1253 318 
269 427 517 1301 1140 307 
270 423 516 1240 1077 313 
271 388 474 1210 1024 301 
272 366 436 1143 1012 282 
273 332 429 1134 931 265 
274 319 427 1079 899 270 
275 295 379 1020 851 252 
276 284 358 1011 839 226 
277 274 322 996 820 215 
278 253 310 965 730 208 
279 245 285 893 712 179 
280 254 283 825 659 182 
281 270 256 804 629 195 
282 274 233 737 588 189 
283 253 256 706 544 183 
284 224 249 678 516 159 
285 220 224 644 485 158 
286 213 229 640 470 149 
287 200 218 629 470 141 
288 179 202 613 464 144 
289 147 190 659 434 134 
290 149 181 634 413 120 
291 154 177 630 383 125 
292 148 163 575 364 115 
293 146 152 552 350 130 
294 155 151 515 333 118 
295 144 144 474 317 103 
296 143 133 422 302 98 
297 139 122 402 291 96 
298 145 113 372 281 89 
299 143 111 343 269 93 
300 121 108 323 276 86 
301 112 113 280 275 87 
302 105 116 256 253 90 
303 110 115 236 272 90 
304 100 117 224 243 94 
305 89 116 232 241 83 
306 91 98 217 242 82 
307 75 97 195 225 72 
308 74 94 181 235 73 
309 64 88 176 213 68 
310 60 86 174 229 67 
311 56 79 166 216 58 
312 61 73 179 211 59 
313 64 78 164 197 60 
314 68 74 147 203 59 
315 70 66 149 191 60 
316 70 60 157 186 55 
317 64 58 162 196 47 
318 67 55 157 176 38 
319 72 51 162 175 43 
320 73 48 168 165 36 
321 74 52 150 168 32 
322 69 53 119 160 36 
323 64 58 120 146 26 
324 52 51 105 136 32 
325 55 48 108 112 28 
326 47 49 88 106 31 
327 43 55 84 101 28 
328 46 54 80 107 28 
329 41 49 72 112 26 
330 35 47 76 103 20 
331 32 46 78 90 24 
332 30 41 74 82 18 
333 25 41 66 91 17 
334 22 45 57 73 20 
335 26 41 58 61 17 
336 28 38 51 61 13 
337 24 43 50 60 14 
338 20 35 38 50 15 
339 22 39 40 49 17 
340 22 29 33 45 16 
341 20 28 32 40 18 
342 13 28 26 38 16 
343 14 26 23 45 14 
344 13 17 25 36 17 
345 12 17 20 35 19 
346 8 19 24 31 16 
347 10 21 23 32 15 
348 7 17 26 33 12 
349 9 27 27 31 12 
350 12 24 27 31 11 
351 16 18 24 35 10 
352 18 15 20 34 12 
353 13 10 21 30 11 
354 15 9 21 33 12 
355 14 6 22 31 13 
356 14 9 20 34 11 
357 9 9 16 29 7 
358 10 12 16 25 5 
359 10 16 16 31 4 
360 7 14 18 30 1 
361 6 16 17 32 2 
362 7 12 16 33 1 
363 5 12 14 32 0 
364 6 10 13 40 0 
365 4 15 10 36 0 
366 7 17 7 27 0 
367 10 15 6 20 0 
368 7 16 4 21 0 
369 6 12 3 18 0 
370 4 12 4 20 0 
371 5 11 4 20 0 
372 6 13 3 17 0 
373 5 13 4 17 1 
374 4 11 6 12 1 
375 3 6 9 15 1 
376 3 4 10 16 1 
377 5 4 8 15 2 
378 2 3 10 16 3 
379 2 1 13 17 2 
380 0 1 16 13 2 
381 0 1 12 15 1 
382 0 1 11 13 1 
383 0 2 14 13 0 
384 0 0 13 15 0 
385 0 0 9 15 1 
386 0 0 8 14 0 
387 2 0 10 12 0 
388 3 0 11 10 0 
389 1 0 14 13 0 
390 1 0 11 9 0 
391 1 0 6 8 0 
392 1 0 5 9 0 
393 2 0 6 6 0 
394 2 0 6 6 0 
395 2 0 5 8 0 
396 1 0 6 6 0 
397 1 0 7 5 0 
398 1 0 6 6 0 
399 0 0 3 7 0 
400 0 0 2 5 1 
401 0 0 4 5 1 
402 0 0 2 2 1 
403 0 0 1 2 0 
404 0 0 1 3 0 
405 0 0 1 2 0 
406 0 0 1 1 0 
407 1 0 2 2 0 
408 0 0 3 1 1 
409 0 0 2 2 1 
410 0 0 1 2 1 
411 0 0 1 1 1 
412 1 0 1 0 1 
413 1 0 1 0 1 
414 0 0 0 0 0 
