1 0 10 0 0 0 
2 0 9 0 0 0 
3 0 6 0 0 0 
4 0 5 0 0 0 
5 0 5 0 0 0 
6 0 9 0 0 0 
7 2 11 0 0 0 
8 1 5 0 0 0 
9 0 2 0 0 0 
10 0 2 0 1 0 
11 1 2 1 1 0 
12 1 4 1 1 0 
13 1 3 1 1 0 
14 2 5 0 1 0 
15 1 7 0 2 0 
16 0 7 0 4 0 
17 0 4 1 3 0 
18 0 3 2 1 0 
19 0 3 1 3 0 
20 0 4 2 4 0 
21 1 4 2 2 0 
22 1 4 0 1 0 
23 2 2 0 2 0 
24 3 3 0 1 0 
25 1 5 0 1 0 
26 1 6 0 2 0 
27 0 5 0 4 0 
28 0 1 0 6 0 
29 0 2 0 7 0 
30 0 3 1 8 0 
31 0 1 1 6 0 
32 0 1 1 4 0 
33 0 1 1 1 0 
34 0 1 1 2 0 
35 1 3 1 2 0 
36 2 3 1 1 0 
37 2 2 1 2 0 
38 1 2 1 4 0 
39 1 1 1 4 0 
40 1 0 1 3 0 
41 1 0 2 6 0 
42 3 0 2 4 0 
43 1 0 1 5 0 
44 4 0 2 4 0 
45 4 0 4 5 0 
46 5 0 4 2 0 
47 5 0 3 2 0 
48 5 0 3 1 0 
49 9 0 4 2 0 
50 6 0 3 2 0 
51 3 1 4 4 1 
52 3 2 3 6 1 
53 3 2 3 5 2 
54 5 0 2 3 1 
55 7 0 2 5 2 
56 7 0 1 5 1 
57 7 0 0 5 1 
58 5 1 1 6 2 
59 2 1 2 7 1 
60 2 1 2 8 1 
61 4 2 4 10 1 
62 4 3 3 13 1 
63 4 3 4 13 2 
64 4 3 9 12 3 
65 4 2 18 10 2 
66 4 1 22 9 2 
67 2 0 22 7 3 
68 2 0 24 3 3 
69 3 0 27 3 2 
70 4 0 28 3 3 
71 5 0 21 6 5 
72 4 0 18 6 6 
73 2 0 20 5 6 
74 2 0 20 6 8 
75 2 0 14 6 8 
76 0 0 13 6 7 
77 1 0 15 6 7 
78 1 0 10 7 7 
79 1 0 9 9 8 
80 3 0 13 14 10 
81 2 0 15 14 11 
82 4 0 13 15 15 
83 4 0 17 13 12 
84 4 1 25 14 18 
85 5 1 26 10 16 
86 7 0 33 17 15 
87 7 0 34 17 15 
88 8 0 33 17 16 
89 7 1 25 19 17 
90 9 1 20 20 21 
91 7 1 26 22 20 
92 9 2 28 29 28 
93 8 2 34 27 23 
94 12 2 40 24 30 
95 15 4 38 23 26 
96 17 5 41 22 29 
97 11 5 47 22 30 
98 12 5 49 22 30 
99 12 4 44 26 33 
100 10 4 46 23 28 
101 13 3 48 20 24 
102 10 2 45 23 25 
103 15 5 46 23 32 
104 19 2 54 29 27 
105 13 1 52 24 31 
106 13 2 41 26 41 
107 15 2 49 20 43 
108 19 2 51 23 48 
109 15 4 53 27 53 
110 12 4 47 34 48 
111 16 3 54 42 34 
112 14 3 63 47 30 
113 18 2 68 50 30 
114 16 2 71 46 25 
115 19 2 81 39 21 
116 23 3 83 45 15 
117 27 4 74 37 13 
118 26 4 77 31 12 
119 28 2 84 26 12 
120 21 2 89 37 11 
121 21 4 99 28 8 
122 22 8 97 28 10 
123 24 11 93 29 10 
124 18 15 108 32 9 
125 19 13 117 34 13 
126 18 11 120 40 17 
127 21 11 135 33 16 
128 24 14 136 31 16 
129 26 15 137 35 15 
130 29 14 139 36 19 
131 29 18 155 38 20 
132 22 17 148 47 17 
133 24 15 149 44 20 
134 28 21 179 36 26 
135 31 22 187 42 24 
136 42 27 188 47 26 
137 46 28 167 62 29 
138 45 33 180 79 28 
139 40 37 162 91 37 
140 31 37 161 102 46 
141 39 49 162 115 49 
142 42 57 162 133 53 
143 44 63 146 121 58 
144 47 63 158 118 52 
145 50 58 161 120 49 
146 52 81 161 121 51 
147 60 80 174 137 50 
148 61 65 171 146 37 
149 49 71 168 154 42 
150 47 81 188 162 61 
151 56 82 197 161 64 
152 59 70 201 171 66 
153 72 73 220 155 66 
154 74 91 212 175 60 
155 67 88 208 183 61 
156 67 98 194 174 56 
157 67 102 212 198 54 
158 65 109 228 227 47 
159 68 124 253 239 55 
160 59 139 267 247 52 
161 51 174 260 253 49 
162 54 182 255 261 49 
163 60 201 267 250 55 
164 64 207 265 245 48 
165 75 208 299 278 47 
166 82 205 326 300 53 
167 102 199 320 315 51 
168 94 231 326 311 49 
169 90 263 370 314 45 
170 98 274 398 334 44 
171 112 288 451 352 47 
172 105 336 470 377 54 
173 110 340 461 400 59 
174 116 382 494 426 57 
175 117 443 509 460 71 
176 126 452 531 485 59 
177 135 505 529 535 68 
178 146 557 569 566 71 
179 162 564 584 587 74 
180 171 618 666 600 78 
181 180 636 665 646 89 
182 188 676 694 675 90 
183 193 722 710 676 101 
184 199 691 745 707 98 
185 219 714 757 720 95 
186 246 754 848 790 101 
187 265 747 892 817 109 
188 286 796 918 863 117 
189 277 833 958 916 117 
190 291 907 1022 953 119 
191 312 966 1099 977 123 
192 353 1018 1109 1017 143 
193 368 1023 1193 1124 163 
194 429 1072 1258 1199 169 
195 436 1158 1300 1234 169 
196 482 1277 1367 1336 181 
197 486 1385 1446 1416 175 
198 510 1441 1498 1488 185 
199 500 1544 1573 1479 193 
200 466 1652 1678 1494 178 
201 507 1717 1752 1558 163 
202 526 1840 1814 1627 191 
203 577 2037 1894 1671 220 
204 617 2106 1905 1738 228 
205 642 2257 1960 1848 216 
206 693 2376 2057 1877 241 
207 694 2516 2101 1907 236 
208 716 2695 2157 2008 217 
209 756 2774 2242 2043 247 
210 798 2924 2281 2222 287 
211 861 3058 2363 2374 317 
212 884 3171 2491 2485 342 
213 926 3337 2607 2598 348 
214 963 3619 2742 2788 363 
215 999 3728 2894 2933 388 
216 1034 3895 3014 3038 432 
217 1078 4135 3175 3225 452 
218 1090 4371 3319 3358 490 
219 1156 4576 3418 3488 517 
220 1209 4786 3499 3558 544 
221 1245 5053 3588 3714 540 
222 1272 5269 3691 3813 586 
223 1283 5496 3800 3965 595 
224 1366 5781 3868 4111 620 
225 1419 5978 4022 4281 604 
226 1416 6281 4191 4409 594 
227 1472 6542 4237 4729 602 
228 1562 6941 4405 4861 607 
229 1643 7296 4519 5040 650 
230 1757 7481 4700 5252 660 
231 1851 7796 4998 5430 702 
232 1943 8033 5108 5697 684 
233 2034 8265 5314 5911 697 
234 2049 8675 5550 6001 730 
235 2154 8835 5851 6265 758 
236 2280 9181 6071 6455 812 
237 2411 9519 6255 6752 870 
238 2504 9867 6523 7051 921 
239 2619 10096 6818 7297 948 
240 2698 10396 7085 7573 986 
241 2805 10701 7388 7881 1053 
242 2843 11024 7682 8176 1100 
243 2956 11328 7998 8412 1192 
244 3008 11470 8353 8706 1196 
245 3042 11891 8721 8991 1299 
246 3162 12091 9063 9230 1379 
247 3255 12213 9161 9567 1383 
248 3296 12419 9283 9765 1427 
249 3369 12600 9530 10073 1472 
250 3489 12739 9839 10346 1505 
251 3571 12845 10024 10602 1562 
252 3541 12964 10167 10760 1639 
253 3590 13058 10384 11023 1688 
254 3749 13170 10450 11340 1669 
255 3743 13297 10699 11515 1767 
256 3860 13286 10978 11806 1815 
257 3901 13450 11250 12019 1918 
258 4034 13612 11479 12395 1962 
259 4147 13579 11771 12787 2043 
260 4154 13564 11931 12911 2109 
261 4264 13472 12355 13097 2175 
262 4389 13499 12568 13284 2178 
263 4363 13350 12713 13501 2249 
264 4497 13141 12880 13716 2203 
265 4501 13048 13100 14004 2312 
266 4534 12876 13427 14061 2424 
267 4594 12784 13394 14102 2515 
268 4551 12571 13635 14268 2523 
269 4664 12566 13810 14494 2523 
270 4669 12349 13859 14714 2615 
271 4708 12123 14061 14797 2652 
272 4704 12008 14235 14934 2696 
273 4835 11974 14127 14950 2677 
274 4791 11842 14269 14903 2741 
275 4779 11712 14195 14859 2857 
276 4772 11548 14155 14779 2862 
277 4714 11388 14044 14792 2863 
278 4742 11046 14110 14800 2944 
279 4727 10856 14021 14701 2949 
280 4710 10585 14131 14689 2986 
281 4632 10431 14115 14585 2963 
282 4586 10299 14060 14421 2949 
283 4596 10007 14016 14292 2881 
284 4527 9750 13704 14172 2867 
285 4392 9505 13631 14062 2851 
286 4366 9279 13685 13744 2827 
287 4295 8965 13630 13601 2781 
288 4336 8667 13600 13511 2730 
289 4286 8550 13362 13348 2743 
290 4172 8275 13246 13259 2688 
291 4183 8193 13126 13105 2598 
292 4179 7940 12905 12908 2608 
293 4143 7770 12888 12692 2564 
294 4118 7483 12622 12588 2585 
295 4058 7245 12458 12440 2524 
296 3984 6997 12268 12249 2504 
297 3964 6820 11893 11956 2509 
298 3930 6562 11628 11624 2499 
299 3897 6303 11500 11360 2435 
300 3761 6106 11270 11191 2413 
301 3639 5947 10930 10898 2315 
302 3487 5822 10864 10721 2282 
303 3416 5519 10641 10404 2262 
304 3425 5303 10349 10132 2283 
305 3236 5113 10216 9865 2189 
306 3175 4955 9900 9598 2125 
307 3047 4778 9680 9295 2003 
308 2958 4541 9597 9073 1918 
309 2834 4311 9442 8816 1872 
310 2786 4086 9090 8590 1876 
311 2687 3995 8877 8192 1859 
312 2613 3899 8702 7962 1768 
313 2614 3799 8325 7698 1690 
314 2537 3727 8134 7531 1684 
315 2377 3605 7830 7234 1596 
316 2332 3423 7619 7079 1591 
317 2246 3294 7375 6845 1492 
318 2137 3164 7139 6681 1450 
319 2066 3017 6894 6543 1410 
320 2014 2880 6683 6360 1355 
321 1953 2789 6465 6141 1290 
322 1922 2672 6127 5919 1264 
323 1896 2590 5929 5742 1225 
324 1897 2515 5822 5446 1224 
325 1895 2382 5731 5262 1186 
326 1806 2274 5679 5106 1134 
327 1804 2214 5491 4933 1090 
328 1680 2108 5300 4710 1090 
329 1624 1995 5109 4496 1112 
330 1571 1902 4895 4379 1095 
331 1477 1834 4660 4188 1096 
332 1431 1778 4552 4035 1062 
333 1385 1702 4399 3897 978 
334 1254 1652 4290 3752 932 
335 1219 1585 4129 3546 907 
336 1181 1527 3927 3387 863 
337 1109 1421 3766 3278 836 
338 1122 1350 3681 3182 815 
339 1076 1304 3502 3063 731 
340 991 1258 3439 2932 702 
341 961 1231 3284 2809 677 
342 952 1166 3167 2732 664 
343 905 1088 3024 2667 669 
344 879 1040 2967 2586 591 
345 895 997 2853 2477 572 
346 813 953 2760 2343 550 
347 761 912 2687 2278 546 
348 736 884 2597 2173 517 
349 704 846 2507 2146 495 
350 664 791 2340 2112 488 
351 635 765 2246 2035 474 
352 609 741 2179 1941 448 
353 575 728 2086 1795 423 
354 551 676 1964 1766 400 
355 521 646 1842 1716 388 
356 508 657 1786 1574 390 
357 505 639 1708 1516 370 
358 486 606 1649 1419 328 
359 453 597 1528 1361 304 
360 441 559 1459 1281 318 
361 432 553 1442 1244 293 
362 436 562 1376 1198 285 
363 418 519 1390 1155 271 
364 401 475 1325 1134 255 
365 363 453 1233 1090 246 
366 351 437 1168 1027 238 
367 348 407 1080 952 217 
368 352 383 1066 887 199 
369 315 353 1049 890 186 
370 318 329 1019 866 183 
371 293 324 995 756 167 
372 310 293 932 701 157 
373 294 273 895 668 142 
374 319 255 860 641 129 
375 320 249 803 631 125 
376 295 235 734 623 127 
377 272 224 704 626 130 
378 247 216 683 577 127 
379 226 196 687 569 110 
380 207 218 644 566 118 
381 188 215 634 531 119 
382 176 207 597 509 104 
383 180 193 565 473 103 
384 179 178 549 472 94 
385 159 162 583 447 83 
386 149 164 555 424 78 
387 145 164 489 450 83 
388 159 157 474 455 74 
389 143 148 470 433 73 
390 140 120 433 399 60 
391 130 127 394 374 54 
392 114 130 379 365 60 
393 104 117 378 357 53 
394 104 124 372 355 60 
395 98 117 352 342 58 
396 89 101 348 323 56 
397 90 97 324 322 54 
398 84 100 301 297 62 
399 86 100 294 301 61 
400 77 102 274 290 56 
401 64 92 274 270 51 
402 62 78 293 250 53 
403 65 67 281 246 55 
404 68 64 275 223 53 
405 67 61 255 206 51 
406 75 55 225 197 59 
407 68 52 213 186 54 
408 70 39 214 162 40 
409 73 45 197 148 46 
410 63 48 190 141 47 
411 56 45 171 131 40 
412 48 42 175 117 36 
413 46 33 164 112 29 
414 45 28 170 116 34 
415 49 27 143 106 31 
416 44 23 137 108 33 
417 34 22 137 105 31 
418 39 22 112 98 26 
419 41 30 115 85 28 
420 36 31 104 81 22 
421 40 32 104 79 23 
422 37 33 98 66 26 
423 38 27 88 69 21 
424 41 26 89 69 23 
425 42 26 93 70 21 
426 42 21 77 58 17 
427 37 22 76 64 19 
428 28 17 74 59 8 
429 30 12 79 56 9 
430 36 10 82 55 10 
431 33 10 79 46 11 
432 29 14 70 48 14 
433 28 13 75 54 19 
434 29 11 78 48 23 
435 30 10 62 52 16 
436 27 13 63 60 15 
437 24 12 65 60 12 
438 19 10 64 64 12 
439 18 12 62 53 11 
440 13 14 54 43 9 
441 12 18 56 42 9 
442 14 22 49 45 12 
443 17 18 59 40 13 
444 19 14 55 38 13 
445 18 19 55 38 12 
446 22 18 48 39 9 
447 20 12 45 37 10 
448 15 15 40 41 8 
449 12 15 39 47 7 
450 12 18 34 45 6 
451 13 19 31 37 7 
452 19 18 37 42 5 
453 14 22 31 51 5 
454 11 23 21 48 5 
455 9 20 31 43 7 
456 6 19 30 37 5 
457 6 17 28 34 7 
458 7 14 30 32 6 
459 11 19 32 28 6 
460 10 22 27 23 9 
461 13 24 24 26 7 
462 12 24 24 21 6 
463 12 22 23 20 5 
464 12 28 22 19 3 
465 11 23 17 13 2 
466 12 25 14 16 1 
467 10 19 18 16 1 
468 14 18 21 10 1 
469 13 12 15 14 1 
470 13 12 16 11 2 
471 13 13 20 8 1 
472 16 9 16 6 1 
473 14 9 13 7 1 
474 15 9 13 8 2 
475 14 9 12 5 2 
476 10 7 11 5 3 
477 9 6 10 3 1 
478 9 6 10 3 0 
479 9 3 13 4 0 
480 5 3 13 6 0 
481 8 4 15 4 0 
482 8 5 14 2 0 
483 5 5 7 6 0 
484 5 4 9 4 0 
485 8 3 8 4 0 
486 8 2 14 3 0 
487 8 2 16 2 0 
488 6 1 17 1 0 
489 7 1 21 1 0 
490 4 1 18 4 0 
491 4 1 18 5 0 
492 6 1 14 9 0 
493 7 1 13 8 0 
494 2 1 17 6 0 
495 0 1 23 8 0 
496 1 1 27 9 0 
497 1 2 22 6 0 
498 1 2 21 7 2 
499 1 2 22 6 1 
500 2 2 21 4 1 
501 1 3 18 4 0 
502 0 5 16 6 0 
503 0 7 13 10 0 
504 2 3 8 11 0 
505 2 3 8 6 0 
506 0 0 13 8 0 
507 0 0 15 4 0 
508 0 0 14 2 0 
509 0 0 15 2 0 
510 1 0 12 1 0 
511 0 0 14 1 0 
512 1 0 12 3 0 
513 1 0 16 2 0 
514 1 1 15 2 0 
515 0 1 16 2 0 
516 0 1 18 3 0 
517 0 0 14 0 0 
518 0 0 10 0 0 
519 0 0 9 0 1 
520 0 0 9 0 1 
521 0 0 8 0 1 
522 0 0 7 0 0 
523 0 0 8 0 0 
524 0 0 6 0 0 
525 0 0 4 0 0 
526 0 0 3 0 0 
527 0 0 3 0 0 
528 0 0 4 0 0 
529 0 0 4 0 0 
530 0 0 5 0 0 
531 0 0 4 1 0 
532 0 0 2 1 0 
533 0 0 0 2 0 
534 0 0 0 2 0 
535 0 0 0 1 0 
536 0 0 0 1 0 
537 0 0 0 1 0 
538 0 0 0 0 0 
