1 0 4 0 0 0 
2 0 3 0 0 0 
3 0 3 0 0 0 
4 0 1 0 0 0 
5 0 1 0 0 0 
6 0 1 0 0 0 
7 0 2 0 0 0 
8 0 1 0 0 0 
9 0 1 0 0 0 
10 0 3 0 0 0 
11 0 2 0 0 0 
12 1 2 0 0 0 
13 1 0 0 1 0 
14 0 0 1 2 0 
15 0 1 1 1 0 
16 0 2 1 1 0 
17 0 1 4 0 0 
18 0 2 5 0 0 
19 0 3 5 0 0 
20 0 4 4 0 0 
21 0 4 7 0 0 
22 0 4 6 1 0 
23 0 2 12 1 0 
24 1 3 12 1 0 
25 1 8 14 2 0 
26 1 7 9 0 0 
27 2 8 7 0 0 
28 3 9 8 0 0 
29 3 12 8 0 0 
30 5 13 8 2 0 
31 2 10 6 0 0 
32 2 10 6 0 0 
33 1 11 9 0 0 
34 1 15 11 0 0 
35 1 15 9 0 0 
36 1 14 9 1 0 
37 2 10 8 2 0 
38 3 10 5 2 0 
39 3 13 6 2 0 
40 2 12 9 4 0 
41 4 12 10 5 0 
42 6 6 6 4 0 
43 4 4 5 4 0 
44 4 7 3 8 0 
45 4 6 3 5 0 
46 4 12 3 6 0 
47 3 9 4 10 0 
48 1 13 3 14 0 
49 3 21 2 14 0 
50 6 21 7 24 0 
51 9 19 11 24 0 
52 5 24 12 24 0 
53 6 22 16 20 0 
54 5 21 21 22 0 
55 7 22 24 29 0 
56 5 30 23 30 1 
57 3 27 24 33 1 
58 1 33 33 35 1 
59 1 32 38 34 1 
60 2 30 28 36 0 
61 5 33 32 41 0 
62 6 42 28 43 0 
63 8 46 28 48 0 
64 6 44 35 46 1 
65 4 45 33 47 2 
66 2 58 33 45 1 
67 4 53 31 46 1 
68 8 50 29 45 1 
69 10 55 24 47 2 
70 17 63 25 45 2 
71 22 67 29 59 1 
72 20 72 33 60 1 
73 16 78 33 61 0 
74 15 85 31 56 0 
75 11 100 30 61 0 
76 13 87 41 63 0 
77 14 77 43 70 0 
78 17 75 40 68 1 
79 14 85 55 76 2 
80 15 81 47 80 2 
81 21 89 38 97 0 
82 21 105 40 110 1 
83 22 114 42 126 1 
84 22 126 51 128 3 
85 28 123 53 131 4 
86 29 128 59 129 4 
87 42 145 57 152 4 
88 41 138 64 162 5 
89 39 134 72 152 2 
90 39 149 84 146 0 
91 43 139 82 165 1 
92 44 132 88 178 0 
93 50 144 98 172 0 
94 46 155 109 178 0 
95 49 173 124 193 0 
96 61 188 125 214 0 
97 70 209 132 225 1 
98 72 222 151 248 4 
99 66 234 170 251 2 
100 74 256 183 276 3 
101 74 284 192 269 5 
102 89 289 202 284 6 
103 91 292 223 290 7 
104 89 311 215 303 10 
105 95 308 227 308 8 
106 95 313 256 324 9 
107 110 338 257 353 13 
108 119 368 277 352 22 
109 105 383 292 349 22 
110 115 406 310 365 28 
111 122 433 313 397 37 
112 119 463 336 423 39 
113 136 471 337 451 47 
114 134 483 383 452 48 
115 146 465 394 483 55 
116 160 457 418 489 65 
117 164 472 419 518 70 
118 149 526 435 537 64 
119 148 538 489 531 60 
120 152 579 507 568 61 
121 162 612 510 558 67 
122 172 624 519 646 75 
123 190 717 566 623 78 
124 214 746 589 662 80 
125 230 800 638 720 73 
126 247 796 676 734 77 
127 247 825 695 762 85 
128 250 850 744 805 94 
129 252 912 804 846 96 
130 270 940 825 910 92 
131 286 987 900 928 81 
132 305 1052 972 995 93 
133 321 1108 1000 1084 104 
134 338 1114 1070 1142 119 
135 368 1177 1067 1261 128 
136 412 1209 1098 1310 124 
137 426 1307 1150 1366 132 
138 450 1427 1212 1457 148 
139 462 1544 1278 1599 164 
140 508 1662 1375 1666 178 
141 551 1727 1388 1709 195 
142 550 1884 1468 1756 210 
143 569 1946 1467 1840 235 
144 612 2028 1560 1929 224 
145 618 2132 1620 2039 227 
146 619 2309 1720 2154 225 
147 644 2402 1843 2300 237 
148 628 2561 1968 2392 243 
149 685 2654 2044 2538 244 
150 709 2805 2125 2653 272 
151 764 2983 2299 2765 285 
152 811 3140 2394 2979 295 
153 879 3245 2490 3142 332 
154 954 3396 2584 3282 333 
155 983 3598 2696 3469 344 
156 988 3846 2747 3619 340 
157 965 4080 2889 3685 349 
158 1026 4308 3005 3867 379 
159 1060 4522 3131 3995 446 
160 1135 4758 3354 4188 478 
161 1209 4940 3453 4349 515 
162 1205 4989 3562 4509 538 
163 1305 5197 3735 4728 566 
164 1411 5317 3796 4791 611 
165 1479 5564 3951 4999 637 
166 1569 5923 4141 5209 664 
167 1631 6232 4331 5432 714 
168 1667 6511 4520 5674 744 
169 1710 6636 4678 5996 762 
170 1792 6896 4872 6266 777 
171 1844 7081 5041 6450 756 
172 1923 7459 5258 6677 786 
173 2063 7879 5539 6921 819 
174 2105 8199 5746 7144 841 
175 2185 8559 5955 7346 877 
176 2234 8874 6281 7684 920 
177 2369 9113 6467 7921 990 
178 2489 9379 6592 8097 1055 
179 2586 9731 6950 8260 1097 
180 2624 9991 7101 8382 1136 
181 2705 10228 7276 8554 1219 
182 2767 10506 7693 9012 1261 
183 2831 10738 7920 9189 1319 
184 2930 11082 8221 9543 1364 
185 3041 11400 8389 9713 1450 
186 3164 11555 8763 9892 1532 
187 3301 11848 9098 10222 1586 
188 3414 12187 9374 10536 1630 
189 3504 12278 9660 10823 1640 
190 3582 12634 9883 11099 1704 
191 3608 12898 10156 11479 1804 
192 3764 12846 10391 11840 1843 
193 3891 12994 10635 11986 1894 
194 3944 13079 10876 12295 1969 
195 4003 13165 11190 12467 2002 
196 4060 13269 11374 12608 2136 
197 4076 13439 11728 12799 2162 
198 4239 13399 12047 13058 2274 
199 4310 13580 12304 13306 2343 
200 4377 13519 12572 13525 2353 
201 4405 13588 12856 13662 2457 
202 4434 13406 13125 13801 2452 
203 4552 13277 13215 13986 2465 
204 4589 13403 13367 14095 2523 
205 4646 13568 13598 14209 2653 
206 4683 13664 13665 14473 2661 
207 4761 13557 14161 14726 2782 
208 4751 13403 14362 14852 2885 
209 4847 13490 14489 14857 2894 
210 4903 13323 14596 14887 2953 
211 4917 13040 14544 14904 3032 
212 4954 12801 14640 15056 3092 
213 4969 12532 14659 15034 3178 
214 5080 12252 14897 14975 3176 
215 5071 11984 15064 15072 3174 
216 4948 11877 15233 15054 3113 
217 4965 11912 15216 15069 3136 
218 5031 11639 15218 15083 3082 
219 5063 11319 15106 15024 3109 
220 5116 11109 15166 15107 3120 
221 5159 10859 15235 15014 3219 
222 5066 10676 14999 14863 3188 
223 5081 10507 15060 14840 3226 
224 4956 10208 14966 14721 3216 
225 4890 9951 14886 14447 3204 
226 4899 9702 14747 14184 3188 
227 4860 9312 14839 14030 3138 
228 4781 9127 14742 13644 3142 
229 4631 8836 14503 13440 3081 
230 4517 8657 14305 13159 3038 
231 4446 8551 14209 12999 2984 
232 4420 8417 14136 12798 2908 
233 4398 8210 13878 12656 2899 
234 4333 7922 13573 12364 2838 
235 4212 7644 13315 12120 2780 
236 4189 7417 13020 11790 2788 
237 4051 7141 12695 11620 2727 
238 3970 6891 12526 11492 2678 
239 3935 6733 12205 11362 2604 
240 3822 6395 11815 11071 2463 
241 3678 6288 11578 10852 2417 
242 3548 6090 11252 10680 2399 
243 3440 5874 11012 10440 2347 
244 3337 5652 10710 10140 2221 
245 3266 5524 10499 9887 2094 
246 3243 5287 10323 9562 2042 
247 3230 5164 10148 9395 2004 
248 3138 4996 9915 9060 1949 
249 3100 4746 9683 8843 1891 
250 3016 4549 9551 8485 1891 
251 2887 4375 9252 8143 1839 
252 2775 4263 8927 7783 1822 
253 2716 4059 8672 7551 1782 
254 2677 3946 8454 7304 1746 
255 2529 3820 8197 7106 1646 
256 2434 3669 7933 6962 1565 
257 2300 3491 7695 6729 1473 
258 2273 3337 7494 6572 1405 
259 2272 3241 7345 6399 1355 
260 2169 3083 7090 6140 1350 
261 2095 2838 6922 5933 1258 
262 1988 2729 6776 5781 1238 
263 1909 2636 6536 5517 1229 
264 1843 2526 6363 5320 1190 
265 1795 2449 6116 5227 1143 
266 1781 2288 5894 4908 1096 
267 1711 2229 5616 4782 1079 
268 1657 2102 5395 4630 1047 
269 1672 2015 5215 4475 982 
270 1614 1951 5078 4337 940 
271 1484 1831 4883 4200 934 
272 1437 1761 4809 4125 896 
273 1369 1663 4668 3939 884 
274 1287 1602 4515 3796 879 
275 1229 1467 4386 3645 896 
276 1163 1395 4179 3477 882 
277 1119 1401 4043 3389 821 
278 1102 1339 3881 3240 772 
279 1125 1267 3675 3113 725 
280 1121 1256 3508 2959 691 
281 1095 1169 3394 2793 677 
282 1041 1113 3297 2664 657 
283 990 1061 3147 2573 686 
284 944 982 2986 2520 653 
285 921 922 2919 2446 628 
286 929 921 2811 2318 589 
287 833 862 2755 2234 567 
288 808 834 2634 2208 526 
289 777 777 2534 2104 529 
290 757 705 2350 2046 505 
291 726 665 2257 1977 489 
292 671 640 2115 1960 467 
293 624 610 2007 1902 420 
294 602 587 1968 1799 392 
295 594 565 1859 1689 350 
296 556 537 1773 1555 324 
297 540 512 1688 1457 326 
298 515 474 1652 1410 317 
299 504 459 1592 1365 320 
300 478 416 1500 1293 310 
301 454 392 1450 1250 312 
302 462 399 1397 1207 298 
303 440 386 1347 1165 271 
304 396 375 1300 1128 239 
305 409 361 1252 1079 243 
306 401 359 1173 1012 233 
307 373 324 1127 981 213 
308 364 336 1081 988 178 
309 334 333 1050 963 178 
310 302 318 1017 905 176 
311 282 314 981 856 155 
312 255 296 938 807 157 
313 252 270 906 775 173 
314 247 271 870 737 174 
315 241 257 831 699 161 
316 225 252 792 676 152 
317 208 222 804 647 142 
318 179 203 797 630 139 
319 184 207 764 581 146 
320 180 195 693 539 153 
321 182 186 675 527 138 
322 181 186 611 493 132 
323 188 176 561 454 121 
324 184 193 562 428 120 
325 177 183 539 416 104 
326 170 174 536 404 92 
327 174 169 523 386 87 
328 162 162 478 385 87 
329 171 149 469 376 77 
330 143 137 457 380 82 
331 142 135 439 375 79 
332 121 124 407 353 80 
333 113 126 423 348 75 
334 112 126 392 304 70 
335 107 119 365 288 58 
336 107 110 340 267 53 
337 101 97 325 262 54 
338 109 88 294 255 50 
339 108 77 291 252 48 
340 101 84 295 229 38 
341 95 74 273 234 35 
342 93 69 278 232 27 
343 101 75 259 239 24 
344 94 76 246 228 24 
345 81 76 235 214 23 
346 79 72 213 188 21 
347 78 74 200 191 20 
348 72 80 177 191 21 
349 69 85 179 173 21 
350 64 77 163 162 19 
351 60 80 151 159 19 
352 61 61 134 151 15 
353 57 60 136 146 12 
354 59 57 141 150 13 
355 52 70 142 145 13 
356 58 64 130 149 13 
357 43 58 116 140 14 
358 34 54 101 150 16 
359 31 47 102 135 12 
360 28 48 105 127 14 
361 37 43 106 105 10 
362 32 44 110 96 10 
363 32 32 118 91 10 
364 34 39 126 94 12 
365 26 41 127 99 12 
366 31 37 116 87 10 
367 28 30 110 83 12 
368 27 28 100 76 11 
369 28 30 92 74 11 
370 24 28 96 70 16 
371 25 29 91 68 14 
372 19 19 80 65 15 
373 17 19 80 61 12 
374 21 16 70 54 11 
375 29 17 65 58 7 
376 20 22 69 48 7 
377 14 20 62 47 5 
378 19 13 51 46 6 
379 19 15 43 41 8 
380 24 13 47 31 8 
381 13 14 47 34 8 
382 17 13 50 31 3 
383 19 18 47 21 1 
384 18 17 40 18 1 
385 14 15 41 20 0 
386 6 13 46 24 0 
387 5 15 46 18 1 
388 2 16 48 22 1 
389 3 12 50 22 0 
390 1 14 51 24 0 
391 1 14 38 23 0 
392 0 10 35 18 0 
393 0 7 37 16 0 
394 0 5 39 19 0 
395 0 6 38 21 0 
396 1 5 34 23 0 
397 1 5 29 30 0 
398 2 6 29 26 0 
399 1 7 29 27 0 
400 3 10 27 24 0 
401 3 8 27 16 0 
402 4 7 29 12 0 
403 5 7 32 16 0 
404 3 8 29 24 0 
405 4 8 32 26 0 
406 3 7 26 25 0 
407 3 7 15 25 0 
408 6 8 14 19 0 
409 4 7 14 19 0 
410 2 6 18 22 0 
411 1 7 23 11 0 
412 2 14 24 12 0 
413 2 11 22 7 0 
414 2 9 23 7 0 
415 1 8 24 6 0 
416 0 4 26 4 0 
417 0 5 21 3 0 
418 0 4 21 5 0 
419 0 2 22 5 2 
420 0 4 22 4 2 
421 0 3 20 2 5 
422 1 4 23 3 5 
423 3 5 18 4 7 
424 4 5 14 3 5 
425 3 2 9 5 3 
426 2 1 6 4 2 
427 2 2 6 3 5 
428 1 1 4 5 4 
429 0 2 6 3 2 
430 0 1 5 3 3 
431 0 1 4 3 3 
432 0 1 3 4 3 
433 0 1 1 4 0 
434 0 1 3 0 0 
435 0 1 3 0 0 
436 0 0 3 0 0 
437 0 0 3 0 0 
438 0 0 3 0 0 
439 0 0 2 0 0 
440 0 0 3 0 0 
441 0 0 2 0 0 
442 0 0 2 0 0 
443 0 0 1 0 0 
444 0 0 0 0 0 
