1 0 13 0 0 0 
2 0 11 2 2 0 
3 0 15 1 5 0 
4 0 14 2 5 0 
5 1 12 2 6 0 
6 1 11 1 14 0 
7 1 11 2 18 0 
8 1 19 3 17 0 
9 1 21 3 21 0 
10 0 21 3 22 0 
11 1 26 3 17 0 
12 2 22 4 17 0 
13 2 15 3 16 0 
14 2 15 3 19 0 
15 3 9 1 22 0 
16 3 12 2 22 0 
17 1 14 3 23 0 
18 2 17 2 35 0 
19 2 16 5 34 0 
20 4 14 7 29 3 
21 4 9 6 31 4 
22 4 10 7 28 6 
23 4 7 8 29 8 
24 5 10 6 30 8 
25 4 17 7 33 9 
26 7 14 10 39 7 
27 7 15 15 46 6 
28 5 17 17 46 5 
29 6 21 14 41 7 
30 7 26 11 38 6 
31 7 28 10 46 6 
32 5 29 6 50 5 
33 6 29 9 51 5 
34 5 31 12 53 6 
35 5 31 12 55 9 
36 6 29 15 64 15 
37 4 35 14 62 14 
38 7 33 16 64 9 
39 6 34 19 56 9 
40 5 32 14 58 11 
41 7 38 20 60 11 
42 10 39 17 64 8 
43 8 37 19 71 11 
44 7 47 24 78 13 
45 10 50 26 82 9 
46 5 47 27 84 7 
47 6 53 35 85 8 
48 13 43 40 84 6 
49 9 42 38 86 10 
50 12 41 42 85 11 
51 11 54 48 86 11 
52 12 52 45 90 12 
53 15 65 64 92 13 
54 15 79 77 87 15 
55 19 79 89 79 15 
56 25 79 85 84 14 
57 28 102 101 85 16 
58 24 105 118 91 18 
59 30 118 128 93 17 
60 31 123 141 92 19 
61 35 123 153 89 22 
62 41 128 154 92 22 
63 42 142 152 88 22 
64 40 160 160 103 25 
65 45 146 181 124 25 
66 46 150 184 120 34 
67 47 163 186 124 29 
68 52 161 202 146 37 
69 50 157 193 168 36 
70 51 177 209 197 40 
71 61 186 237 184 49 
72 49 196 246 193 50 
73 59 203 272 214 57 
74 58 221 278 225 64 
75 60 235 291 252 72 
76 71 234 295 263 67 
77 75 232 277 264 53 
78 73 255 282 300 62 
79 74 276 286 303 62 
80 88 283 273 334 66 
81 90 298 292 343 72 
82 83 325 319 368 76 
83 93 352 336 376 76 
84 104 352 345 397 75 
85 111 373 342 395 79 
86 120 375 355 424 92 
87 122 408 366 434 90 
88 132 444 396 465 81 
89 150 480 442 478 81 
90 155 523 450 503 82 
91 177 516 476 507 80 
92 178 559 514 533 79 
93 185 572 539 540 83 
94 184 591 569 577 91 
95 181 592 564 629 109 
96 201 619 612 631 120 
97 200 646 635 704 99 
98 212 700 647 727 108 
99 242 697 716 752 110 
100 234 745 753 756 118 
101 248 803 803 784 138 
102 269 853 849 822 142 
103 250 889 895 836 149 
104 274 947 924 836 164 
105 273 1016 936 869 187 
106 307 1078 977 913 195 
107 340 1171 1023 978 195 
108 343 1231 1049 1064 194 
109 352 1333 1093 1139 200 
110 386 1416 1138 1198 217 
111 408 1524 1193 1268 231 
112 431 1632 1257 1318 251 
113 450 1716 1296 1379 275 
114 491 1820 1362 1467 275 
115 525 1902 1413 1526 281 
116 544 2004 1444 1642 296 
117 538 2164 1484 1682 319 
118 554 2343 1518 1814 337 
119 590 2487 1597 1936 373 
120 617 2584 1604 2040 394 
121 702 2739 1675 2098 435 
122 729 2966 1741 2123 463 
123 767 2970 1874 2303 461 
124 806 3140 1904 2411 446 
125 840 3361 2017 2570 459 
126 896 3558 2152 2733 493 
127 979 3537 2282 2866 519 
128 983 3757 2368 2992 571 
129 1022 4011 2500 3074 553 
130 1036 4233 2562 3244 562 
131 1034 4448 2738 3426 591 
132 1048 4753 2840 3546 598 
133 1096 5019 2943 3730 620 
134 1134 5182 3043 3882 601 
135 1204 5330 3227 3930 616 
136 1235 5566 3345 4108 624 
137 1264 5808 3518 4260 655 
138 1318 5955 3659 4475 699 
139 1391 6167 3767 4615 693 
140 1500 6498 3991 4916 693 
141 1582 6744 4105 5086 717 
142 1638 6955 4283 5300 715 
143 1690 7173 4461 5477 730 
144 1740 7412 4629 5693 731 
145 1819 7620 4989 5996 771 
146 1895 7940 5193 6165 798 
147 1996 8202 5394 6305 828 
148 2122 8476 5731 6509 844 
149 2196 8801 5839 6693 889 
150 2224 8884 6119 6908 964 
151 2271 9098 6406 7094 975 
152 2277 9434 6516 7331 998 
153 2358 9727 6722 7448 1039 
154 2477 9959 6987 7729 1107 
155 2552 10345 7273 7959 1145 
156 2625 10522 7472 8123 1215 
157 2793 10794 7655 8301 1299 
158 2883 11100 7991 8694 1337 
159 3019 11319 8436 8971 1370 
160 3063 11650 8737 9287 1435 
161 3157 11812 9025 9456 1512 
162 3227 11774 9279 9747 1525 
163 3314 11885 9545 10112 1533 
164 3423 12003 10015 10266 1608 
165 3497 12054 10310 10510 1656 
166 3643 12311 10654 10825 1717 
167 3649 12556 10774 11101 1721 
168 3788 12491 11161 11428 1814 
169 3900 12637 11419 11603 1895 
170 4039 12670 11682 11914 1982 
171 4055 12876 12078 12088 2072 
172 4130 13041 12268 12295 2162 
173 4145 13008 12433 12489 2219 
174 4191 12962 12676 12824 2321 
175 4211 12788 12907 13117 2392 
176 4256 12719 13201 13322 2432 
177 4379 12782 13304 13660 2502 
178 4382 12701 13613 13803 2499 
179 4414 12580 13608 13975 2580 
180 4496 12501 13749 14069 2608 
181 4592 12373 14027 14297 2697 
182 4689 12271 14162 14516 2692 
183 4745 12093 14394 14821 2765 
184 4727 12049 14381 15111 2791 
185 4722 11859 14490 15076 2829 
186 4833 11673 14593 15096 2904 
187 4929 11582 14658 15246 2873 
188 4938 11284 14834 15253 2870 
189 4931 11119 14840 15436 2841 
190 4877 10857 15039 15383 2894 
191 4884 10681 15166 15437 2913 
192 4958 10510 14959 15448 3036 
193 4964 10467 14935 15448 3033 
194 4862 10176 15071 15427 3075 
195 4901 10106 15033 15294 3061 
196 4850 9900 15143 15092 3075 
197 4746 9762 15001 15001 3134 
198 4673 9524 14920 14824 3156 
199 4695 9344 14908 14678 3159 
200 4689 9141 14981 14539 3086 
201 4714 8858 14900 14329 3032 
202 4750 8537 14916 14147 2939 
203 4674 8371 14787 13941 2915 
204 4558 8205 14478 13726 2870 
205 4368 7974 14298 13652 2878 
206 4270 7725 14138 13599 2903 
207 4233 7555 13946 13540 2869 
208 4217 7319 13741 13325 2848 
209 4239 7161 13409 13078 2809 
210 4209 6971 13141 12766 2726 
211 4134 6858 12866 12430 2713 
212 4008 6641 12743 12124 2655 
213 3895 6276 12506 11812 2639 
214 3783 6018 12310 11566 2570 
215 3746 5903 11993 11272 2571 
216 3647 5819 11724 11041 2456 
217 3497 5783 11547 10808 2465 
218 3447 5553 11147 10571 2415 
219 3395 5390 11076 10340 2434 
220 3240 5190 10767 10049 2365 
221 3137 4961 10542 9753 2310 
222 3050 4816 10324 9515 2250 
223 3041 4687 10151 9196 2124 
224 2961 4545 9841 8969 2034 
225 2899 4410 9424 8628 1992 
226 2876 4217 9001 8371 1971 
227 2721 4026 8812 8108 1959 
228 2741 3833 8640 7776 1875 
229 2766 3730 8397 7533 1803 
230 2648 3585 8165 7349 1752 
231 2547 3417 7827 7060 1691 
232 2427 3325 7526 6699 1651 
233 2289 3213 7171 6441 1627 
234 2203 3091 7006 6217 1621 
235 2216 3035 6763 5984 1554 
236 2157 2930 6494 5763 1518 
237 2080 2801 6333 5584 1479 
238 1950 2593 6078 5491 1407 
239 1889 2479 5932 5202 1383 
240 1843 2426 5742 5109 1319 
241 1766 2308 5499 4905 1286 
242 1680 2191 5254 4781 1208 
243 1680 2176 4985 4585 1178 
244 1608 2030 4810 4484 1135 
245 1506 1957 4710 4312 1107 
246 1466 1858 4486 4170 1019 
247 1406 1776 4294 3968 1047 
248 1338 1700 4146 3804 1017 
249 1271 1669 4021 3605 961 
250 1166 1614 3844 3464 918 
251 1195 1513 3646 3256 896 
252 1110 1450 3461 3098 865 
253 1052 1411 3243 3007 821 
254 989 1317 3136 2966 819 
255 1014 1287 2974 2830 775 
256 938 1193 2865 2679 714 
257 922 1189 2767 2609 689 
258 891 1151 2639 2480 649 
259 903 1139 2572 2339 619 
260 861 1064 2518 2193 575 
261 812 995 2447 2070 525 
262 757 992 2379 1944 496 
263 733 959 2230 1872 465 
264 698 919 2166 1745 448 
265 685 891 2086 1707 410 
266 652 836 1984 1607 403 
267 588 816 1899 1551 403 
268 551 807 1868 1466 367 
269 514 794 1808 1440 358 
270 509 787 1702 1421 344 
271 503 746 1581 1392 332 
272 485 743 1501 1323 322 
273 470 722 1445 1244 320 
274 455 668 1404 1146 291 
275 441 649 1397 1097 291 
276 392 577 1338 1065 269 
277 392 564 1265 1017 242 
278 376 519 1197 903 224 
279 362 480 1142 875 208 
280 358 475 1121 797 188 
281 348 463 1078 776 194 
282 328 454 1011 760 179 
283 302 412 978 786 195 
284 293 379 920 731 180 
285 293 364 921 698 178 
286 278 343 860 663 179 
287 274 288 848 628 165 
288 241 277 832 595 172 
289 224 269 806 582 152 
290 233 254 747 524 156 
291 202 232 736 513 150 
292 175 220 746 481 146 
293 189 198 703 460 145 
294 179 184 654 450 150 
295 167 165 657 434 147 
296 165 164 638 408 141 
297 163 158 624 394 123 
298 155 165 605 373 130 
299 141 147 555 364 123 
300 142 123 546 364 133 
301 119 104 512 367 125 
302 118 109 488 356 118 
303 118 109 470 341 114 
304 109 95 422 328 125 
305 109 85 405 278 118 
306 108 83 383 286 102 
307 103 77 367 278 90 
308 90 82 346 269 78 
309 81 88 324 249 70 
310 80 74 294 235 66 
311 83 74 287 221 68 
312 69 62 279 214 60 
313 68 65 282 210 60 
314 63 72 267 208 54 
315 61 79 244 202 47 
316 48 77 228 203 52 
317 47 77 214 195 45 
318 50 80 183 192 46 
319 51 68 181 167 47 
320 53 67 177 154 42 
321 40 63 177 152 39 
322 40 64 159 154 34 
323 41 61 151 157 29 
324 37 52 152 148 26 
325 41 51 149 141 29 
326 47 45 137 144 34 
327 45 46 138 119 41 
328 40 39 118 124 28 
329 37 43 122 120 24 
330 42 32 112 107 28 
331 37 33 114 101 28 
332 34 42 106 94 26 
333 33 37 102 80 20 
334 28 27 78 68 20 
335 23 24 78 75 14 
336 20 29 73 77 15 
337 22 24 79 78 11 
338 23 27 81 63 11 
339 20 20 75 65 12 
340 15 19 71 65 12 
341 15 18 71 56 7 
342 12 13 69 57 6 
343 15 14 61 52 3 
344 16 12 57 60 3 
345 17 7 62 49 3 
346 18 9 63 42 2 
347 17 8 58 41 3 
348 17 12 56 37 2 
349 14 11 50 36 3 
350 12 11 61 38 3 
351 14 11 55 31 2 
352 15 9 50 31 4 
353 14 7 53 27 2 
354 14 6 48 34 1 
355 17 8 48 29 2 
356 12 12 45 33 4 
357 8 12 47 30 3 
358 8 13 45 31 4 
359 10 8 45 32 5 
360 15 8 45 27 6 
361 16 14 43 26 4 
362 15 11 36 27 5 
363 11 11 35 32 9 
364 17 18 24 25 8 
365 9 16 21 21 6 
366 9 14 15 21 6 
367 9 14 15 16 4 
368 8 14 16 16 5 
369 6 14 13 17 5 
370 4 14 13 15 6 
371 5 15 12 17 4 
372 6 11 12 18 3 
373 5 7 12 20 3 
374 5 8 13 15 6 
375 2 10 9 14 5 
376 4 11 6 9 5 
377 5 8 10 7 4 
378 4 13 7 11 1 
379 5 15 6 14 1 
380 6 12 4 11 1 
381 7 18 6 11 1 
382 7 18 3 12 0 
383 6 11 3 15 0 
384 3 10 4 17 0 
385 2 9 3 17 0 
386 2 9 4 13 0 
387 2 9 4 8 0 
388 2 8 4 7 0 
389 2 12 3 5 0 
390 1 11 3 4 0 
391 1 6 2 6 0 
392 0 5 1 7 0 
393 0 9 0 7 0 
394 0 7 0 5 0 
395 0 6 0 1 1 
396 0 5 0 1 1 
397 0 7 0 2 1 
398 0 6 0 1 1 
399 0 5 0 1 3 
400 0 4 0 1 2 
401 0 8 0 0 2 
402 0 10 0 0 0 
403 1 11 0 0 0 
404 1 7 0 0 0 
405 1 4 0 0 0 
406 1 4 0 0 0 
407 1 6 0 0 0 
408 1 7 0 1 0 
409 1 5 0 1 0 
410 1 7 0 2 0 
411 1 7 0 1 0 
412 1 5 0 0 0 
413 1 5 0 0 0 
414 0 5 0 0 0 
415 1 4 0 0 0 
416 1 1 0 0 0 
417 1 0 0 0 0 
418 0 1 0 0 0 
419 0 2 0 0 0 
420 0 2 0 0 0 
421 0 2 0 0 0 
422 0 1 0 0 0 
423 0 1 0 0 0 
424 0 1 0 0 0 
425 0 0 0 0 0 
