1 0 9 0 0 0 
2 0 6 0 0 0 
3 0 8 0 0 0 
4 0 7 0 0 0 
5 0 7 0 0 0 
6 0 9 0 0 0 
7 0 7 0 0 0 
8 0 7 3 0 0 
9 0 8 3 0 0 
10 1 9 2 0 0 
11 2 10 1 0 0 
12 4 10 1 0 0 
13 2 9 1 1 0 
14 3 8 0 0 0 
15 4 10 0 0 0 
16 7 12 0 0 0 
17 7 14 0 0 0 
18 9 18 0 0 0 
19 9 22 0 0 0 
20 6 22 0 1 0 
21 8 24 1 1 0 
22 3 27 2 5 0 
23 3 28 3 5 0 
24 2 35 7 7 0 
25 2 34 9 9 0 
26 2 33 9 8 0 
27 3 27 8 14 0 
28 3 27 11 16 2 
29 3 28 16 11 2 
30 4 24 19 12 2 
31 8 21 15 14 0 
32 5 19 15 22 0 
33 4 18 22 20 0 
34 7 19 28 19 0 
35 12 16 28 18 0 
36 13 20 27 20 0 
37 12 20 23 21 0 
38 10 22 33 25 0 
39 8 23 35 24 0 
40 11 25 38 25 0 
41 16 30 36 35 0 
42 19 28 39 31 0 
43 16 28 42 39 1 
44 24 30 40 43 2 
45 20 39 41 41 2 
46 17 40 46 37 1 
47 23 48 33 43 1 
48 23 45 41 52 1 
49 24 47 46 49 1 
50 24 40 54 39 1 
51 18 48 52 39 2 
52 18 59 55 40 4 
53 18 59 62 45 4 
54 22 65 61 51 4 
55 27 77 65 50 5 
56 30 91 62 64 4 
57 34 106 58 58 6 
58 34 115 66 63 5 
59 35 112 77 73 7 
60 33 112 76 82 6 
61 38 117 75 79 6 
62 39 119 74 80 7 
63 40 118 79 101 11 
64 42 116 89 107 9 
65 53 123 89 113 9 
66 48 130 95 122 8 
67 52 143 94 122 10 
68 56 162 89 127 11 
69 57 172 89 138 13 
70 59 198 97 135 18 
71 56 219 100 143 17 
72 66 212 121 144 23 
73 56 227 151 134 31 
74 62 237 176 159 43 
75 72 245 176 173 44 
76 73 251 167 161 44 
77 73 251 178 155 50 
78 83 264 177 160 54 
79 69 272 200 183 48 
80 68 316 208 204 43 
81 79 325 223 223 49 
82 86 333 241 225 58 
83 86 351 241 238 60 
84 92 378 272 249 70 
85 92 409 268 307 71 
86 96 453 258 316 79 
87 95 470 256 303 85 
88 108 512 279 335 94 
89 95 557 319 334 107 
90 102 565 351 326 99 
91 122 618 369 323 99 
92 142 652 408 322 98 
93 145 684 454 318 101 
94 151 679 507 319 109 
95 166 720 523 343 122 
96 183 745 521 356 122 
97 203 788 519 419 124 
98 190 859 522 472 126 
99 194 946 553 528 126 
100 212 986 574 562 121 
101 216 1037 607 604 142 
102 218 1117 612 665 154 
103 212 1218 628 663 171 
104 231 1296 685 696 187 
105 233 1423 691 779 211 
106 257 1512 739 836 237 
107 291 1562 794 914 237 
108 318 1678 835 940 232 
109 307 1753 815 1006 260 
110 300 1838 867 1085 287 
111 330 1884 890 1176 293 
112 373 1956 975 1213 295 
113 414 2067 1023 1250 301 
114 463 2168 1100 1334 297 
115 531 2288 1174 1453 313 
116 556 2429 1266 1559 298 
117 570 2562 1391 1603 305 
118 609 2718 1475 1689 299 
119 651 2828 1537 1804 308 
120 674 2973 1632 1894 352 
121 689 3025 1630 2067 365 
122 731 3144 1695 2219 376 
123 776 3244 1786 2384 394 
124 815 3428 1854 2468 393 
125 860 3616 1967 2607 420 
126 954 3836 2081 2715 445 
127 972 3959 2193 2866 447 
128 996 4063 2281 2946 485 
129 1030 4337 2387 3099 506 
130 1030 4504 2473 3218 543 
131 1063 4677 2619 3363 517 
132 1092 4963 2807 3498 552 
133 1156 5142 3001 3686 587 
134 1183 5379 3135 3880 591 
135 1212 5584 3256 4049 615 
136 1223 5749 3479 4188 595 
137 1276 5930 3669 4416 616 
138 1308 6139 3853 4570 654 
139 1341 6208 4048 4755 697 
140 1417 6457 4326 4994 742 
141 1487 6758 4535 5298 755 
142 1544 6899 4764 5497 804 
143 1645 7097 4975 5653 822 
144 1706 7488 5135 5831 868 
145 1772 7779 5397 6101 902 
146 1849 7950 5627 6238 924 
147 1926 8198 5847 6533 980 
148 2089 8496 6040 6832 1044 
149 2168 8790 6317 7141 1050 
150 2319 8959 6566 7442 1092 
151 2382 9289 6809 7742 1209 
152 2583 9511 7035 7849 1246 
153 2706 9913 7441 8119 1254 
154 2729 10228 7611 8415 1292 
155 2813 10530 7883 8714 1353 
156 2860 10791 8140 9057 1356 
157 2887 11050 8506 9328 1413 
158 3014 11137 8792 9632 1474 
159 3252 11458 9133 9948 1524 
160 3340 11715 9563 10174 1579 
161 3404 11819 9853 10519 1636 
162 3465 11994 10253 10684 1672 
163 3465 12017 10583 10988 1743 
164 3549 12176 10867 11428 1753 
165 3634 12237 11282 11715 1808 
166 3667 12437 11575 11950 1861 
167 3857 12449 11981 12205 1923 
168 3994 12600 12353 12450 2002 
169 4132 12558 12549 12667 2082 
170 4229 12672 12866 12860 2088 
171 4267 12665 13007 13192 2133 
172 4327 12620 13314 13582 2112 
173 4528 12681 13488 13782 2189 
174 4565 12623 13776 14041 2246 
175 4497 12673 14191 14326 2338 
176 4625 12597 14338 14594 2426 
177 4692 12579 14389 14609 2512 
178 4790 12542 14593 14628 2599 
179 4871 12540 14672 14740 2639 
180 4922 12323 14797 14910 2696 
181 4901 12156 14844 15044 2777 
182 4914 12086 14766 15099 2794 
183 4930 11839 14991 15213 2755 
184 4906 11777 15044 15385 2829 
185 4931 11502 15099 15297 2833 
186 4963 11276 15021 15438 2824 
187 4987 11238 15179 15488 2813 
188 4958 11062 15103 15254 2793 
189 4974 10938 15268 15198 2842 
190 4917 10842 15186 15139 2845 
191 4848 10788 15331 15107 2875 
192 4848 10643 15312 15165 2904 
193 4834 10422 15254 15042 2874 
194 4780 10319 15270 15053 2855 
195 4885 10073 15262 15079 2878 
196 4863 9820 15116 14988 2869 
197 4904 9713 15087 15032 2899 
198 4860 9458 14951 14995 2864 
199 4806 9272 14900 14883 2794 
200 4692 8994 14884 14736 2801 
201 4551 8851 14722 14543 2776 
202 4475 8610 14407 14432 2784 
203 4420 8362 14315 14203 2723 
204 4458 8191 14067 14015 2641 
205 4405 7907 13850 13760 2641 
206 4217 7567 13740 13530 2598 
207 4154 7347 13655 13249 2578 
208 4102 7162 13271 12947 2511 
209 4023 6974 13099 12660 2455 
210 3921 6785 12772 12374 2373 
211 3849 6586 12463 12125 2439 
212 3695 6410 12317 11866 2446 
213 3731 6267 12067 11540 2451 
214 3618 6148 11735 11325 2443 
215 3566 5957 11366 11019 2376 
216 3446 5756 11004 10811 2381 
217 3388 5550 10678 10444 2285 
218 3311 5339 10360 10211 2211 
219 3246 5231 10160 9827 2186 
220 3156 5002 9972 9652 2190 
221 3102 4834 9633 9283 2113 
222 3015 4588 9437 9044 2046 
223 2935 4400 9270 8689 2021 
224 2854 4170 9004 8383 1985 
225 2780 3918 8846 8161 1900 
226 2724 3663 8547 7777 1871 
227 2607 3589 8278 7660 1778 
228 2482 3473 8066 7535 1755 
229 2418 3312 7776 7268 1670 
230 2363 3166 7534 6963 1583 
231 2270 3034 7308 6813 1483 
232 2271 2915 7110 6639 1469 
233 2229 2779 6828 6405 1415 
234 2115 2696 6701 6075 1339 
235 2034 2649 6537 5862 1301 
236 1938 2589 6251 5626 1297 
237 1913 2424 5999 5476 1259 
238 1802 2338 5790 5262 1224 
239 1735 2244 5555 5048 1184 
240 1641 2215 5345 4803 1185 
241 1592 2121 5135 4677 1151 
242 1491 2056 4928 4484 1051 
243 1413 1993 4725 4302 978 
244 1355 1892 4517 4146 917 
245 1284 1805 4329 3920 904 
246 1268 1701 4202 3785 885 
247 1221 1609 4164 3685 886 
248 1197 1582 3951 3563 829 
249 1193 1513 3835 3431 779 
250 1162 1453 3719 3205 778 
251 1088 1454 3508 3114 709 
252 1085 1432 3398 3002 660 
253 1010 1380 3202 2836 631 
254 946 1328 3082 2714 618 
255 890 1252 2977 2620 592 
256 841 1168 2956 2572 555 
257 861 1132 2856 2569 525 
258 831 1105 2745 2417 511 
259 815 1051 2639 2260 465 
260 746 1006 2528 2140 423 
261 740 1006 2410 2034 441 
262 682 929 2325 1955 424 
263 635 907 2161 1869 433 
264 591 879 2125 1805 418 
265 602 846 2033 1717 399 
266 572 814 1895 1630 391 
267 562 773 1828 1600 374 
268 526 732 1759 1537 364 
269 482 690 1661 1404 348 
270 503 682 1623 1345 351 
271 487 667 1516 1355 337 
272 481 623 1459 1309 323 
273 446 633 1391 1240 324 
274 433 582 1332 1200 300 
275 401 535 1273 1217 284 
276 386 523 1238 1134 250 
277 361 509 1184 1061 236 
278 355 468 1123 1006 216 
279 341 449 1093 972 208 
280 337 422 1047 935 207 
281 325 414 1003 861 189 
282 312 407 972 867 173 
283 313 408 984 848 183 
284 274 393 913 817 178 
285 282 382 882 744 163 
286 267 355 824 717 151 
287 246 330 804 699 132 
288 230 323 782 669 137 
289 210 321 759 620 130 
290 203 303 787 601 122 
291 187 282 732 609 111 
292 184 302 715 553 102 
293 168 286 670 519 109 
294 153 272 624 502 110 
295 145 246 600 462 115 
296 141 218 549 460 128 
297 140 222 540 446 119 
298 123 220 513 411 115 
299 127 213 476 379 99 
300 112 211 433 362 92 
301 97 200 402 347 87 
302 90 185 399 342 80 
303 95 181 403 304 74 
304 92 177 388 313 68 
305 87 171 371 285 70 
306 86 172 371 288 59 
307 86 146 347 280 74 
308 87 144 318 263 62 
309 88 141 314 258 67 
310 82 135 290 243 71 
311 70 136 259 226 73 
312 68 117 233 199 77 
313 68 103 241 180 80 
314 72 100 240 180 72 
315 74 94 243 161 57 
316 68 101 232 163 53 
317 63 109 212 157 51 
318 59 111 211 140 51 
319 61 96 207 146 51 
320 48 91 195 148 52 
321 43 96 184 133 52 
322 49 91 176 128 44 
323 43 74 161 125 39 
324 36 81 172 136 47 
325 38 67 164 134 48 
326 38 57 158 128 57 
327 40 50 163 129 51 
328 36 58 157 123 46 
329 34 59 150 125 44 
330 29 56 136 125 43 
331 25 61 138 135 41 
332 24 52 141 129 35 
333 26 50 126 126 36 
334 26 47 116 125 31 
335 24 40 122 124 24 
336 33 36 128 120 26 
337 26 36 111 135 31 
338 23 29 98 126 27 
339 24 22 91 134 25 
340 24 25 87 145 28 
341 16 19 87 136 28 
342 14 22 89 122 25 
343 18 25 89 120 20 
344 19 26 86 112 20 
345 20 26 83 93 24 
346 13 26 79 85 17 
347 8 22 78 80 13 
348 10 30 78 75 20 
349 6 28 74 82 24 
350 11 28 79 81 15 
351 10 24 67 72 15 
352 9 26 70 79 12 
353 13 27 61 79 12 
354 16 24 66 88 12 
355 21 29 58 71 11 
356 23 33 62 78 8 
357 18 30 53 62 7 
358 22 28 47 55 7 
359 22 29 44 45 5 
360 20 25 36 45 3 
361 19 21 29 46 3 
362 15 19 29 43 1 
363 13 14 29 41 0 
364 11 16 30 38 0 
365 10 20 33 34 0 
366 13 21 35 31 0 
367 10 22 39 30 0 
368 12 23 36 29 0 
369 10 19 33 26 0 
370 10 14 27 18 1 
371 4 18 34 19 0 
372 4 18 35 20 0 
373 6 15 33 19 0 
374 3 13 31 24 1 
375 4 10 25 22 2 
376 2 6 27 17 3 
377 3 5 24 17 2 
378 6 5 24 11 2 
379 5 8 25 8 1 
380 5 12 23 8 1 
381 6 15 18 6 1 
382 5 7 18 3 1 
383 5 4 19 3 1 
384 5 5 14 2 0 
385 5 2 13 2 0 
386 2 2 12 2 0 
387 1 0 11 1 0 
388 1 0 11 1 0 
389 1 0 12 1 0 
390 1 0 9 1 0 
391 2 0 9 1 0 
392 0 0 12 1 0 
393 0 0 11 1 0 
394 0 0 8 0 0 
395 0 0 8 0 0 
396 0 0 7 0 0 
397 0 0 6 0 0 
398 0 0 6 0 0 
399 0 0 4 0 0 
400 0 0 4 0 0 
401 0 0 5 0 0 
402 0 0 5 2 0 
403 0 0 3 2 0 
404 1 0 4 2 0 
405 2 0 3 1 0 
406 3 0 2 1 0 
407 5 0 1 3 0 
408 5 0 1 1 0 
409 6 0 1 1 0 
410 5 0 0 1 0 
411 5 0 0 1 0 
412 6 0 1 0 0 
413 4 0 2 0 0 
414 4 0 1 1 0 
415 2 0 1 1 0 
416 2 0 0 1 0 
417 2 0 0 0 0 
418 1 0 0 0 0 
419 0 0 0 0 0 
