1 0 2 0 0 0 
2 0 4 0 0 0 
3 0 5 0 0 0 
4 0 4 0 0 0 
5 0 2 0 0 0 
6 0 5 0 0 0 
7 0 3 0 0 0 
8 0 2 0 0 0 
9 0 4 0 0 0 
10 0 4 0 1 0 
11 0 3 0 0 0 
12 0 3 1 0 0 
13 0 4 0 0 0 
14 0 9 0 0 0 
15 1 13 0 0 0 
16 0 14 0 0 0 
17 0 11 0 0 0 
18 1 18 0 0 0 
19 0 13 0 0 0 
20 0 16 0 0 0 
21 3 13 0 0 0 
22 2 19 2 0 0 
23 1 19 0 0 0 
24 0 24 0 2 1 
25 0 27 0 0 0 
26 1 24 1 2 0 
27 1 23 0 0 1 
28 1 26 2 0 1 
29 2 26 1 9 1 
30 1 22 0 6 2 
31 0 28 2 2 3 
32 3 32 1 3 1 
33 3 40 0 4 0 
34 1 24 3 13 6 
35 2 37 1 11 7 
36 3 37 4 12 7 
37 5 47 7 7 8 
38 3 45 5 11 3 
39 5 29 4 21 8 
40 9 32 7 17 10 
41 4 28 15 21 3 
42 5 35 10 25 5 
43 7 46 11 26 10 
44 1 57 16 27 7 
45 8 54 11 27 4 
46 6 54 17 23 7 
47 6 65 13 34 5 
48 10 64 17 38 6 
49 9 54 24 41 5 
50 9 72 28 32 13 
51 19 63 29 44 3 
52 15 75 38 43 10 
53 15 84 30 32 13 
54 16 74 46 48 10 
55 12 102 39 48 11 
56 14 90 45 47 13 
57 23 95 42 40 9 
58 17 119 52 52 9 
59 26 102 44 37 3 
60 19 121 45 54 11 
61 18 109 55 56 10 
62 19 108 63 51 17 
63 28 128 57 63 12 
64 34 122 45 62 13 
65 31 142 51 82 16 
66 22 160 52 60 13 
67 34 156 57 86 14 
68 32 167 61 86 20 
69 32 207 63 98 17 
70 40 222 78 80 9 
71 33 227 64 108 8 
72 33 276 68 120 13 
73 41 269 79 132 15 
74 58 258 80 123 9 
75 50 300 107 135 10 
76 64 293 90 148 31 
77 51 344 113 139 26 
78 64 377 116 141 31 
79 71 377 106 157 24 
80 64 379 150 177 28 
81 65 410 168 147 20 
82 77 447 172 155 34 
83 62 481 155 173 36 
84 72 491 176 174 33 
85 75 519 185 201 36 
86 77 474 178 210 31 
87 100 596 215 171 35 
88 102 539 234 232 25 
89 105 603 259 226 29 
90 125 639 295 285 31 
91 115 641 321 299 30 
92 133 690 277 287 29 
93 133 722 317 300 50 
94 145 746 344 341 51 
95 129 779 351 351 45 
96 126 855 376 377 33 
97 145 843 387 451 55 
98 158 898 412 451 63 
99 140 915 434 454 39 
100 189 924 459 435 50 
101 175 1058 509 499 57 
102 181 1026 567 498 74 
103 197 1073 531 522 76 
104 214 1038 580 590 66 
105 225 1139 612 631 72 
106 230 1170 598 624 89 
107 273 1269 659 679 92 
108 279 1307 631 675 104 
109 284 1327 679 732 103 
110 291 1352 744 761 101 
111 292 1375 742 823 115 
112 306 1515 748 857 131 
113 325 1560 808 877 132 
114 359 1676 835 953 145 
115 334 1738 898 1037 145 
116 338 1790 979 1082 159 
117 348 1879 1038 1135 148 
118 367 1915 1067 1212 159 
119 382 1977 1118 1231 179 
120 452 2058 1201 1320 182 
121 469 2038 1215 1403 171 
122 450 2298 1295 1443 186 
123 493 2422 1363 1477 208 
124 541 2428 1457 1569 234 
125 516 2508 1526 1593 251 
126 591 2586 1566 1594 233 
127 567 2684 1685 1758 222 
128 592 2819 1669 1791 278 
129 671 2700 1763 1873 242 
130 695 2874 1813 1945 291 
131 729 2908 1888 2032 305 
132 671 3042 2071 2147 296 
133 775 3129 2158 2124 373 
134 795 3173 2214 2307 334 
135 843 3305 2338 2467 354 
136 859 3340 2423 2521 417 
137 938 3379 2545 2617 386 
138 941 3543 2356 2710 433 
139 977 3557 2586 2813 428 
140 1005 3618 2705 2988 432 
141 950 3748 2819 3238 442 
142 1022 3814 2978 3261 522 
143 1080 3812 2956 3434 492 
144 1134 3803 3115 3489 556 
145 1131 3960 3175 3555 573 
146 1194 3891 3279 3729 605 
147 1190 4016 3318 3806 645 
148 1246 3961 3568 3797 660 
149 1272 4015 3566 3926 633 
150 1273 3955 3630 4156 653 
151 1343 3966 3720 4167 689 
152 1424 4005 3699 4271 695 
153 1386 4016 3994 4462 727 
154 1508 4155 4106 4458 729 
155 1445 3963 4008 4644 728 
156 1517 4047 4077 4545 762 
157 1506 4117 4150 4796 781 
158 1589 4114 4394 4820 810 
159 1594 4126 4436 4995 835 
160 1567 4170 4571 4993 813 
161 1590 4006 4749 5051 817 
162 1598 3989 4794 4969 793 
163 1636 3992 4648 5128 842 
164 1647 3952 4900 5218 872 
165 1599 3977 4833 5251 894 
166 1635 3938 4859 5222 856 
167 1695 4000 4983 5186 887 
168 1681 3864 4987 5102 875 
169 1569 3731 5004 5162 910 
170 1643 3732 5034 5330 965 
171 1739 3816 5047 5252 942 
172 1762 3589 5001 5306 919 
173 1599 3584 4999 5124 938 
174 1800 3406 4950 5178 933 
175 1711 3312 5007 5293 922 
176 1659 3209 5112 5141 932 
177 1693 3295 5031 5296 963 
178 1662 3185 4870 5087 944 
179 1619 3009 5037 5038 884 
180 1541 3025 5039 5008 959 
181 1643 2854 4953 5053 923 
182 1629 2813 4907 4934 919 
183 1566 2794 4942 5033 967 
184 1581 2812 4816 4817 916 
185 1568 2673 4825 4706 958 
186 1582 2602 4841 4627 961 
187 1477 2481 4730 4563 955 
188 1538 2363 4721 4530 937 
189 1579 2453 4628 4439 930 
190 1482 2310 4714 4245 876 
191 1454 2168 4581 4206 877 
192 1413 2311 4465 4123 874 
193 1399 2248 4508 3886 813 
194 1323 2046 4274 3938 820 
195 1211 1977 4208 3816 821 
196 1250 2024 4146 3842 801 
197 1238 1950 3862 3675 783 
198 1184 1879 3766 3539 832 
199 1183 1808 3856 3489 796 
200 1165 1752 3807 3393 766 
201 1139 1641 3714 3371 763 
202 1078 1694 3607 3142 756 
203 1085 1548 3471 3046 779 
204 1050 1451 3482 3168 736 
205 1018 1397 3317 3000 688 
206 1001 1372 3218 2870 718 
207 1026 1269 3133 2752 621 
208 975 1310 3096 2669 607 
209 905 1321 2927 2525 579 
210 893 1208 2866 2486 628 
211 852 1207 2871 2470 597 
212 842 1212 2761 2361 586 
213 778 1198 2588 2296 561 
214 834 1100 2519 2256 554 
215 730 1001 2408 2179 520 
216 716 1023 2278 2091 474 
217 685 1017 2287 1905 497 
218 687 905 2251 1937 425 
219 679 876 2159 1917 453 
220 641 874 2115 1839 437 
221 618 842 2039 1831 386 
222 599 821 1974 1697 411 
223 590 734 1886 1630 402 
224 548 743 1765 1556 387 
225 524 712 1691 1538 383 
226 468 708 1671 1403 381 
227 488 649 1636 1316 367 
228 509 638 1619 1388 340 
229 479 595 1526 1181 344 
230 493 582 1447 1190 322 
231 425 597 1408 1158 309 
232 380 537 1370 1202 296 
233 405 503 1309 1129 304 
234 417 505 1185 1122 281 
235 382 444 1225 1086 276 
236 376 461 1130 1035 278 
237 355 459 1104 998 273 
238 334 409 1069 959 230 
239 340 417 1034 926 229 
240 325 372 905 856 219 
241 341 397 926 787 213 
242 321 356 954 791 222 
243 290 390 904 739 210 
244 267 348 842 728 179 
245 320 305 779 731 177 
246 250 313 778 683 164 
247 262 305 727 681 158 
248 234 293 724 601 150 
249 223 265 678 595 174 
250 206 277 646 546 144 
251 191 253 627 555 156 
252 193 242 607 508 138 
253 166 221 555 486 123 
254 201 211 521 466 120 
255 163 219 497 465 108 
256 161 189 500 433 118 
257 133 199 487 403 107 
258 129 180 460 423 84 
259 140 180 446 368 96 
260 133 160 405 391 99 
261 120 152 396 357 82 
262 111 144 385 370 89 
263 110 127 338 318 88 
264 112 132 340 340 75 
265 110 138 298 308 87 
266 108 133 324 292 75 
267 112 132 320 304 74 
268 91 108 292 300 66 
269 87 105 295 261 76 
270 72 111 267 252 70 
271 77 93 256 227 57 
272 81 101 250 262 45 
273 80 94 258 192 39 
274 62 80 217 192 37 
275 80 70 216 201 45 
276 75 85 189 216 45 
277 70 69 197 190 44 
278 57 83 210 170 35 
279 66 80 208 152 38 
280 64 69 207 148 28 
281 48 69 187 180 25 
282 77 67 163 154 29 
283 55 67 172 158 18 
284 42 50 150 143 36 
285 49 60 138 148 27 
286 58 52 138 128 22 
287 56 57 112 109 22 
288 50 64 112 102 19 
289 47 41 116 86 22 
290 47 56 110 93 16 
291 40 57 106 92 23 
292 37 59 106 73 10 
293 36 57 96 82 12 
294 36 39 74 66 11 
295 36 37 60 76 7 
296 25 41 84 69 8 
297 36 34 93 68 4 
298 38 38 66 44 6 
299 30 29 78 64 9 
300 24 26 60 48 2 
301 36 24 58 48 4 
302 34 39 49 60 5 
303 31 28 61 48 5 
304 28 28 41 49 5 
305 26 32 54 45 6 
306 21 33 49 39 0 
307 21 31 47 45 4 
308 19 20 50 41 4 
309 18 26 42 55 4 
310 30 17 47 55 2 
311 27 17 45 46 0 
312 17 22 40 48 1 
313 22 13 45 44 1 
314 23 20 48 44 1 
315 19 26 52 59 2 
316 19 26 44 47 0 
317 18 21 36 51 0 
318 25 19 32 44 0 
319 15 22 32 37 0 
320 11 17 33 45 0 
321 18 19 36 55 1 
322 12 15 23 52 1 
323 11 19 40 40 1 
324 8 19 25 32 2 
325 12 12 32 38 0 
326 6 12 32 40 0 
327 8 13 32 40 2 
328 9 15 29 41 0 
329 14 12 23 29 0 
330 8 9 28 33 0 
331 8 11 21 29 1 
332 10 12 26 27 0 
333 7 13 22 19 0 
334 7 11 14 24 4 
335 9 8 14 21 1 
336 10 14 25 22 0 
337 6 9 14 19 2 
338 3 7 9 16 0 
339 9 10 11 20 2 
340 7 6 16 9 1 
341 7 4 10 12 2 
342 7 7 16 11 0 
343 6 4 12 10 0 
344 2 15 10 11 0 
345 2 10 9 9 2 
346 5 5 10 9 2 
347 2 9 7 8 0 
348 4 4 12 5 3 
349 2 9 7 9 1 
350 0 5 8 8 3 
351 2 5 4 16 2 
352 0 4 9 5 0 
353 3 8 9 9 0 
354 1 6 7 7 0 
355 0 9 6 4 0 
356 0 7 7 3 0 
357 0 5 8 7 0 
358 0 5 10 8 2 
359 1 5 5 12 1 
360 1 2 2 12 1 
361 2 3 9 6 1 
362 3 4 5 3 1 
363 1 3 3 2 1 
364 2 4 5 0 3 
365 4 4 7 4 1 
366 3 3 2 2 2 
367 2 1 2 4 1 
368 4 2 5 2 0 
369 2 5 2 2 0 
370 2 4 2 2 1 
371 1 3 2 5 3 
372 0 2 2 5 0 
373 3 2 1 1 1 
374 2 0 5 5 1 
375 4 4 0 1 2 
376 3 3 1 0 1 
377 3 3 2 2 0 
378 3 0 3 2 0 
379 1 1 0 1 0 
380 4 1 1 3 0 
381 0 2 0 0 1 
382 0 2 1 0 1 
383 0 0 3 0 0 
384 1 0 4 0 0 
385 0 0 2 0 0 
386 0 0 1 0 0 
387 1 0 2 0 0 
388 3 0 2 0 0 
389 0 1 1 0 0 
390 1 0 0 1 0 
391 0 0 0 0 0 
392 1 0 1 0 0 
393 1 0 1 0 0 
394 0 0 0 0 0 
395 0 0 1 0 0 
396 0 0 0 0 0 
397 0 0 2 0 0 
398 0 0 1 0 0 
399 1 0 2 0 0 
400 2 0 1 0 0 
401 0 0 2 0 0 
402 1 0 3 0 0 
403 0 0 4 0 0 
404 0 0 4 0 0 
405 0 0 3 1 0 
406 1 0 1 0 0 
407 0 0 1 0 0 
408 0 0 1 0 0 
409 0 0 2 1 0 
410 1 0 0 0 0 
411 0 1 2 0 0 
412 0 0 1 0 0 
413 0 0 0 0 0 
414 0 0 0 0 0 
415 0 0 0 1 0 
416 0 0 0 0 0 
417 0 0 0 1 0 
418 0 0 0 1 0 
419 1 2 0 0 0 
420 0 0 0 0 0 
421 0 0 0 1 0 
422 0 0 0 0 0 
423 0 0 0 2 0 
424 0 0 0 1 0 
425 0 0 0 1 0 
426 0 0 0 0 0 
427 0 0 0 2 0 
428 0 0 0 0 0 
429 0 0 0 1 0 
430 0 0 0 1 0 
431 0 0 0 1 0 
432 0 0 0 0 0 
433 0 0 0 0 0 
434 0 0 0 0 0 
435 1 0 0 1 0 
436 0 0 0 0 0 
437 1 0 0 0 0 
438 0 0 0 0 0 
439 0 0 0 0 0 
440 0 0 0 0 0 
441 0 0 0 0 0 
442 1 0 0 0 0 
443 1 0 0 0 0 
444 0 0 0 0 0 
445 2 0 0 0 0 
446 0 0 0 0 0 
447 0 0 1 0 0 
448 0 0 0 0 0 
449 0 0 0 0 0 
450 0 0 0 0 0 
451 0 0 0 0 0 
