1 0 10 0 0 0 
2 1 15 0 0 0 
3 2 18 0 1 0 
4 1 21 0 2 0 
5 1 19 0 3 0 
6 1 20 1 2 0 
7 0 23 0 2 0 
8 0 24 0 1 0 
9 2 27 0 1 0 
10 1 42 0 3 0 
11 4 42 0 4 0 
12 3 45 0 5 0 
13 3 46 0 5 0 
14 3 49 2 7 0 
15 2 44 1 11 0 
16 2 38 2 12 0 
17 1 42 2 11 0 
18 2 48 5 12 0 
19 3 55 7 10 0 
20 2 61 6 10 0 
21 3 58 7 8 0 
22 3 50 5 10 0 
23 4 48 5 11 0 
24 6 50 4 10 0 
25 5 47 4 11 1 
26 8 50 4 14 0 
27 7 51 5 16 0 
28 7 46 13 16 0 
29 13 46 12 16 0 
30 21 43 13 21 0 
31 21 34 19 28 0 
32 24 49 19 29 0 
33 25 53 21 28 0 
34 27 52 17 41 1 
35 22 63 24 51 0 
36 20 63 27 52 1 
37 25 59 31 39 2 
38 24 63 30 50 2 
39 18 69 29 60 2 
40 23 77 35 57 3 
41 18 90 33 55 3 
42 17 95 37 65 5 
43 14 104 47 78 5 
44 18 104 56 82 6 
45 15 93 52 94 6 
46 26 113 59 101 7 
47 38 112 52 110 9 
48 41 120 49 97 8 
49 49 125 53 85 12 
50 58 144 54 85 10 
51 61 142 64 88 7 
52 52 137 62 85 14 
53 54 138 73 84 15 
54 50 139 75 92 14 
55 42 154 77 103 11 
56 42 160 87 119 13 
57 41 180 84 131 12 
58 45 200 88 133 16 
59 48 220 86 139 19 
60 52 229 99 151 25 
61 57 237 112 153 27 
62 53 240 129 161 31 
63 49 259 139 180 38 
64 52 276 158 215 39 
65 52 266 190 213 41 
66 56 278 216 196 42 
67 54 282 233 226 41 
68 59 282 259 254 50 
69 61 291 285 269 49 
70 59 303 277 270 56 
71 64 342 289 255 68 
72 80 345 285 286 61 
73 89 380 311 284 65 
74 86 409 306 269 63 
75 84 420 333 290 66 
76 89 444 327 317 70 
77 104 477 342 338 80 
78 113 510 372 358 74 
79 127 528 389 385 78 
80 141 555 407 415 76 
81 150 581 460 434 69 
82 163 617 517 471 80 
83 173 657 567 472 82 
84 194 714 570 505 74 
85 211 726 612 552 93 
86 218 763 626 597 95 
87 238 801 691 610 93 
88 244 835 711 644 90 
89 268 911 782 689 94 
90 271 979 781 691 96 
91 273 1007 787 756 107 
92 291 1052 801 799 98 
93 302 1102 851 867 102 
94 294 1195 899 928 108 
95 307 1252 862 922 126 
96 330 1290 878 970 134 
97 326 1366 954 1012 130 
98 334 1520 961 1027 137 
99 349 1657 1002 1064 143 
100 349 1771 1062 1120 155 
101 375 1879 1114 1194 173 
102 397 1990 1160 1256 185 
103 409 2099 1181 1362 202 
104 436 2193 1271 1406 206 
105 466 2338 1319 1492 212 
106 464 2459 1399 1568 229 
107 487 2533 1470 1621 242 
108 530 2695 1572 1733 235 
109 577 2861 1594 1774 268 
110 587 2937 1669 1830 271 
111 622 3057 1732 1913 303 
112 643 3151 1857 2000 329 
113 679 3315 1908 2119 348 
114 732 3547 1996 2203 371 
115 783 3721 2133 2316 394 
116 843 3897 2228 2452 416 
117 898 3971 2290 2593 451 
118 940 4130 2514 2728 469 
119 985 4319 2709 2893 511 
120 1055 4493 2789 3005 542 
121 1114 4664 2846 3121 562 
122 1148 4879 3006 3221 564 
123 1227 5140 3127 3361 583 
124 1284 5331 3276 3566 633 
125 1336 5498 3466 3754 647 
126 1400 5808 3613 3875 662 
127 1460 6034 3838 4006 673 
128 1509 6236 3959 4131 682 
129 1525 6342 4123 4378 697 
130 1587 6554 4340 4557 805 
131 1663 6821 4531 4693 834 
132 1736 7028 4811 4938 850 
133 1754 7261 5095 5090 923 
134 1832 7436 5279 5288 930 
135 1958 7597 5565 5575 956 
136 2046 7902 5759 5794 994 
137 2180 8245 6020 5980 1037 
138 2224 8588 6233 6322 1089 
139 2326 8913 6457 6607 1140 
140 2332 9091 6689 6806 1180 
141 2407 9284 6921 7016 1177 
142 2467 9444 7284 7344 1254 
143 2558 9764 7598 7604 1280 
144 2577 10051 7890 7846 1316 
145 2682 10425 8350 8124 1361 
146 2852 10604 8557 8421 1477 
147 2992 10880 8899 8850 1537 
148 3097 11046 9303 9173 1630 
149 3225 11253 9808 9515 1638 
150 3271 11567 9985 9767 1646 
151 3302 11748 10327 10118 1738 
152 3410 12037 10627 10407 1769 
153 3590 12212 11008 10791 1808 
154 3676 12339 11213 11057 1877 
155 3764 12422 11525 11311 1948 
156 3853 12514 11746 11767 1940 
157 3984 12587 12076 12028 2058 
158 4097 12639 12284 12241 2050 
159 4246 12610 12342 12437 2108 
160 4251 12541 12745 12666 2226 
161 4329 12580 12997 13041 2288 
162 4390 12648 13352 13351 2307 
163 4517 12708 13384 13720 2399 
164 4593 12678 13520 13909 2427 
165 4581 12650 13660 14057 2488 
166 4576 12708 13964 14287 2503 
167 4615 12663 14173 14424 2548 
168 4591 12714 14422 14704 2597 
169 4586 12661 14640 14824 2616 
170 4687 12502 14727 15030 2688 
171 4755 12355 15022 15018 2719 
172 4886 12295 15502 15240 2739 
173 4888 12110 15544 15351 2872 
174 4940 12104 15543 15454 2884 
175 4863 11900 15549 15527 2933 
176 4802 11808 15642 15604 2933 
177 4901 11627 15527 15579 2899 
178 5001 11385 15610 15560 2916 
179 5040 11175 15583 15765 2991 
180 5026 11094 15578 15879 2965 
181 5137 11037 15792 15839 3007 
182 5087 10859 15751 15739 2991 
183 4962 10697 15771 15746 3021 
184 4933 10585 15615 15689 2977 
185 4876 10524 15618 15519 2896 
186 4951 10285 15685 15418 2905 
187 4897 10013 15459 15264 2917 
188 4828 9816 15252 15271 2923 
189 4825 9483 15102 15013 2919 
190 4724 9305 14808 14898 2902 
191 4722 9045 14631 14690 2814 
192 4714 8864 14404 14314 2750 
193 4666 8430 14054 14118 2682 
194 4516 8185 13891 13858 2582 
195 4464 7993 13729 13663 2501 
196 4359 7768 13493 13339 2478 
197 4355 7479 13142 13096 2394 
198 4250 7363 12926 12891 2397 
199 4215 7046 12588 12563 2450 
200 4030 6747 12249 12119 2374 
201 3922 6559 12010 11937 2320 
202 3877 6423 11787 11634 2258 
203 3877 6165 11351 11251 2215 
204 3816 5921 11189 11014 2217 
205 3680 5817 10943 10628 2179 
206 3623 5608 10741 10380 2128 
207 3507 5370 10567 10299 2109 
208 3411 5289 10320 10057 2046 
209 3294 5061 9839 9776 1928 
210 3195 4877 9593 9445 1909 
211 3051 4662 9338 9007 1810 
212 2982 4434 9144 8725 1798 
213 2904 4239 8843 8476 1774 
214 2784 4098 8576 8194 1767 
215 2737 3919 8416 7891 1692 
216 2675 3700 8237 7719 1668 
217 2552 3604 8015 7444 1636 
218 2457 3527 7656 7198 1599 
219 2439 3391 7431 7025 1558 
220 2340 3184 7300 6831 1481 
221 2267 3052 7103 6558 1485 
222 2193 2900 6885 6344 1453 
223 2089 2795 6651 6071 1443 
224 2049 2674 6406 5781 1410 
225 1962 2537 6198 5562 1373 
226 1856 2405 5985 5447 1308 
227 1798 2310 5862 5283 1228 
228 1739 2231 5728 5045 1225 
229 1681 2247 5525 4851 1147 
230 1648 2219 5306 4621 1117 
231 1625 2147 5124 4394 1089 
232 1584 2114 4926 4181 1037 
233 1511 2040 4801 4071 1007 
234 1439 1937 4681 3921 971 
235 1414 1887 4520 3749 947 
236 1381 1763 4401 3699 895 
237 1345 1734 4232 3559 866 
238 1331 1680 4127 3409 810 
239 1275 1656 3918 3314 809 
240 1211 1608 3811 3154 770 
241 1146 1553 3589 3025 758 
242 1133 1468 3429 2976 712 
243 1147 1358 3302 2867 651 
244 1081 1326 3148 2786 622 
245 1026 1296 2992 2628 605 
246 1006 1252 2820 2573 605 
247 982 1214 2719 2404 563 
248 966 1180 2591 2347 532 
249 892 1109 2475 2309 531 
250 828 1050 2314 2214 525 
251 801 990 2246 2131 533 
252 796 938 2195 2043 533 
253 763 929 2096 1959 499 
254 738 899 1982 1884 458 
255 688 876 1907 1832 446 
256 662 809 1849 1738 457 
257 593 780 1766 1655 456 
258 584 688 1714 1588 446 
259 564 646 1598 1520 422 
260 543 623 1582 1473 405 
261 542 605 1483 1406 389 
262 538 575 1400 1366 386 
263 516 553 1298 1310 358 
264 483 538 1274 1287 356 
265 473 528 1223 1253 334 
266 457 507 1198 1196 305 
267 443 460 1196 1135 297 
268 423 424 1145 1079 289 
269 377 401 1119 1030 288 
270 369 363 1073 1036 263 
271 349 361 1020 1049 254 
272 322 319 955 1019 254 
273 282 281 943 1001 229 
274 289 272 900 972 192 
275 279 269 851 900 168 
276 270 272 797 861 162 
277 261 255 789 779 151 
278 242 241 727 760 167 
279 238 202 682 735 176 
280 214 174 652 701 157 
281 197 179 624 679 154 
282 199 178 629 627 149 
283 187 160 607 557 136 
284 186 148 596 528 125 
285 190 160 564 487 106 
286 177 164 546 468 100 
287 164 149 508 449 99 
288 151 139 491 433 102 
289 142 120 470 404 97 
290 133 107 398 391 99 
291 116 115 368 350 77 
292 112 112 363 354 66 
293 115 108 336 363 67 
294 115 117 298 362 68 
295 105 109 292 328 66 
296 102 113 299 309 54 
297 118 123 289 293 47 
298 89 118 274 301 46 
299 81 101 273 266 46 
300 83 96 245 259 45 
301 88 92 250 248 45 
302 79 78 245 232 46 
303 75 74 223 214 58 
304 78 69 216 186 57 
305 82 71 204 173 59 
306 76 71 175 176 64 
307 65 61 147 163 65 
308 58 69 137 164 66 
309 60 65 139 156 58 
310 61 54 137 150 59 
311 60 63 140 152 70 
312 54 63 154 141 69 
313 49 69 144 133 70 
314 43 53 137 117 67 
315 42 56 128 114 52 
316 36 56 109 108 44 
317 36 58 100 111 42 
318 34 56 110 94 42 
319 31 62 101 77 40 
320 34 63 118 70 40 
321 28 61 104 68 39 
322 31 59 108 71 40 
323 32 53 97 65 28 
324 28 52 97 68 24 
325 28 50 96 54 22 
326 27 46 88 53 19 
327 21 46 80 62 12 
328 19 47 71 58 11 
329 16 38 65 53 10 
330 15 35 54 42 8 
331 15 47 53 40 9 
332 18 47 40 39 6 
333 20 54 44 34 7 
334 17 51 46 40 5 
335 17 45 43 27 3 
336 16 42 50 24 4 
337 15 41 48 25 3 
338 12 29 48 25 3 
339 12 24 40 21 2 
340 9 20 40 21 1 
341 5 18 34 25 3 
342 6 16 42 21 2 
343 9 15 45 23 1 
344 9 11 36 24 1 
345 10 9 29 28 0 
346 9 8 26 21 0 
347 8 9 26 18 0 
348 10 10 27 17 0 
349 9 10 23 16 0 
350 6 10 28 18 0 
351 2 12 25 19 0 
352 1 9 25 21 0 
353 0 9 24 22 0 
354 0 12 19 27 0 
355 3 9 15 29 0 
356 4 6 13 26 1 
357 4 5 13 28 1 
358 4 7 13 21 1 
359 4 7 12 24 2 
360 3 7 13 23 2 
361 3 8 16 22 3 
362 4 7 12 20 2 
363 4 4 9 18 2 
364 4 4 8 15 2 
365 4 3 5 13 1 
366 1 4 4 16 1 
367 1 5 4 16 1 
368 0 5 6 12 1 
369 0 5 7 18 2 
370 1 3 5 18 1 
371 1 4 5 16 1 
372 2 3 5 12 1 
373 2 2 6 9 0 
374 1 3 5 8 0 
375 0 2 8 10 0 
376 0 2 9 14 0 
377 1 2 10 11 0 
378 2 2 10 13 0 
379 2 2 15 11 0 
380 2 1 14 9 0 
381 1 1 13 5 0 
382 1 0 17 3 0 
383 1 0 18 2 0 
384 1 0 17 4 0 
385 0 0 19 4 0 
386 0 0 17 5 0 
387 0 0 14 5 0 
388 1 0 16 3 1 
389 2 0 17 2 2 
390 3 0 18 3 1 
391 3 0 15 1 2 
392 3 0 19 1 0 
393 4 0 18 0 0 
394 1 0 12 0 0 
395 0 0 9 0 0 
396 1 0 6 0 1 
397 1 0 4 0 0 
398 1 0 2 0 0 
399 1 0 1 0 0 
400 1 0 0 0 0 
401 1 0 0 0 0 
402 1 0 0 0 0 
403 1 0 0 0 0 
404 0 0 0 0 0 
