1 0 10 0 0 0 
2 0 10 0 0 0 
3 0 10 0 0 0 
4 0 13 0 0 0 
5 2 12 0 0 0 
6 0 13 0 1 0 
7 1 12 0 0 0 
8 1 11 0 0 0 
9 1 10 2 0 0 
10 4 11 1 0 0 
11 2 14 2 0 0 
12 4 15 3 1 0 
13 4 22 3 2 0 
14 3 21 7 2 0 
15 2 20 9 2 0 
16 3 20 10 2 1 
17 3 20 11 1 0 
18 4 19 9 0 0 
19 2 24 9 1 0 
20 1 28 7 2 0 
21 1 34 9 0 0 
22 0 38 12 0 0 
23 0 43 6 0 0 
24 1 39 4 1 0 
25 1 42 3 1 0 
26 1 44 5 1 0 
27 1 54 6 0 0 
28 1 59 8 1 0 
29 1 54 7 3 0 
30 2 44 4 6 0 
31 2 34 8 4 1 
32 2 40 12 4 0 
33 2 38 16 4 0 
34 3 33 16 3 0 
35 4 40 17 3 1 
36 3 43 17 3 1 
37 4 33 17 1 4 
38 3 42 16 2 5 
39 2 37 18 2 8 
40 1 38 16 2 4 
41 3 39 16 2 5 
42 5 41 19 3 6 
43 3 45 24 3 6 
44 1 46 21 6 6 
45 5 61 31 6 4 
46 5 73 35 6 2 
47 5 66 32 8 2 
48 6 63 38 11 1 
49 10 72 38 9 0 
50 10 72 42 11 1 
51 10 79 37 10 1 
52 11 75 49 7 1 
53 10 85 54 6 1 
54 10 97 55 8 0 
55 14 108 52 13 0 
56 11 106 61 14 0 
57 5 107 75 20 0 
58 6 115 87 23 0 
59 7 116 87 25 1 
60 10 123 94 30 1 
61 16 121 87 31 3 
62 16 117 89 31 1 
63 14 127 91 28 3 
64 22 132 85 39 2 
65 22 138 96 43 4 
66 24 167 107 48 3 
67 29 161 137 51 4 
68 30 169 139 59 6 
69 28 187 131 63 7 
70 36 197 143 69 10 
71 40 198 148 80 12 
72 31 233 145 77 13 
73 36 243 153 68 12 
74 25 262 158 80 16 
75 29 264 158 90 19 
76 32 271 166 97 15 
77 38 289 166 112 19 
78 38 318 166 112 18 
79 41 331 191 112 17 
80 42 338 205 124 17 
81 54 362 205 125 16 
82 55 389 221 137 16 
83 59 445 230 147 17 
84 65 435 258 149 13 
85 76 473 286 158 11 
86 84 469 297 171 14 
87 92 511 315 196 10 
88 103 566 347 203 11 
89 100 581 327 229 12 
90 101 609 322 234 14 
91 110 658 332 266 14 
92 113 717 358 273 18 
93 125 732 361 284 20 
94 123 834 375 299 20 
95 133 916 387 326 24 
96 142 959 422 346 26 
97 156 980 437 386 29 
98 171 1043 449 406 31 
99 183 1077 471 439 37 
100 188 1100 485 473 41 
101 214 1218 525 515 46 
102 226 1224 580 523 49 
103 232 1295 644 561 48 
104 251 1365 662 628 50 
105 273 1469 686 664 58 
106 297 1546 732 760 57 
107 298 1673 791 754 66 
108 327 1764 830 742 70 
109 380 1842 884 814 69 
110 401 1926 940 874 75 
111 405 2096 964 888 81 
112 425 2209 1018 964 86 
113 463 2322 1084 1007 90 
114 495 2387 1096 1070 100 
115 525 2475 1137 1165 99 
116 515 2595 1167 1209 125 
117 553 2684 1218 1286 129 
118 541 2759 1271 1416 144 
119 566 2842 1353 1476 147 
120 579 2943 1463 1583 158 
121 605 3087 1557 1634 168 
122 619 3175 1632 1738 175 
123 664 3347 1688 1839 201 
124 658 3436 1829 1967 207 
125 688 3653 1938 2100 219 
126 741 3802 1998 2270 235 
127 805 3880 2092 2359 261 
128 822 4053 2204 2475 265 
129 852 4281 2289 2583 295 
130 907 4547 2411 2696 282 
131 965 4833 2503 2882 299 
132 965 5173 2672 3039 331 
133 1039 5526 2788 3227 362 
134 1142 5679 2967 3369 380 
135 1193 5970 3106 3576 416 
136 1285 6212 3298 3748 433 
137 1389 6425 3380 3909 445 
138 1436 6732 3652 3975 464 
139 1491 6916 3757 4161 469 
140 1590 7243 3893 4301 515 
141 1664 7479 4182 4534 538 
142 1668 7606 4433 4704 588 
143 1782 7769 4663 4877 640 
144 1846 7981 4906 4965 680 
145 1911 8307 5110 5228 728 
146 1929 8497 5314 5471 777 
147 2004 8738 5591 5735 834 
148 2102 8868 5855 5933 938 
149 2210 9140 6084 6325 926 
150 2261 9239 6310 6597 919 
151 2337 9527 6648 6925 947 
152 2364 9626 6937 7221 992 
153 2443 9823 7147 7465 1024 
154 2567 10053 7448 7821 1050 
155 2678 10220 7651 8057 1089 
156 2726 10475 7878 8337 1134 
157 2840 10689 8198 8629 1147 
158 2960 10768 8398 8861 1227 
159 3029 10793 8655 9097 1305 
160 3070 11078 8894 9410 1330 
161 3208 11123 9024 9774 1368 
162 3291 11192 9180 10220 1412 
163 3379 11295 9237 10628 1509 
164 3420 11215 9461 10873 1562 
165 3602 11351 9856 11324 1583 
166 3675 11370 9986 11662 1704 
167 3683 11448 10293 11904 1798 
168 3859 11524 10679 12169 1893 
169 3938 11685 10959 12281 1965 
170 3901 11761 11180 12653 1907 
171 4056 11978 11446 12820 1944 
172 4152 12148 11718 12863 1960 
173 4302 12383 11987 13109 2162 
174 4258 12371 12330 13347 2217 
175 4372 12362 12692 13458 2275 
176 4482 12485 13158 13828 2353 
177 4543 12455 13396 14116 2454 
178 4607 12448 13464 14387 2482 
179 4667 12392 13829 14603 2515 
180 4687 12535 13998 14727 2648 
181 4817 12617 14192 14978 2617 
182 4845 12494 14376 15136 2685 
183 4848 12243 14342 15196 2693 
184 4821 12109 14508 15033 2745 
185 4784 12022 14672 15070 2747 
186 4881 11721 14821 15223 2749 
187 4902 11567 14879 15183 2782 
188 4819 11447 14889 15215 2788 
189 4842 11195 14960 15379 2855 
190 4962 11078 15039 15343 2900 
191 4979 10987 15106 15415 2993 
192 4894 10777 14890 15266 2997 
193 4825 10525 15118 15287 3052 
194 4828 10241 14935 15288 3159 
195 4823 9961 14907 15190 3227 
196 4849 9697 14899 14956 3240 
197 4808 9589 14754 14850 3309 
198 4719 9289 14789 14742 3257 
199 4810 9023 14734 14780 3240 
200 4702 8767 14811 14601 3222 
201 4602 8476 14774 14469 3105 
202 4487 8207 14549 14367 3077 
203 4431 8013 14376 14083 3022 
204 4378 7836 14160 13740 2984 
205 4248 7696 14039 13438 2989 
206 4241 7475 13985 13158 2953 
207 4193 7295 13837 12934 2927 
208 4102 7093 13606 12604 2877 
209 4080 6922 13339 12477 2816 
210 4024 6805 13090 12320 2785 
211 3886 6597 12763 11881 2724 
212 3749 6363 12412 11740 2636 
213 3686 6026 12139 11535 2629 
214 3573 5941 11916 11218 2602 
215 3508 5710 11750 10812 2539 
216 3460 5469 11557 10615 2499 
217 3312 5299 11300 10177 2432 
218 3245 5092 11080 9872 2432 
219 3136 4997 10752 9796 2362 
220 3058 4859 10562 9569 2334 
221 2950 4660 10310 9253 2289 
222 2948 4588 10073 9100 2197 
223 2861 4441 9845 8748 2144 
224 2743 4198 9633 8555 2086 
225 2678 3994 9373 8373 2041 
226 2558 3776 9142 8175 1986 
227 2566 3551 8965 7913 1876 
228 2496 3471 8663 7643 1862 
229 2465 3332 8470 7439 1857 
230 2369 3254 8252 7321 1843 
231 2305 3171 7908 7103 1814 
232 2223 3037 7778 6802 1773 
233 2215 2976 7626 6512 1723 
234 2101 2920 7405 6291 1684 
235 1986 2743 7230 6002 1611 
236 1895 2723 6925 5786 1547 
237 1902 2642 6646 5546 1515 
238 1875 2591 6384 5324 1482 
239 1804 2410 6181 5127 1467 
240 1708 2270 5997 4954 1426 
241 1714 2139 5765 4837 1399 
242 1618 2019 5535 4716 1331 
243 1577 1962 5413 4514 1247 
244 1520 1921 5158 4327 1237 
245 1427 1829 4908 4217 1138 
246 1400 1841 4722 4056 1141 
247 1360 1783 4532 3992 1062 
248 1305 1732 4281 3789 1023 
249 1254 1638 4099 3629 1047 
250 1275 1595 4015 3567 998 
251 1235 1504 3866 3471 944 
252 1280 1426 3635 3328 927 
253 1189 1358 3453 3209 898 
254 1121 1292 3299 3186 870 
255 1072 1246 3148 3026 811 
256 1046 1216 2992 2906 762 
257 983 1187 2876 2790 711 
258 992 1116 2713 2688 681 
259 930 1109 2599 2537 645 
260 896 1023 2530 2472 605 
261 857 969 2466 2348 590 
262 788 918 2384 2283 540 
263 786 880 2309 2145 481 
264 796 831 2206 2010 461 
265 768 797 2086 1880 440 
266 736 758 1976 1768 425 
267 741 712 1899 1691 377 
268 688 689 1843 1665 376 
269 676 669 1758 1583 390 
270 648 675 1721 1488 376 
271 620 628 1645 1459 369 
272 562 638 1617 1391 373 
273 528 594 1538 1364 372 
274 513 564 1450 1278 350 
275 463 527 1362 1230 310 
276 453 513 1324 1190 282 
277 408 519 1251 1152 276 
278 410 486 1175 1149 256 
279 369 470 1092 1079 231 
280 365 465 1075 1000 224 
281 342 429 1060 984 215 
282 330 410 1016 897 211 
283 336 391 981 831 196 
284 322 389 936 802 193 
285 313 393 915 757 208 
286 315 396 841 736 193 
287 283 388 821 725 185 
288 265 374 793 672 183 
289 260 366 747 654 175 
290 255 362 725 622 162 
291 244 346 686 599 146 
292 213 312 680 579 158 
293 208 310 629 540 157 
294 194 303 537 542 155 
295 188 297 516 499 145 
296 180 270 491 458 149 
297 189 266 453 442 150 
298 191 254 463 426 144 
299 195 240 441 396 129 
300 178 244 404 360 131 
301 164 219 392 352 125 
302 149 216 396 342 121 
303 136 219 386 354 120 
304 132 209 372 314 107 
305 134 197 318 278 102 
306 125 178 309 273 104 
307 129 161 302 263 89 
308 125 160 287 252 77 
309 121 152 287 270 68 
310 105 141 263 275 68 
311 107 143 243 256 65 
312 100 136 266 248 61 
313 94 111 263 238 52 
314 86 113 255 228 50 
315 73 110 244 221 60 
316 74 122 220 211 48 
317 78 120 210 224 46 
318 78 118 212 222 38 
319 76 104 212 193 37 
320 65 105 194 184 40 
321 63 93 182 181 32 
322 60 94 176 168 37 
323 66 87 150 148 39 
324 56 81 153 147 40 
325 53 73 146 148 35 
326 50 69 130 144 34 
327 46 63 108 129 30 
328 46 65 98 125 24 
329 46 63 92 104 23 
330 35 65 85 98 21 
331 31 66 88 94 27 
332 31 53 92 89 25 
333 24 47 89 103 25 
334 22 38 75 88 28 
335 20 36 65 87 31 
336 22 34 52 84 33 
337 23 42 44 83 31 
338 22 37 44 80 29 
339 18 40 36 77 20 
340 16 41 37 73 15 
341 8 35 37 66 15 
342 9 31 38 69 17 
343 7 28 34 51 14 
344 6 26 37 49 7 
345 6 25 31 42 4 
346 4 21 26 40 3 
347 5 21 23 38 5 
348 4 22 25 39 4 
349 5 25 24 36 5 
350 4 27 15 33 5 
351 4 21 14 33 8 
352 5 22 13 29 10 
353 4 20 11 28 12 
354 3 17 13 28 14 
355 4 12 11 26 11 
356 6 6 13 21 12 
357 4 3 12 22 13 
358 6 4 13 21 9 
359 1 5 11 20 6 
360 1 6 10 25 6 
361 4 4 12 21 9 
362 5 2 11 19 8 
363 3 2 9 19 8 
364 1 3 7 18 5 
365 0 4 9 19 3 
366 0 3 11 26 1 
367 1 3 8 19 1 
368 1 2 8 16 2 
369 1 4 8 15 3 
370 1 4 5 19 2 
371 1 6 7 11 1 
372 1 5 6 10 1 
373 1 8 7 11 2 
374 0 6 5 11 3 
375 0 7 4 10 2 
376 0 11 4 11 0 
377 1 9 3 10 0 
378 1 10 4 8 0 
379 1 7 5 6 0 
380 1 6 4 4 0 
381 1 9 4 3 0 
382 1 10 3 4 0 
383 1 11 4 2 0 
384 2 9 7 1 0 
385 1 8 3 2 0 
386 1 3 2 1 0 
387 1 0 3 0 0 
388 0 0 2 0 0 
389 0 0 2 0 0 
390 0 0 2 0 0 
391 0 0 2 0 0 
392 0 0 2 0 0 
393 0 0 2 0 0 
394 0 0 1 0 0 
395 0 0 0 0 0 
