1 0 3 0 0 0 
2 0 4 0 0 0 
3 0 6 0 0 0 
4 0 5 2 0 0 
5 0 3 2 0 0 
6 0 4 0 0 0 
7 0 1 1 0 0 
8 0 6 2 0 0 
9 0 4 0 0 0 
10 0 4 5 0 0 
11 0 8 3 1 0 
12 0 5 1 4 0 
13 0 8 2 2 0 
14 0 9 1 6 0 
15 0 9 2 4 0 
16 0 12 2 0 0 
17 4 14 6 4 0 
18 0 4 2 1 0 
19 1 15 2 4 0 
20 1 17 7 6 0 
21 2 15 3 5 0 
22 1 29 4 11 0 
23 0 18 9 11 0 
24 0 18 9 11 0 
25 2 17 10 4 0 
26 2 21 7 6 0 
27 5 27 10 5 1 
28 2 26 11 12 3 
29 3 30 17 4 0 
30 3 30 21 12 0 
31 1 25 17 11 0 
32 8 27 12 9 1 
33 4 36 7 11 2 
34 9 40 10 5 1 
35 9 32 10 12 1 
36 14 38 12 13 1 
37 7 35 10 10 0 
38 10 27 15 13 0 
39 9 27 24 16 1 
40 5 37 11 15 2 
41 9 43 20 16 2 
42 14 57 32 22 0 
43 11 62 26 20 0 
44 17 69 34 24 0 
45 14 69 26 20 2 
46 11 53 28 22 1 
47 19 68 34 20 0 
48 22 68 37 26 1 
49 26 68 43 33 0 
50 16 76 46 22 1 
51 20 77 47 24 1 
52 11 100 52 30 1 
53 22 87 42 31 1 
54 21 108 42 26 3 
55 14 85 62 41 2 
56 21 100 74 42 2 
57 21 102 59 66 3 
58 16 91 65 57 3 
59 30 102 76 41 0 
60 29 112 87 61 6 
61 28 104 81 75 2 
62 24 110 96 72 12 
63 22 112 105 78 10 
64 27 107 99 73 10 
65 34 122 110 89 15 
66 30 116 123 82 10 
67 25 132 110 108 18 
68 31 145 125 114 17 
69 33 133 135 117 11 
70 41 144 122 125 17 
71 33 174 140 133 17 
72 40 181 130 144 30 
73 50 155 143 153 12 
74 52 164 160 149 16 
75 59 200 177 171 14 
76 80 221 171 179 28 
77 73 236 211 204 24 
78 56 246 203 223 20 
79 74 235 236 222 19 
80 78 248 244 208 22 
81 71 278 231 214 29 
82 101 273 248 228 26 
83 99 278 268 288 32 
84 115 292 244 250 39 
85 87 333 300 288 35 
86 97 317 285 334 34 
87 94 316 332 316 36 
88 98 330 335 336 25 
89 103 337 361 334 29 
90 117 387 383 367 43 
91 111 369 416 367 44 
92 125 387 465 409 38 
93 119 395 483 413 38 
94 122 433 489 407 53 
95 137 436 510 473 50 
96 142 527 550 502 48 
97 173 547 581 559 47 
98 171 534 547 545 71 
99 213 564 645 581 54 
100 222 577 643 583 75 
101 225 647 688 658 56 
102 256 679 761 695 74 
103 242 719 766 744 71 
104 261 792 833 765 89 
105 246 812 816 813 81 
106 227 829 869 903 88 
107 267 913 864 925 96 
108 262 993 902 903 100 
109 291 988 946 966 95 
110 325 1057 1046 1020 92 
111 322 1064 1022 1090 98 
112 289 1125 1157 1097 108 
113 386 1209 1148 1170 120 
114 354 1279 1206 1214 124 
115 398 1388 1227 1267 119 
116 407 1389 1314 1351 139 
117 466 1440 1414 1432 143 
118 415 1537 1358 1451 155 
119 437 1589 1480 1484 188 
120 427 1639 1565 1657 191 
121 511 1747 1664 1666 205 
122 535 1830 1740 1803 231 
123 508 1914 1782 1864 244 
124 534 1946 1848 1930 231 
125 615 2044 1916 2052 248 
126 665 2192 2010 2113 306 
127 689 2118 2042 2195 262 
128 696 2216 2171 2274 269 
129 721 2342 2300 2382 285 
130 776 2520 2318 2407 293 
131 786 2425 2367 2367 327 
132 773 2603 2461 2527 330 
133 822 2741 2685 2680 384 
134 897 2848 2732 2822 414 
135 903 2944 2830 2888 406 
136 899 2971 2927 3035 446 
137 949 3088 3019 3018 452 
138 975 3147 3084 3136 437 
139 1054 3242 3175 3233 506 
140 1045 3466 3026 3446 538 
141 1052 3463 3280 3489 570 
142 1152 3641 3410 3566 571 
143 1116 3717 3433 3780 562 
144 1236 3810 3498 3909 581 
145 1182 3920 3660 3849 604 
146 1270 3923 3806 4066 606 
147 1279 4093 3778 4081 650 
148 1331 4066 3830 4131 609 
149 1383 4075 4184 4148 691 
150 1367 4156 4226 4273 675 
151 1425 4324 4103 4393 718 
152 1517 4257 4131 4298 722 
153 1543 4264 4159 4527 770 
154 1490 4355 4274 4556 747 
155 1537 4418 4472 4624 761 
156 1579 4423 4422 4633 796 
157 1612 4405 4482 4592 811 
158 1611 4631 4621 4862 786 
159 1554 4514 4636 4882 890 
160 1704 4403 4723 4759 893 
161 1672 4263 4789 4895 986 
162 1593 4263 4758 4893 920 
163 1625 4218 4820 5038 965 
164 1662 4380 4804 4907 1035 
165 1691 4206 4913 5004 1025 
166 1660 4223 5001 5053 996 
167 1758 4266 4966 5146 1011 
168 1780 3948 4976 5079 1052 
169 1723 4021 5088 5094 1096 
170 1664 4014 5061 5157 999 
171 1715 3966 5062 5178 1092 
172 1807 3811 5122 5112 994 
173 1772 3716 5176 5115 1032 
174 1710 3730 5040 5042 976 
175 1773 3682 5127 5003 1058 
176 1752 3495 5240 5150 1045 
177 1687 3584 5079 5030 1032 
178 1753 3577 4901 4993 1021 
179 1668 3534 4974 4960 1064 
180 1677 3455 4932 4823 1018 
181 1661 3420 4852 4804 1001 
182 1627 3298 4876 4580 1067 
183 1644 3114 4794 4550 1036 
184 1583 3112 4625 4518 1004 
185 1631 2930 4558 4328 964 
186 1486 2888 4544 4356 1063 
187 1496 2874 4469 4213 971 
188 1504 2801 4281 4091 930 
189 1440 2745 4416 4024 962 
190 1512 2612 4201 4038 898 
191 1378 2620 4117 3944 870 
192 1461 2397 4031 3921 840 
193 1432 2421 4000 3762 848 
194 1438 2295 3789 3644 794 
195 1265 2276 3831 3758 783 
196 1276 2166 3705 3573 796 
197 1250 2112 3599 3440 787 
198 1192 2031 3591 3389 754 
199 1152 2010 3578 3137 737 
200 1136 1954 3496 3167 707 
201 1064 1923 3346 3185 702 
202 1048 1693 3178 3207 682 
203 1046 1676 3130 2963 644 
204 1046 1567 2932 2889 660 
205 987 1593 2961 2825 631 
206 877 1550 2799 2632 601 
207 855 1508 2722 2532 577 
208 806 1427 2660 2391 523 
209 871 1409 2572 2358 497 
210 809 1344 2579 2330 521 
211 812 1323 2439 2310 503 
212 751 1286 2422 2227 479 
213 772 1224 2263 2094 494 
214 699 1153 2239 2078 478 
215 691 1066 2212 1924 432 
216 700 1024 2121 1888 443 
217 702 997 2055 1838 422 
218 729 988 1980 1789 383 
219 641 946 1862 1715 386 
220 619 879 1840 1689 395 
221 594 875 1835 1610 416 
222 583 830 1747 1597 361 
223 543 847 1681 1548 355 
224 517 775 1596 1424 343 
225 557 696 1602 1414 337 
226 484 714 1564 1349 299 
227 472 662 1455 1327 260 
228 446 627 1305 1254 283 
229 410 675 1385 1149 303 
230 405 580 1220 1127 261 
231 381 520 1161 1098 243 
232 402 547 1181 1028 217 
233 358 500 1130 1041 232 
234 351 483 1014 953 250 
235 330 464 944 890 212 
236 311 433 939 885 189 
237 299 466 847 873 204 
238 320 418 840 820 210 
239 289 437 872 787 192 
240 289 388 794 742 176 
241 284 319 771 770 178 
242 276 348 703 781 170 
243 262 326 680 704 147 
244 266 306 658 658 149 
245 235 284 648 612 145 
246 226 256 602 557 143 
247 213 286 585 518 153 
248 174 260 564 477 118 
249 166 239 551 462 118 
250 162 236 559 452 111 
251 162 250 518 465 113 
252 159 243 461 412 103 
253 161 187 478 368 104 
254 123 192 447 345 105 
255 132 227 417 377 76 
256 133 194 432 344 87 
257 121 191 421 345 78 
258 118 156 363 283 96 
259 116 160 374 273 91 
260 111 166 354 270 72 
261 94 141 360 247 77 
262 96 164 343 254 64 
263 89 135 325 225 63 
264 82 165 320 217 60 
265 81 168 266 230 64 
266 86 143 267 176 38 
267 90 130 280 158 56 
268 92 124 259 156 34 
269 67 126 251 169 38 
270 71 125 212 165 34 
271 57 91 220 136 36 
272 71 85 199 147 41 
273 70 82 181 146 33 
274 73 65 198 152 33 
275 69 69 165 127 34 
276 57 64 162 136 35 
277 52 62 180 148 22 
278 44 52 148 139 33 
279 54 49 160 136 27 
280 52 48 146 159 32 
281 43 47 150 123 33 
282 35 47 104 143 38 
283 32 52 109 126 37 
284 27 47 98 101 29 
285 37 41 105 115 35 
286 29 33 95 112 35 
287 31 39 110 101 35 
288 26 29 92 104 35 
289 37 39 80 75 34 
290 31 32 87 91 27 
291 24 37 84 87 29 
292 28 36 75 99 21 
293 23 27 88 79 34 
294 29 34 79 89 27 
295 18 21 93 73 24 
296 16 24 70 75 13 
297 17 18 52 64 19 
298 16 26 58 56 27 
299 20 20 43 74 19 
300 7 22 57 60 20 
301 16 13 59 52 25 
302 21 22 51 48 18 
303 21 22 48 53 24 
304 8 25 40 41 19 
305 13 22 35 50 17 
306 13 23 19 43 18 
307 13 12 34 40 20 
308 13 17 28 36 26 
309 11 17 32 34 16 
310 6 17 29 25 7 
311 13 14 29 41 16 
312 13 14 23 20 11 
313 12 15 25 27 5 
314 13 15 35 35 6 
315 10 11 29 49 3 
316 8 8 25 38 2 
317 5 13 33 31 7 
318 16 13 29 31 4 
319 16 11 28 24 2 
320 10 8 34 28 5 
321 14 8 28 16 4 
322 13 4 19 17 3 
323 10 5 25 18 2 
324 7 3 22 23 7 
325 13 3 16 15 3 
326 9 5 15 18 2 
327 10 4 17 18 1 
328 8 4 18 13 1 
329 7 7 12 8 1 
330 6 3 17 7 2 
331 6 0 14 1 3 
332 8 0 9 13 1 
333 8 2 10 8 0 
334 5 1 16 6 1 
335 5 3 13 7 4 
336 8 1 6 13 2 
337 6 0 8 6 4 
338 7 3 9 2 3 
339 0 3 8 9 2 
340 7 3 10 6 4 
341 8 1 4 7 0 
342 1 2 7 5 1 
343 6 0 6 3 3 
344 2 2 7 3 1 
345 3 1 2 1 0 
346 2 0 3 3 0 
347 1 2 3 2 0 
348 3 0 1 2 1 
349 0 0 4 2 0 
350 0 0 3 2 0 
351 3 0 0 3 0 
352 0 0 3 3 2 
353 5 1 0 4 2 
354 3 0 1 2 0 
355 3 0 0 5 1 
356 3 0 0 5 0 
357 3 1 0 5 0 
358 3 0 1 2 0 
359 5 0 1 5 0 
360 1 0 0 0 0 
361 1 0 1 1 0 
362 1 2 1 1 0 
363 1 1 0 1 0 
364 1 0 0 2 0 
365 0 0 0 4 0 
366 1 0 0 1 0 
367 0 0 0 2 1 
368 0 0 0 3 3 
369 0 0 0 3 2 
370 0 0 0 8 1 
371 0 0 0 6 0 
372 0 0 0 2 1 
373 0 0 0 1 2 
374 0 0 0 2 0 
375 0 0 0 3 0 
376 0 0 0 2 0 
377 1 1 0 2 0 
378 0 0 1 2 0 
379 0 0 2 2 0 
380 0 0 1 3 0 
381 0 0 0 1 0 
382 0 0 0 1 0 
383 0 0 0 1 0 
384 0 0 0 3 0 
385 0 0 0 0 0 
386 0 0 0 0 0 
387 0 0 0 1 0 
388 0 0 0 1 0 
389 0 0 0 0 0 
390 0 0 0 0 0 
391 0 0 0 1 0 
392 0 0 0 0 0 
393 0 0 0 0 0 
394 0 0 0 0 0 
395 0 0 0 0 0 
