1 0 7 0 0 0 
2 0 6 0 0 0 
3 0 4 0 0 0 
4 0 5 0 0 0 
5 0 5 0 0 0 
6 0 5 1 0 0 
7 0 4 0 0 0 
8 0 8 0 0 0 
9 0 9 1 0 0 
10 0 6 0 0 0 
11 1 4 0 1 0 
12 0 4 0 0 0 
13 1 6 0 0 0 
14 1 4 0 1 0 
15 1 5 0 0 0 
16 0 5 0 0 0 
17 0 6 0 0 0 
18 2 4 0 0 0 
19 1 8 1 0 0 
20 1 4 2 0 0 
21 0 9 3 1 0 
22 0 7 1 2 0 
23 1 7 2 0 0 
24 1 8 6 0 0 
25 0 5 8 0 0 
26 0 14 8 0 0 
27 2 17 5 1 0 
28 1 12 5 0 0 
29 0 13 4 0 0 
30 0 11 7 1 0 
31 0 17 9 0 1 
32 3 15 8 0 0 
33 1 15 13 0 0 
34 5 18 10 1 0 
35 3 23 16 2 0 
36 4 10 10 2 0 
37 2 20 17 4 0 
38 3 19 10 4 0 
39 6 18 11 6 0 
40 7 18 18 4 0 
41 9 23 13 7 0 
42 12 28 15 8 0 
43 11 21 15 12 2 
44 14 17 18 12 1 
45 8 18 18 18 2 
46 8 28 25 18 2 
47 11 21 12 24 2 
48 5 42 18 16 2 
49 3 30 26 11 4 
50 12 29 21 20 4 
51 10 40 19 14 2 
52 9 31 11 16 1 
53 7 39 21 26 0 
54 9 37 15 18 0 
55 8 45 22 12 1 
56 17 36 18 10 0 
57 10 49 29 14 1 
58 8 49 18 22 0 
59 15 45 24 27 0 
60 6 52 39 22 0 
61 14 54 25 22 4 
62 20 60 38 16 3 
63 15 46 39 31 2 
64 12 49 39 33 3 
65 17 59 44 28 1 
66 13 68 32 40 3 
67 24 69 42 43 3 
68 15 65 52 34 2 
69 16 56 46 37 4 
70 15 53 52 34 11 
71 19 61 64 51 5 
72 23 62 70 57 5 
73 26 63 71 48 6 
74 15 68 66 67 5 
75 17 87 70 52 10 
76 16 97 59 65 4 
77 16 108 100 73 12 
78 24 102 90 87 9 
79 21 120 86 85 5 
80 35 132 112 67 4 
81 21 136 90 73 17 
82 22 149 100 85 6 
83 34 144 101 83 16 
84 33 128 92 93 12 
85 31 148 113 107 14 
86 45 151 128 109 13 
87 22 156 126 137 18 
88 36 200 139 113 20 
89 43 179 146 107 25 
90 49 184 150 133 14 
91 34 199 164 141 13 
92 46 234 172 145 25 
93 52 229 176 165 32 
94 53 257 177 168 23 
95 46 291 197 170 36 
96 43 257 185 170 29 
97 59 298 211 197 44 
98 68 298 203 227 54 
99 69 320 211 238 39 
100 80 347 233 243 37 
101 91 341 222 248 35 
102 115 346 260 270 47 
103 95 368 240 284 42 
104 99 391 268 327 60 
105 123 438 287 326 47 
106 110 441 308 333 46 
107 111 457 313 361 65 
108 104 436 308 402 68 
109 116 523 397 398 67 
110 147 517 363 472 64 
111 124 543 394 462 67 
112 141 587 416 426 57 
113 152 617 451 445 76 
114 153 635 408 500 76 
115 141 687 469 473 73 
116 146 685 417 499 81 
117 151 738 506 512 90 
118 167 769 514 525 83 
119 176 798 527 554 81 
120 183 815 554 564 90 
121 187 827 578 623 84 
122 210 929 592 673 99 
123 241 945 652 681 101 
124 251 1022 686 688 119 
125 217 1070 692 723 100 
126 279 1106 755 764 102 
127 255 1158 766 776 118 
128 275 1183 737 761 130 
129 301 1280 797 807 126 
130 308 1346 839 904 117 
131 322 1279 891 934 146 
132 338 1417 976 1012 140 
133 331 1505 1007 957 161 
134 392 1510 1054 1068 155 
135 385 1598 1116 1141 180 
136 387 1692 1104 1221 175 
137 434 1609 1167 1315 184 
138 423 1762 1156 1291 197 
139 467 1852 1220 1409 221 
140 494 1896 1311 1509 209 
141 443 1982 1356 1601 203 
142 457 2017 1386 1617 215 
143 547 2095 1482 1715 232 
144 539 2209 1525 1744 243 
145 593 2292 1622 1913 268 
146 573 2291 1707 2048 259 
147 645 2374 1694 2040 261 
148 680 2386 1777 2213 279 
149 751 2602 1886 2242 287 
150 750 2688 1933 2388 313 
151 805 2763 2027 2436 342 
152 856 2917 2129 2405 378 
153 853 2888 2189 2586 350 
154 937 3087 2205 2727 350 
155 948 3241 2448 2753 350 
156 972 3303 2538 2698 349 
157 944 3316 2533 2909 364 
158 977 3460 2644 2964 400 
159 960 3443 2783 3025 448 
160 1027 3674 2971 3067 447 
161 1085 3691 2924 3237 432 
162 1070 3805 2942 3262 460 
163 1026 3786 3031 3469 505 
164 1130 3885 3236 3480 488 
165 1149 3946 3349 3648 503 
166 1201 4124 3460 3659 526 
167 1239 4135 3591 3926 580 
168 1303 4115 3800 3987 557 
169 1263 4347 3842 4045 597 
170 1318 4149 3857 4235 631 
171 1344 4135 3977 4158 651 
172 1384 4314 4063 4326 677 
173 1457 4328 3946 4463 658 
174 1451 4493 4115 4454 713 
175 1497 4374 4261 4636 734 
176 1501 4441 4365 4858 725 
177 1538 4376 4388 4714 762 
178 1631 4555 4472 4802 777 
179 1536 4372 4612 4897 804 
180 1635 4449 4680 4899 866 
181 1662 4242 4770 4965 866 
182 1620 4228 4870 4939 862 
183 1719 4171 4835 5046 881 
184 1618 4271 4816 5134 953 
185 1643 4102 4999 5138 917 
186 1558 4064 4884 5105 865 
187 1571 4072 4915 5160 912 
188 1758 3933 4906 5211 918 
189 1690 3890 4976 5264 976 
190 1690 3910 4956 5238 969 
191 1626 3827 4977 5101 949 
192 1585 3768 5043 5065 936 
193 1585 3572 5084 5013 996 
194 1727 3652 5020 5050 935 
195 1697 3506 5040 5056 983 
196 1655 3567 5028 5023 1051 
197 1648 3353 5053 5076 1062 
198 1663 3335 5062 5054 1025 
199 1576 3347 4991 4901 1004 
200 1599 3055 4930 4816 1083 
201 1602 2940 4904 4624 1013 
202 1573 2984 4705 4660 1004 
203 1575 2844 4705 4674 978 
204 1543 2776 4602 4580 959 
205 1540 2749 4644 4566 888 
206 1523 2522 4483 4322 912 
207 1414 2480 4510 4246 903 
208 1427 2419 4470 4173 889 
209 1408 2323 4442 4095 913 
210 1384 2305 4281 4041 896 
211 1320 2135 4160 3982 864 
212 1322 2119 4200 3770 895 
213 1294 2173 4116 3799 822 
214 1360 2001 3994 3619 802 
215 1294 1920 3917 3601 772 
216 1232 1868 3767 3536 784 
217 1288 1811 3738 3415 723 
218 1232 1759 3574 3466 791 
219 1145 1728 3644 3229 723 
220 1146 1596 3468 3209 703 
221 1169 1534 3517 3139 701 
222 1075 1524 3335 3019 710 
223 1107 1513 3327 2800 698 
224 1017 1364 3164 2754 701 
225 1012 1402 3114 2726 673 
226 1026 1378 2974 2664 683 
227 910 1282 2844 2505 647 
228 940 1260 2799 2501 604 
229 892 1191 2781 2378 606 
230 885 1170 2645 2421 581 
231 826 1153 2640 2190 568 
232 731 1099 2496 2116 547 
233 744 1092 2483 2075 564 
234 768 1005 2492 2056 551 
235 690 1018 2260 1955 489 
236 688 973 2175 1898 513 
237 693 931 2073 1826 447 
238 722 922 2134 1797 438 
239 588 895 1920 1780 410 
240 609 866 1897 1648 408 
241 581 791 1826 1590 382 
242 576 758 1828 1671 396 
243 571 654 1682 1574 372 
244 491 752 1703 1472 372 
245 522 720 1580 1486 338 
246 500 649 1563 1414 368 
247 475 628 1476 1280 325 
248 477 613 1570 1337 306 
249 443 545 1453 1222 309 
250 447 538 1392 1219 305 
251 380 521 1366 1155 301 
252 401 525 1276 1120 286 
253 374 500 1200 1065 298 
254 401 512 1216 1083 250 
255 343 482 1168 940 260 
256 339 437 1043 903 242 
257 337 441 1020 846 255 
258 346 392 1016 783 237 
259 302 395 997 799 250 
260 310 371 924 778 234 
261 262 341 935 709 218 
262 260 352 942 698 209 
263 259 308 806 653 207 
264 261 275 831 657 184 
265 236 297 821 574 187 
266 240 255 783 636 165 
267 232 226 727 580 183 
268 216 245 726 542 154 
269 204 242 700 572 141 
270 192 226 691 529 157 
271 163 211 643 516 130 
272 193 213 569 472 128 
273 187 183 529 465 134 
274 164 228 536 482 105 
275 167 182 504 421 119 
276 155 173 479 400 116 
277 148 178 485 350 123 
278 148 147 448 353 100 
279 139 176 441 356 99 
280 147 143 384 335 110 
281 113 168 383 287 122 
282 103 142 346 298 106 
283 124 113 349 289 102 
284 122 110 304 282 104 
285 106 118 348 273 99 
286 108 111 292 282 97 
287 96 109 298 245 87 
288 82 112 303 255 93 
289 112 101 298 226 90 
290 86 97 297 215 62 
291 100 100 247 199 63 
292 89 90 224 205 82 
293 90 90 220 203 67 
294 75 85 212 213 54 
295 65 82 213 192 65 
296 74 66 222 161 47 
297 69 75 198 151 52 
298 64 66 181 146 37 
299 66 68 173 139 51 
300 66 68 165 132 37 
301 42 69 171 131 44 
302 58 67 158 117 34 
303 45 58 146 99 33 
304 57 65 156 93 32 
305 38 61 127 84 37 
306 43 43 118 78 28 
307 34 56 111 81 39 
308 48 59 103 78 31 
309 39 68 93 80 34 
310 39 47 73 77 23 
311 36 43 69 76 33 
312 32 48 71 58 18 
313 37 42 82 73 21 
314 23 35 74 55 18 
315 16 25 82 55 17 
316 23 36 64 63 11 
317 20 36 65 64 13 
318 23 21 54 49 11 
319 20 26 51 43 11 
320 21 19 53 41 10 
321 11 21 36 40 11 
322 11 19 32 36 6 
323 9 16 41 38 9 
324 10 16 52 55 9 
325 12 19 50 36 10 
326 8 13 42 37 10 
327 12 16 44 26 10 
328 12 10 33 39 13 
329 11 6 42 28 6 
330 12 6 31 30 12 
331 7 4 27 27 5 
332 13 4 23 35 6 
333 10 7 28 24 5 
334 8 8 31 21 7 
335 14 10 26 19 8 
336 11 6 30 25 10 
337 13 9 25 22 11 
338 13 11 25 25 0 
339 17 7 20 16 2 
340 9 15 24 19 6 
341 10 14 20 18 4 
342 11 9 21 17 5 
343 5 6 9 17 8 
344 15 8 8 18 4 
345 4 1 13 19 9 
346 7 5 18 15 3 
347 8 5 7 18 5 
348 2 2 18 21 7 
349 5 3 15 12 1 
350 5 5 11 9 10 
351 4 3 2 7 4 
352 3 5 8 8 7 
353 4 2 5 8 9 
354 6 3 5 8 8 
355 5 2 6 12 3 
356 5 6 9 11 4 
357 3 4 3 6 5 
358 10 4 5 10 6 
359 7 3 2 7 0 
360 7 3 6 6 3 
361 2 7 4 6 1 
362 4 2 4 7 1 
363 5 3 8 6 1 
364 4 1 7 6 0 
365 2 3 4 6 1 
366 2 3 7 9 0 
367 1 2 3 7 3 
368 5 1 3 3 2 
369 3 2 5 4 2 
370 1 2 4 2 0 
371 4 1 7 0 2 
372 4 0 5 5 2 
373 2 1 5 7 0 
374 4 0 1 5 1 
375 5 1 3 11 4 
376 1 1 8 8 2 
377 4 1 5 6 1 
378 1 1 3 11 2 
379 2 1 2 7 6 
380 6 2 2 11 6 
381 2 2 4 5 3 
382 3 2 0 4 4 
383 1 1 1 5 5 
384 2 1 2 2 2 
385 3 0 0 2 6 
386 1 1 0 4 1 
387 4 0 1 6 1 
388 3 0 1 5 2 
389 2 0 0 4 1 
390 2 1 0 3 2 
391 4 0 0 3 0 
392 0 0 1 0 3 
393 0 0 2 2 2 
394 2 0 0 0 1 
395 0 0 0 1 2 
396 0 0 0 0 1 
397 0 0 0 0 3 
398 0 0 0 0 4 
399 0 0 0 0 2 
400 0 1 0 2 0 
401 0 0 0 1 3 
402 0 0 0 0 4 
403 0 0 0 0 1 
404 0 0 0 0 4 
405 0 0 0 0 5 
406 0 0 1 0 4 
407 0 0 0 0 0 
408 0 0 0 0 0 
409 0 0 0 0 2 
410 0 0 0 0 1 
411 0 0 0 0 0 
412 0 0 0 1 0 
413 0 0 0 0 1 
414 0 0 0 0 1 
415 0 0 0 0 1 
416 0 0 1 0 1 
417 0 0 0 0 0 
418 0 0 0 0 0 
419 0 0 0 0 0 
