1 0 1 0 0 0 
2 0 5 0 0 0 
3 0 4 0 0 0 
4 0 7 0 0 0 
5 0 5 0 0 0 
6 0 8 1 0 0 
7 0 8 0 0 0 
8 0 8 1 0 0 
9 0 7 0 0 0 
10 0 5 1 3 0 
11 0 3 0 0 0 
12 0 1 0 0 0 
13 0 7 0 2 0 
14 0 5 0 2 0 
15 0 6 0 1 0 
16 0 10 3 0 0 
17 0 4 0 0 0 
18 0 4 0 2 0 
19 0 7 0 0 0 
20 0 12 1 0 0 
21 0 9 0 0 0 
22 1 11 0 0 0 
23 0 11 0 0 0 
24 0 10 0 1 0 
25 0 9 1 0 0 
26 0 18 2 2 0 
27 1 13 0 1 0 
28 2 14 0 0 0 
29 2 11 0 2 0 
30 0 18 3 2 0 
31 4 21 1 2 0 
32 1 16 2 3 0 
33 2 24 1 0 0 
34 3 19 2 2 0 
35 4 20 1 6 0 
36 1 21 1 7 0 
37 0 32 0 4 0 
38 1 25 4 3 0 
39 3 29 3 3 0 
40 3 17 1 1 0 
41 3 23 1 4 0 
42 1 15 2 1 0 
43 4 22 0 4 0 
44 6 24 0 7 0 
45 2 10 2 4 0 
46 2 14 3 5 0 
47 2 25 5 7 0 
48 3 18 5 13 0 
49 5 21 6 4 0 
50 4 13 3 8 0 
51 7 22 5 4 0 
52 3 22 10 7 0 
53 5 16 12 10 0 
54 7 22 9 12 0 
55 7 29 8 15 1 
56 4 18 15 15 1 
57 4 27 10 12 0 
58 5 29 10 12 1 
59 12 24 7 18 0 
60 4 28 11 16 2 
61 6 23 9 19 3 
62 8 19 7 11 0 
63 4 15 8 18 2 
64 6 21 4 10 0 
65 5 30 5 21 1 
66 4 23 10 11 1 
67 5 23 9 10 0 
68 3 35 13 13 0 
69 3 26 14 21 1 
70 4 23 19 17 0 
71 7 41 26 17 0 
72 9 42 17 16 0 
73 9 48 19 15 0 
74 11 39 24 19 0 
75 15 33 24 25 0 
76 10 45 31 36 0 
77 17 55 37 26 0 
78 12 62 27 38 0 
79 19 66 27 35 1 
80 10 62 29 46 2 
81 12 67 27 47 0 
82 11 81 25 45 0 
83 22 77 35 39 1 
84 26 88 33 49 0 
85 25 77 28 56 2 
86 12 96 32 54 3 
87 15 94 31 60 4 
88 30 100 37 52 8 
89 24 116 50 61 7 
90 28 121 57 63 5 
91 24 143 59 65 6 
92 31 122 48 74 8 
93 27 145 48 102 5 
94 33 152 67 93 10 
95 40 173 60 87 10 
96 31 149 85 88 12 
97 45 157 71 69 15 
98 43 186 73 98 10 
99 29 162 90 109 9 
100 28 178 96 116 13 
101 50 214 108 117 20 
102 32 185 84 95 13 
103 41 215 73 121 18 
104 45 232 92 128 7 
105 49 243 125 114 11 
106 44 248 84 124 16 
107 40 250 110 156 25 
108 49 275 113 157 14 
109 49 298 126 166 20 
110 53 291 143 147 20 
111 53 320 149 152 22 
112 51 351 145 150 12 
113 61 315 177 147 26 
114 59 356 227 145 21 
115 71 385 200 187 20 
116 73 403 211 181 25 
117 77 428 210 176 26 
118 78 390 207 230 32 
119 64 413 262 214 30 
120 90 436 238 212 34 
121 110 451 283 243 36 
122 93 495 244 266 30 
123 101 492 286 282 32 
124 112 538 282 302 33 
125 136 553 326 363 33 
126 130 557 344 326 33 
127 137 608 330 375 40 
128 130 685 339 366 38 
129 156 702 388 390 39 
130 156 703 394 409 41 
131 143 822 416 416 44 
132 165 842 472 441 36 
133 176 840 462 521 47 
134 195 918 457 529 49 
135 198 932 479 552 56 
136 230 1024 530 590 52 
137 223 1023 539 590 60 
138 226 1129 567 632 61 
139 231 1135 669 655 82 
140 233 1239 715 700 104 
141 275 1235 687 787 103 
142 305 1236 723 807 103 
143 292 1286 778 858 96 
144 314 1389 787 850 114 
145 356 1414 798 895 135 
146 362 1448 842 955 142 
147 370 1484 962 969 124 
148 378 1552 953 1011 146 
149 408 1605 1000 1046 137 
150 380 1653 1038 1123 157 
151 430 1691 1133 1213 159 
152 412 1724 1173 1272 145 
153 469 1924 1242 1270 160 
154 454 1945 1286 1270 187 
155 493 1963 1329 1434 173 
156 528 2043 1391 1502 201 
157 536 2043 1475 1637 207 
158 523 2139 1501 1642 242 
159 539 2231 1545 1801 229 
160 542 2269 1703 1860 269 
161 608 2451 1677 1974 262 
162 595 2504 1853 1962 295 
163 640 2636 1903 2134 297 
164 701 2606 1880 2202 328 
165 650 2719 2083 2253 294 
166 704 2826 2083 2388 356 
167 737 2902 2211 2482 323 
168 773 2927 2286 2602 346 
169 874 2961 2299 2765 373 
170 889 3187 2431 2888 374 
171 929 3158 2564 2810 415 
172 957 3233 2746 3105 400 
173 942 3449 2835 3044 439 
174 967 3355 2878 3263 419 
175 977 3454 2974 3360 473 
176 1102 3480 3174 3473 506 
177 1077 3591 3200 3573 466 
178 1182 3564 3260 3570 485 
179 1209 3696 3405 3706 558 
180 1200 3769 3399 3642 561 
181 1222 3765 3669 3956 564 
182 1273 3977 3713 3995 564 
183 1344 3894 3887 4026 593 
184 1312 3872 3920 4224 605 
185 1370 4001 3942 4300 619 
186 1387 4152 4062 4416 698 
187 1426 4164 4302 4542 668 
188 1525 4118 4411 4534 747 
189 1475 4227 4504 4676 806 
190 1508 4120 4549 4818 787 
191 1622 4205 4748 4852 750 
192 1695 4229 4722 5170 853 
193 1636 4197 4841 5041 842 
194 1703 4170 4748 5266 895 
195 1703 4249 5032 5167 919 
196 1747 4027 4997 5290 892 
197 1749 4022 5033 5159 989 
198 1747 4029 5194 5378 988 
199 1735 4024 5159 5567 1027 
200 1718 3996 5444 5333 1001 
201 1737 4047 5363 5447 998 
202 1712 3965 5228 5466 1061 
203 1746 3859 5342 5382 1006 
204 1805 3886 5311 5180 1038 
205 1774 3779 5406 5352 1006 
206 1784 3967 5467 5455 1041 
207 1707 3720 5414 5327 1074 
208 1697 3647 5399 5273 1041 
209 1747 3618 5350 5095 1058 
210 1730 3573 5493 5215 1010 
211 1668 3376 5315 5183 1077 
212 1684 3370 5281 5052 1051 
213 1678 3373 5212 5111 1007 
214 1677 3211 5142 5014 1055 
215 1613 3009 5144 4942 1019 
216 1642 3119 5139 4886 990 
217 1601 2823 5082 4948 1054 
218 1622 2889 5001 4778 1025 
219 1582 2741 4867 4671 1051 
220 1532 2835 4970 4653 1044 
221 1506 2721 4849 4665 1011 
222 1438 2676 4705 4477 992 
223 1446 2617 4801 4372 975 
224 1453 2494 4610 4301 975 
225 1421 2384 4344 4287 949 
226 1399 2382 4411 4166 931 
227 1438 2212 4283 4184 956 
228 1362 2244 4238 3951 910 
229 1345 2150 4125 3934 912 
230 1270 2117 4184 3787 932 
231 1311 1968 3962 3746 842 
232 1251 1959 3997 3610 814 
233 1232 1891 3815 3560 767 
234 1194 1805 3721 3461 754 
235 1123 1834 3669 3494 763 
236 1115 1718 3536 3264 691 
237 1126 1615 3393 3256 706 
238 1052 1583 3445 3063 715 
239 1014 1512 3345 3123 637 
240 976 1523 3169 2930 701 
241 987 1502 3147 2907 636 
242 999 1407 2902 2742 607 
243 969 1371 2959 2618 639 
244 910 1314 2833 2616 557 
245 861 1326 2744 2515 595 
246 870 1187 2747 2397 546 
247 866 1149 2610 2354 545 
248 750 1105 2543 2273 486 
249 781 1040 2457 2158 464 
250 721 1094 2289 2106 447 
251 784 1063 2244 2022 461 
252 699 1007 2099 1939 422 
253 696 1006 2015 1929 383 
254 693 924 2004 1873 389 
255 610 902 1904 1771 391 
256 597 815 1820 1733 343 
257 592 766 1697 1702 342 
258 554 747 1648 1610 367 
259 522 714 1546 1481 337 
260 495 655 1500 1445 322 
261 480 719 1446 1433 320 
262 454 608 1357 1372 314 
263 425 615 1357 1324 307 
264 446 538 1312 1238 259 
265 434 556 1248 1146 295 
266 434 516 1144 1120 274 
267 388 426 1118 1092 299 
268 388 419 1084 1082 290 
269 395 407 1047 978 235 
270 348 393 981 962 229 
271 331 374 1009 927 217 
272 294 341 989 879 208 
273 330 356 897 857 212 
274 286 301 844 847 182 
275 287 336 833 772 166 
276 269 286 784 753 154 
277 264 261 783 738 159 
278 222 266 738 676 138 
279 225 261 721 638 154 
280 218 253 657 644 116 
281 231 242 673 565 126 
282 228 214 619 515 128 
283 198 223 584 526 122 
284 191 211 550 530 120 
285 186 236 570 491 109 
286 159 177 518 511 97 
287 158 200 504 427 92 
288 167 202 424 494 89 
289 128 158 491 414 69 
290 126 207 472 395 75 
291 120 172 424 392 69 
292 123 127 371 376 67 
293 116 171 370 349 66 
294 117 138 360 341 53 
295 114 144 307 319 48 
296 97 137 313 332 54 
297 88 149 317 281 50 
298 94 113 265 276 50 
299 99 112 283 246 48 
300 98 109 270 275 46 
301 74 114 258 218 53 
302 75 87 243 223 48 
303 83 100 228 216 46 
304 78 105 225 226 46 
305 81 58 191 218 47 
306 46 80 197 188 40 
307 76 63 192 174 28 
308 69 77 191 163 34 
309 54 64 177 194 37 
310 63 68 204 161 36 
311 67 62 162 175 36 
312 71 72 182 172 33 
313 59 74 170 149 21 
314 59 76 153 144 27 
315 43 60 149 146 25 
316 59 56 124 145 22 
317 52 65 118 142 21 
318 47 54 122 145 25 
319 47 68 126 129 28 
320 55 58 116 124 20 
321 35 60 94 110 27 
322 36 59 105 118 20 
323 31 63 101 103 18 
324 32 68 99 98 14 
325 49 46 83 89 20 
326 40 42 93 104 22 
327 34 53 100 85 15 
328 36 54 99 91 18 
329 30 47 98 73 17 
330 40 34 81 66 11 
331 27 40 81 81 7 
332 27 37 72 81 10 
333 22 37 88 76 12 
334 34 34 82 68 9 
335 26 30 77 54 9 
336 22 41 63 76 11 
337 20 38 69 54 9 
338 16 37 67 59 7 
339 21 43 60 62 8 
340 25 32 76 33 5 
341 15 24 67 52 11 
342 20 24 59 30 10 
343 17 23 50 37 12 
344 15 18 49 38 8 
345 17 28 46 28 5 
346 17 15 52 34 5 
347 11 19 47 27 2 
348 3 24 55 31 3 
349 12 17 36 31 7 
350 7 13 38 35 9 
351 9 15 53 25 4 
352 7 8 38 25 6 
353 6 9 37 30 7 
354 9 12 37 17 7 
355 8 10 31 13 6 
356 14 17 38 13 10 
357 13 17 27 21 7 
358 15 12 26 21 4 
359 10 10 31 18 5 
360 6 16 20 9 7 
361 3 17 30 12 6 
362 10 15 32 11 5 
363 9 18 24 11 7 
364 11 12 21 12 7 
365 5 6 23 6 3 
366 6 12 22 9 8 
367 1 10 28 12 4 
368 1 18 19 12 6 
369 5 17 21 9 6 
370 5 15 21 11 8 
371 3 14 20 9 7 
372 7 10 9 7 5 
373 2 10 16 9 7 
374 2 14 14 4 2 
375 7 11 17 9 2 
376 2 17 24 4 1 
377 4 10 19 3 4 
378 2 8 13 5 2 
379 5 8 15 6 1 
380 3 12 26 6 3 
381 6 10 18 1 1 
382 4 6 10 2 6 
383 4 6 9 1 4 
384 2 6 18 4 0 
385 1 6 17 4 3 
386 4 7 11 3 3 
387 0 5 10 4 0 
388 4 9 12 5 1 
389 4 6 5 4 1 
390 2 3 3 6 1 
391 4 0 10 5 1 
392 4 3 6 12 0 
393 0 4 9 11 1 
394 2 3 7 10 1 
395 3 5 6 8 0 
396 3 5 5 3 0 
397 2 1 7 4 1 
398 2 3 3 6 0 
399 8 5 3 3 4 
400 1 4 4 5 0 
401 1 2 2 7 0 
402 0 4 3 1 3 
403 0 3 1 3 0 
404 1 2 1 5 0 
405 1 4 1 1 3 
406 0 1 3 1 3 
407 0 0 2 4 3 
408 0 2 3 2 1 
409 0 3 1 0 2 
410 0 2 1 0 3 
411 0 1 3 0 1 
412 0 4 3 0 1 
413 0 5 3 1 0 
414 0 2 3 1 0 
415 0 3 3 1 0 
416 0 1 2 1 0 
417 0 0 1 1 1 
418 0 1 2 0 0 
419 0 2 0 1 0 
420 0 2 1 0 0 
421 0 0 1 0 0 
422 0 0 0 0 0 
423 0 2 1 0 0 
424 0 1 0 0 0 
425 0 2 0 0 0 
426 0 0 0 0 0 
427 0 0 0 0 0 
