1 0 17 0 0 0 
2 0 19 0 0 0 
3 0 15 0 0 0 
4 0 11 0 0 0 
5 0 16 0 0 0 
6 0 13 0 0 0 
7 2 14 0 0 0 
8 2 13 0 2 0 
9 1 14 0 2 0 
10 1 11 0 0 0 
11 0 10 0 0 0 
12 0 8 0 0 0 
13 0 7 0 0 0 
14 0 11 0 1 0 
15 0 12 0 1 0 
16 0 16 0 2 0 
17 1 15 0 2 0 
18 1 19 0 1 0 
19 2 20 0 0 0 
20 3 22 1 0 0 
21 4 25 1 0 0 
22 4 26 1 0 0 
23 3 32 1 0 0 
24 3 27 0 0 0 
25 4 31 0 3 0 
26 3 35 0 3 0 
27 7 34 0 2 2 
28 7 30 0 2 1 
29 6 32 0 0 1 
30 3 36 0 0 1 
31 6 40 1 0 0 
32 7 44 2 3 0 
33 9 45 0 1 0 
34 8 47 1 1 0 
35 7 55 0 2 0 
36 9 75 1 5 0 
37 7 70 3 10 0 
38 5 67 3 9 0 
39 7 71 3 13 0 
40 13 73 3 9 1 
41 13 85 3 8 1 
42 11 80 3 6 1 
43 14 91 3 8 0 
44 15 88 4 12 0 
45 18 89 3 14 0 
46 20 100 1 14 0 
47 19 120 3 19 0 
48 18 122 3 26 0 
49 18 130 9 27 2 
50 21 129 11 30 3 
51 21 138 9 31 4 
52 19 152 15 29 7 
53 23 158 27 31 4 
54 29 182 31 28 3 
55 32 197 31 37 2 
56 40 197 39 47 3 
57 48 209 41 55 4 
58 39 211 45 60 2 
59 36 221 43 66 2 
60 38 219 47 65 3 
61 36 216 45 66 3 
62 35 231 48 75 3 
63 38 240 56 81 2 
64 40 241 58 95 2 
65 40 238 73 99 2 
66 45 251 88 108 2 
67 53 260 99 123 4 
68 48 268 100 129 6 
69 47 280 116 138 9 
70 40 320 134 150 9 
71 47 348 143 171 10 
72 51 370 143 189 9 
73 59 382 147 208 16 
74 74 409 143 213 13 
75 62 420 139 229 13 
76 67 430 143 249 14 
77 69 475 162 253 15 
78 75 476 183 245 14 
79 77 498 198 216 14 
80 82 504 214 233 16 
81 87 516 239 236 21 
82 85 542 240 264 21 
83 89 557 260 282 19 
84 89 592 286 290 15 
85 98 655 309 328 19 
86 110 690 342 339 21 
87 97 719 378 348 18 
88 98 733 378 350 24 
89 92 787 399 373 37 
90 101 822 406 396 40 
91 108 890 427 447 39 
92 118 990 454 457 46 
93 122 1086 502 494 54 
94 142 1125 524 511 62 
95 150 1204 586 535 63 
96 177 1260 632 545 60 
97 217 1325 674 582 65 
98 234 1397 706 602 73 
99 253 1464 784 640 82 
100 278 1534 812 662 90 
101 316 1588 851 698 95 
102 347 1658 895 714 101 
103 354 1716 943 767 107 
104 358 1757 995 818 116 
105 381 1871 1044 910 107 
106 376 1958 1081 979 116 
107 392 2070 1089 1030 132 
108 415 2159 1169 1105 142 
109 428 2249 1219 1189 139 
110 476 2394 1324 1250 155 
111 518 2550 1347 1278 168 
112 546 2724 1417 1365 197 
113 582 2825 1468 1391 212 
114 561 3002 1541 1439 222 
115 596 3099 1628 1522 246 
116 652 3344 1680 1609 257 
117 685 3489 1860 1734 276 
118 713 3626 1949 1924 289 
119 735 3734 2059 2043 305 
120 785 3858 2211 2106 309 
121 793 4081 2295 2235 322 
122 863 4255 2437 2297 331 
123 882 4359 2517 2458 331 
124 921 4496 2671 2560 356 
125 1002 4743 2741 2740 381 
126 1017 4988 2908 2913 393 
127 1000 5318 3006 3110 419 
128 1052 5583 3122 3307 430 
129 1104 5843 3281 3501 433 
130 1154 6063 3517 3646 456 
131 1211 6200 3584 3814 499 
132 1294 6499 3879 3985 515 
133 1372 6732 3967 4179 582 
134 1471 7027 4088 4312 605 
135 1531 7286 4207 4442 604 
136 1605 7509 4393 4735 674 
137 1649 7768 4675 4874 676 
138 1734 8066 4969 5108 700 
139 1869 8385 5288 5401 742 
140 1919 8681 5519 5643 802 
141 1982 8914 5804 5941 820 
142 2061 9255 5986 6218 832 
143 2123 9501 6232 6431 844 
144 2315 9751 6536 6672 875 
145 2287 9858 6854 6839 903 
146 2412 10025 7141 7124 965 
147 2526 10227 7431 7471 1042 
148 2596 10467 7690 7685 1084 
149 2714 10672 7845 7902 1141 
150 2804 10979 8039 8090 1191 
151 2930 11273 8270 8441 1264 
152 3016 11491 8499 8734 1266 
153 3088 11688 8870 8992 1311 
154 3207 11869 9128 9335 1345 
155 3323 12050 9339 9623 1388 
156 3339 12281 9707 9897 1399 
157 3531 12391 9927 10182 1456 
158 3586 12642 10129 10632 1542 
159 3712 12762 10519 10921 1546 
160 3786 12905 10858 11174 1637 
161 3891 12990 11089 11570 1720 
162 3988 13139 11400 11813 1795 
163 4014 13296 11745 12058 1799 
164 4173 13349 11970 12352 1892 
165 4175 13313 12250 12528 1975 
166 4249 13083 12577 12876 2055 
167 4349 13042 12844 13057 2133 
168 4320 12921 13049 13463 2232 
169 4480 12897 13331 13788 2278 
170 4492 12927 13759 13999 2277 
171 4641 12862 14003 14440 2328 
172 4766 12754 14272 14603 2332 
173 4786 12795 14492 14829 2446 
174 4789 12629 14685 15169 2517 
175 4823 12600 14747 15539 2575 
176 4913 12473 15085 15766 2630 
177 5040 12292 15184 15809 2654 
178 4980 12013 15262 15964 2739 
179 5005 11889 15321 16136 2762 
180 5118 11598 15499 16274 2844 
181 5114 11426 15600 16191 2897 
182 5208 11167 15731 16159 2884 
183 5203 11030 15624 16158 2879 
184 5235 10954 15734 16218 2853 
185 5140 10718 15823 16170 2883 
186 5196 10510 16051 16115 2933 
187 5106 10193 16023 16036 3011 
188 5094 10103 15981 16120 3046 
189 5102 9719 15832 16112 3021 
190 5038 9459 15770 15871 2996 
191 5047 9129 15432 15927 3054 
192 4940 8867 15356 15722 3017 
193 4798 8651 15329 15535 2978 
194 4827 8398 15189 15357 2935 
195 4778 8127 15146 15075 2992 
196 4746 7921 15074 15096 3031 
197 4645 7705 14905 14939 3012 
198 4558 7516 14701 14629 2998 
199 4518 7320 14578 14484 3010 
200 4438 7193 14412 14226 2969 
201 4356 6902 14106 13992 2986 
202 4278 6642 14163 13781 2964 
203 4283 6474 13840 13582 2931 
204 4158 6261 13689 13375 2852 
205 4117 6018 13275 13034 2769 
206 3982 5887 13009 12751 2662 
207 3881 5809 12843 12460 2669 
208 3840 5561 12550 12207 2593 
209 3716 5419 12349 11940 2543 
210 3591 5179 12007 11637 2522 
211 3528 5065 11781 11203 2480 
212 3490 4829 11555 10899 2361 
213 3460 4679 11181 10613 2362 
214 3436 4490 11066 10416 2282 
215 3364 4367 10730 10195 2215 
216 3318 4222 10464 9918 2179 
217 3220 4063 10184 9542 2182 
218 3113 3875 9877 9213 2147 
219 2967 3721 9518 8862 2037 
220 2910 3626 9322 8686 1981 
221 2734 3494 9100 8451 1904 
222 2655 3329 8721 8146 1825 
223 2572 3169 8416 7884 1741 
224 2499 3080 8035 7595 1661 
225 2437 3055 7724 7353 1612 
226 2248 2953 7604 7042 1561 
227 2215 2800 7297 6827 1523 
228 2187 2710 7046 6652 1477 
229 2080 2649 6985 6338 1468 
230 1991 2640 6589 6110 1408 
231 1950 2604 6477 5866 1338 
232 1937 2466 6300 5598 1305 
233 1863 2384 6076 5437 1280 
234 1789 2284 5773 5201 1186 
235 1679 2165 5544 4989 1110 
236 1650 2096 5369 4890 1070 
237 1612 2036 5205 4764 1021 
238 1537 1901 5077 4637 993 
239 1511 1834 4853 4417 900 
240 1488 1735 4668 4222 880 
241 1448 1677 4500 4071 843 
242 1343 1638 4364 3904 825 
243 1240 1571 4182 3765 789 
244 1211 1518 4038 3548 749 
245 1188 1433 3852 3356 707 
246 1171 1370 3682 3251 659 
247 1154 1396 3526 3089 634 
248 1094 1351 3417 3031 605 
249 1018 1254 3329 2998 581 
250 980 1241 3186 2853 587 
251 975 1211 3018 2746 567 
252 899 1189 2927 2562 547 
253 867 1176 2856 2499 505 
254 817 1139 2728 2308 475 
255 794 1079 2624 2254 483 
256 753 1056 2503 2169 461 
257 734 1026 2343 2127 439 
258 691 973 2230 2071 430 
259 657 913 2168 2005 420 
260 617 852 2090 1930 409 
261 642 813 1997 1845 404 
262 616 766 1914 1747 383 
263 587 748 1841 1642 374 
264 538 710 1758 1605 356 
265 520 674 1746 1485 321 
266 497 665 1683 1413 293 
267 477 623 1621 1397 277 
268 460 582 1549 1341 263 
269 431 555 1469 1258 246 
270 430 499 1413 1250 242 
271 415 447 1352 1181 237 
272 373 444 1324 1097 231 
273 346 405 1210 1037 218 
274 333 391 1188 1017 208 
275 344 381 1126 955 192 
276 343 366 1070 912 178 
277 332 347 1012 898 168 
278 313 328 979 860 153 
279 300 305 952 827 142 
280 302 306 884 787 130 
281 288 291 812 786 124 
282 283 266 814 744 118 
283 262 278 750 660 124 
284 228 262 717 623 124 
285 229 242 674 601 127 
286 214 226 652 543 116 
287 213 219 651 495 124 
288 189 214 610 443 125 
289 192 220 582 424 130 
290 172 218 583 412 124 
291 163 208 553 405 109 
292 160 192 525 379 109 
293 145 190 487 373 115 
294 136 195 463 343 107 
295 140 192 460 339 86 
296 127 180 441 327 65 
297 119 170 413 335 50 
298 127 143 396 320 51 
299 121 140 362 301 47 
300 116 137 359 277 37 
301 112 140 325 245 36 
302 105 131 299 243 30 
303 109 120 264 219 26 
304 100 119 242 214 20 
305 86 107 241 193 20 
306 84 97 222 185 21 
307 74 89 227 168 20 
308 74 87 226 156 17 
309 75 85 237 147 18 
310 59 72 216 144 13 
311 51 63 198 155 14 
312 41 68 189 159 17 
313 36 76 170 157 21 
314 32 78 160 138 21 
315 24 83 148 133 27 
316 17 70 149 126 25 
317 20 68 154 119 28 
318 17 68 166 118 29 
319 25 66 152 127 28 
320 37 56 133 131 23 
321 33 54 132 116 26 
322 33 46 125 111 22 
323 35 50 129 108 19 
324 33 48 108 100 14 
325 30 46 106 92 10 
326 34 51 89 81 9 
327 42 44 103 82 10 
328 46 33 96 79 7 
329 40 30 86 77 8 
330 39 28 96 73 6 
331 28 27 95 61 7 
332 21 22 83 57 7 
333 20 18 77 47 6 
334 21 15 80 42 8 
335 15 15 78 41 9 
336 13 9 81 42 10 
337 10 13 72 41 9 
338 9 13 72 40 10 
339 7 17 77 43 9 
340 2 17 78 36 11 
341 7 14 85 37 13 
342 5 13 82 37 13 
343 7 10 72 28 11 
344 8 8 63 27 9 
345 8 7 60 29 3 
346 12 8 54 28 2 
347 12 8 51 28 2 
348 11 7 46 22 2 
349 10 8 51 19 2 
350 7 8 49 19 3 
351 10 9 51 18 4 
352 11 8 44 16 5 
353 10 9 38 12 5 
354 12 6 35 8 5 
355 17 12 42 8 5 
356 15 16 36 9 2 
357 13 20 32 11 2 
358 8 17 36 15 2 
359 12 18 45 18 1 
360 12 15 49 22 0 
361 7 15 46 23 0 
362 5 13 46 27 1 
363 2 16 48 28 1 
364 3 21 43 28 6 
365 1 21 43 21 8 
366 1 24 41 21 11 
367 0 20 35 22 8 
368 0 17 35 18 8 
369 1 19 44 16 4 
370 1 20 26 18 7 
371 3 17 22 19 2 
372 2 17 24 15 2 
373 1 15 26 11 2 
374 2 16 24 14 2 
375 2 16 20 8 4 
376 2 21 17 6 6 
377 2 20 13 6 5 
378 3 20 9 5 2 
379 1 17 9 5 1 
380 1 19 9 7 1 
381 3 18 6 6 1 
382 3 21 7 4 1 
383 2 25 9 4 1 
384 4 21 9 7 1 
385 2 19 5 5 1 
386 1 20 4 5 0 
387 1 22 5 5 0 
388 1 21 5 8 0 
389 2 20 5 5 0 
390 2 22 5 4 0 
391 1 18 5 5 0 
392 2 16 4 6 0 
393 4 16 3 7 0 
394 4 14 3 7 0 
395 3 14 3 5 0 
396 2 13 3 6 0 
397 2 13 1 6 0 
398 2 11 1 8 0 
399 2 11 1 8 0 
400 2 10 4 8 0 
401 3 12 3 7 0 
402 3 10 1 8 0 
403 3 10 2 6 0 
404 3 12 1 7 0 
405 5 5 1 7 0 
406 4 4 0 6 0 
407 2 4 1 5 0 
408 1 2 1 3 0 
409 0 1 1 3 0 
410 0 1 0 0 0 
411 0 1 0 0 0 
412 0 1 0 0 0 
413 0 1 0 0 0 
414 0 1 0 0 0 
415 0 1 0 0 0 
416 0 1 0 0 0 
417 0 1 0 0 0 
418 0 0 0 0 0 
