1 0 1 0 0 0 
2 0 1 0 0 0 
3 0 0 0 0 0 
4 0 1 0 0 0 
5 0 0 0 0 0 
6 0 0 0 0 0 
7 0 1 0 0 0 
8 0 0 0 0 0 
9 0 0 0 0 0 
10 0 2 0 0 0 
11 0 0 0 0 0 
12 1 1 0 0 0 
13 0 0 0 1 0 
14 0 0 1 1 0 
15 0 1 0 0 0 
16 0 1 0 0 0 
17 0 0 3 0 0 
18 0 1 3 0 0 
19 0 1 1 0 0 
20 0 1 2 0 0 
21 0 2 4 0 0 
22 0 3 0 1 0 
23 0 0 7 0 0 
24 1 1 4 1 0 
25 1 5 4 1 0 
26 0 2 2 0 0 
27 2 2 0 0 0 
28 2 3 4 0 0 
29 0 6 3 0 0 
30 2 6 1 2 0 
31 0 3 1 0 0 
32 2 1 1 0 0 
33 0 4 3 0 0 
34 0 6 5 0 0 
35 1 5 5 0 0 
36 0 4 5 1 0 
37 2 3 1 1 0 
38 1 4 1 0 0 
39 0 5 2 2 0 
40 1 3 4 2 0 
41 3 4 5 2 0 
42 4 1 1 2 0 
43 1 1 2 1 0 
44 2 4 0 5 0 
45 0 1 1 1 0 
46 0 7 2 2 0 
47 1 3 1 5 0 
48 1 6 1 4 0 
49 2 11 1 4 0 
50 3 8 7 15 0 
51 3 4 5 6 0 
52 1 8 4 11 0 
53 2 5 6 5 0 
54 2 8 11 10 0 
55 4 8 6 12 0 
56 2 15 5 12 1 
57 4 7 6 13 0 
58 0 12 14 9 0 
59 0 10 19 9 0 
60 2 12 5 13 0 
61 3 16 10 15 0 
62 2 19 9 16 0 
63 4 18 9 18 0 
64 2 12 16 14 2 
65 1 20 9 23 1 
66 3 30 11 13 0 
67 2 15 10 13 0 
68 6 13 11 13 0 
69 6 20 8 16 1 
70 9 24 6 13 1 
71 10 25 12 30 0 
72 5 29 13 22 0 
73 4 27 21 28 0 
74 5 29 16 13 1 
75 0 47 9 22 0 
76 5 30 24 20 0 
77 6 29 14 22 0 
78 4 28 15 23 1 
79 2 30 23 29 1 
80 4 28 17 29 1 
81 11 34 13 34 0 
82 9 43 13 39 2 
83 7 46 15 42 0 
84 10 47 23 40 2 
85 11 43 28 48 2 
86 12 43 22 47 0 
87 21 57 20 57 1 
88 17 47 28 52 2 
89 16 47 29 54 1 
90 9 60 30 55 0 
91 16 44 29 72 1 
92 19 46 36 56 0 
93 21 50 36 54 0 
94 11 61 54 70 0 
95 22 71 46 72 0 
96 26 66 46 84 0 
97 26 76 48 77 1 
98 26 79 54 93 3 
99 23 92 71 89 0 
100 26 87 81 110 1 
101 30 115 77 100 3 
102 39 106 77 97 3 
103 27 110 88 102 3 
104 26 115 61 119 5 
105 40 116 93 118 2 
106 32 102 97 111 3 
107 43 124 95 136 7 
108 40 137 96 120 15 
109 31 147 111 121 8 
110 49 148 111 127 10 
111 41 156 106 153 20 
112 44 172 117 153 16 
113 45 159 113 170 22 
114 47 175 156 168 20 
115 69 159 146 172 18 
116 68 169 165 176 26 
117 58 172 141 195 23 
118 36 213 151 206 19 
119 57 182 185 205 23 
120 55 223 172 214 21 
121 64 227 194 194 25 
122 59 203 182 244 35 
123 79 260 197 199 29 
124 77 280 212 238 27 
125 89 312 231 267 24 
126 98 274 247 267 24 
127 93 299 253 275 29 
128 87 307 269 310 39 
129 88 339 295 291 39 
130 108 339 307 308 35 
131 109 371 337 323 28 
132 126 404 360 389 32 
133 117 415 381 397 38 
134 117 403 386 432 44 
135 139 429 358 460 48 
136 157 428 416 483 46 
137 143 498 436 488 44 
138 166 532 459 529 65 
139 171 578 489 581 71 
140 202 645 537 623 62 
141 215 616 475 630 69 
142 194 724 545 592 79 
143 210 718 492 664 92 
144 234 752 582 685 75 
145 210 811 600 723 80 
146 217 870 623 772 79 
147 234 861 719 844 96 
148 235 938 728 878 81 
149 257 960 763 931 88 
150 266 1055 794 957 114 
151 286 1115 837 993 102 
152 327 1173 876 1096 97 
153 348 1194 916 1129 130 
154 364 1236 950 1207 132 
155 361 1326 971 1271 126 
156 355 1413 982 1317 120 
157 354 1531 1088 1293 131 
158 402 1590 1102 1410 140 
159 387 1616 1094 1428 176 
160 468 1746 1227 1490 182 
161 470 1822 1265 1570 194 
162 429 1839 1274 1628 190 
163 520 1876 1397 1682 196 
164 521 1908 1372 1640 240 
165 565 1979 1434 1769 239 
166 602 2154 1550 1883 251 
167 602 2260 1582 1985 250 
168 597 2334 1635 2069 267 
169 606 2287 1689 2213 282 
170 658 2482 1767 2238 273 
171 646 2516 1815 2305 280 
172 708 2712 1955 2334 288 
173 784 2906 2054 2504 304 
174 761 2982 2071 2551 291 
175 804 3067 2133 2618 327 
176 786 3142 2329 2806 323 
177 894 3216 2346 2768 365 
178 933 3337 2315 2841 381 
179 967 3476 2526 2878 413 
180 921 3574 2541 2891 412 
181 963 3577 2588 2969 452 
182 964 3681 2803 3281 456 
183 1026 3678 2800 3231 475 
184 1062 3940 2907 3462 494 
185 1141 4105 3014 3425 527 
186 1187 3990 3152 3466 561 
187 1208 4208 3315 3568 561 
188 1210 4256 3345 3671 561 
189 1228 4152 3449 3859 601 
190 1315 4366 3543 3887 633 
191 1298 4365 3678 4019 659 
192 1393 4335 3680 4236 647 
193 1381 4413 3784 4090 649 
194 1432 4425 3803 4331 700 
195 1409 4472 3980 4293 694 
196 1432 4429 3970 4324 821 
197 1453 4487 4106 4430 761 
198 1525 4493 4215 4524 821 
199 1514 4550 4288 4564 802 
200 1534 4497 4407 4696 800 
201 1502 4566 4552 4663 829 
202 1574 4438 4605 4671 843 
203 1585 4375 4517 4803 850 
204 1572 4518 4535 4772 852 
205 1627 4457 4739 4762 920 
206 1683 4448 4709 5035 913 
207 1657 4417 4919 5047 955 
208 1642 4375 4945 5033 1048 
209 1753 4453 4945 4985 959 
210 1686 4259 4983 5026 1040 
211 1708 4210 4911 4922 1023 
212 1723 4060 4846 5089 1064 
213 1711 3920 5013 5017 1107 
214 1784 3929 5112 4962 1035 
215 1718 3816 5129 5075 1028 
216 1623 3792 5147 4927 1016 
217 1706 3922 5099 4998 1031 
218 1771 3719 5069 4949 1046 
219 1769 3539 5022 4918 1012 
220 1736 3474 5073 5038 1039 
221 1780 3416 5007 4953 1105 
222 1652 3429 4944 4860 1077 
223 1701 3299 5008 4907 1061 
224 1592 3166 4914 4762 1062 
225 1616 3087 4896 4693 1060 
226 1629 2997 4808 4557 1084 
227 1585 2886 4909 4517 1000 
228 1563 2897 4847 4332 1042 
229 1508 2773 4697 4237 999 
230 1466 2705 4593 4219 994 
231 1451 2711 4529 4146 974 
232 1494 2616 4579 4076 908 
233 1415 2508 4367 3984 911 
234 1467 2376 4311 3826 884 
235 1322 2310 4312 3817 893 
236 1362 2280 4123 3686 907 
237 1292 2252 3984 3687 858 
238 1303 2088 3985 3696 866 
239 1298 2035 3862 3578 809 
240 1238 1938 3696 3384 716 
241 1145 2006 3678 3380 783 
242 1096 1847 3484 3312 767 
243 1126 1772 3482 3281 752 
244 1053 1706 3383 3161 689 
245 1052 1710 3333 3075 617 
246 1031 1560 3235 2953 637 
247 1038 1627 3230 2907 633 
248 971 1515 3130 2734 615 
249 1003 1457 3025 2766 581 
250 982 1381 3069 2627 610 
251 896 1333 2895 2473 573 
252 922 1289 2788 2390 576 
253 883 1227 2722 2247 571 
254 844 1172 2656 2249 577 
255 778 1179 2608 2190 506 
256 745 1108 2425 2185 458 
257 705 1019 2446 2055 440 
258 748 979 2257 2039 425 
259 728 1017 2313 1974 420 
260 669 903 2175 1875 428 
261 664 842 2133 1800 384 
262 598 814 2110 1790 377 
263 597 814 1995 1685 420 
264 553 758 1964 1651 390 
265 573 737 1858 1625 353 
266 595 653 1813 1488 313 
267 535 703 1706 1437 328 
268 531 588 1636 1464 329 
269 546 594 1592 1348 258 
270 529 607 1601 1326 293 
271 415 576 1440 1315 312 
272 431 503 1516 1260 259 
273 438 491 1423 1160 269 
274 403 497 1400 1188 281 
275 395 425 1365 1110 278 
276 357 410 1258 1053 263 
277 358 424 1169 1003 253 
278 332 410 1162 959 235 
279 377 384 1092 917 216 
280 357 392 1091 941 209 
281 337 360 1050 855 210 
282 331 320 1042 798 213 
283 311 310 954 762 220 
284 296 286 867 776 180 
285 280 250 942 746 185 
286 276 286 849 683 167 
287 251 252 863 688 165 
288 268 270 810 692 159 
289 230 227 763 615 169 
290 242 218 660 627 140 
291 214 201 711 597 137 
292 195 185 627 574 130 
293 192 198 596 554 117 
294 184 184 591 540 105 
295 169 186 552 493 82 
296 157 158 519 437 94 
297 173 157 481 435 95 
298 163 152 514 414 97 
299 145 149 485 406 94 
300 142 123 439 392 96 
301 139 120 456 400 96 
302 135 140 424 380 81 
303 126 109 399 368 86 
304 111 110 401 352 75 
305 127 107 358 317 73 
306 121 100 339 283 75 
307 113 77 330 292 65 
308 101 120 356 303 55 
309 102 118 319 275 56 
310 82 99 306 278 57 
311 80 97 276 243 45 
312 67 91 271 236 50 
313 82 78 285 217 52 
314 73 102 272 215 50 
315 71 74 247 190 43 
316 69 75 230 209 42 
317 64 70 249 188 36 
318 52 62 234 182 45 
319 60 63 230 158 49 
320 54 58 208 152 51 
321 57 60 200 156 29 
322 53 70 172 149 47 
323 72 62 154 128 34 
324 63 67 171 133 38 
325 55 48 169 132 32 
326 44 51 158 124 25 
327 55 51 140 110 22 
328 41 48 141 118 21 
329 63 42 137 101 21 
330 38 40 140 128 30 
331 43 40 124 131 25 
332 31 38 121 108 20 
333 32 45 141 85 22 
334 41 39 114 89 25 
335 35 38 96 81 14 
336 37 29 113 79 15 
337 30 25 84 78 15 
338 42 26 92 75 20 
339 29 20 96 80 10 
340 29 31 96 71 11 
341 32 22 79 68 12 
342 30 21 86 64 8 
343 37 19 81 77 8 
344 22 24 64 69 11 
345 25 24 75 69 5 
346 27 25 65 39 6 
347 30 26 69 60 7 
348 16 26 52 61 4 
349 15 28 60 44 7 
350 15 20 41 46 6 
351 18 20 46 42 3 
352 23 5 37 39 3 
353 23 18 43 50 2 
354 14 15 44 43 2 
355 14 31 40 45 4 
356 20 19 37 38 3 
357 12 11 32 38 7 
358 6 15 31 45 7 
359 8 12 34 36 2 
360 8 13 35 36 6 
361 16 12 33 25 3 
362 10 11 46 31 2 
363 10 7 37 29 2 
364 6 19 32 33 8 
365 7 9 36 39 3 
366 10 12 33 23 7 
367 6 7 30 30 3 
368 9 11 24 25 3 
369 9 10 27 26 2 
370 9 9 29 21 6 
371 11 10 30 24 5 
372 3 2 18 19 4 
373 3 6 21 18 2 
374 9 4 25 20 4 
375 12 4 17 16 1 
376 4 8 23 15 1 
377 2 4 19 14 0 
378 7 3 10 20 1 
379 7 5 9 12 2 
380 9 3 12 8 4 
381 5 7 12 10 2 
382 5 3 13 13 0 
383 11 6 11 6 0 
384 7 5 8 8 0 
385 4 3 12 3 0 
386 1 2 19 13 0 
387 2 4 13 3 1 
388 0 3 10 9 0 
389 1 1 13 7 0 
390 1 5 15 8 0 
391 0 1 9 8 0 
392 0 3 8 5 0 
393 0 2 10 4 0 
394 1 2 9 7 1 
395 0 2 14 8 0 
396 1 1 7 6 0 
397 1 2 6 12 0 
398 3 2 12 6 0 
399 0 3 10 8 0 
400 4 3 8 7 0 
401 0 2 9 4 0 
402 1 4 8 3 0 
403 1 3 10 6 0 
404 0 5 4 9 0 
405 2 2 9 7 0 
406 1 1 6 5 0 
407 0 2 2 10 0 
408 4 3 4 4 0 
409 1 1 4 7 0 
410 0 1 8 11 0 
411 0 2 8 2 0 
412 1 7 5 4 0 
413 1 1 5 1 0 
414 0 1 5 1 0 
415 0 1 6 2 0 
416 1 0 9 2 0 
417 0 2 4 0 0 
418 0 0 7 3 0 
419 0 0 7 2 2 
420 0 2 9 1 0 
421 0 0 3 0 4 
422 1 1 7 4 1 
423 3 2 2 2 2 
424 1 1 5 0 1 
425 0 0 4 2 0 
426 0 0 2 1 0 
427 1 1 0 1 3 
428 0 1 1 2 1 
429 0 1 4 0 0 
430 0 0 1 2 1 
431 0 0 0 2 1 
432 0 0 1 1 0 
433 1 0 0 1 0 
434 0 0 2 0 0 
435 0 0 0 0 0 
436 0 0 1 0 0 
437 0 0 1 0 0 
438 0 0 1 0 0 
439 0 0 0 0 0 
440 0 0 1 0 0 
441 0 0 1 0 0 
442 0 0 0 0 0 
443 0 0 0 0 0 
444 0 0 0 0 0 
