1 0 12 0 1 0 
2 1 13 0 0 0 
3 0 18 0 0 0 
4 0 14 0 0 0 
5 0 11 0 0 0 
6 0 8 0 0 0 
7 0 12 0 0 0 
8 0 20 0 0 0 
9 0 23 0 0 0 
10 0 30 0 0 0 
11 0 30 0 0 0 
12 0 24 0 0 0 
13 0 28 1 1 0 
14 0 28 1 1 0 
15 0 29 1 2 0 
16 0 31 1 1 0 
17 1 29 1 2 0 
18 1 32 1 3 0 
19 3 31 0 5 0 
20 2 38 0 4 0 
21 3 36 0 4 0 
22 2 39 1 5 0 
23 3 50 4 6 0 
24 4 51 2 10 0 
25 3 68 2 12 0 
26 4 80 2 12 0 
27 4 80 2 10 0 
28 3 78 4 14 0 
29 6 71 3 13 0 
30 4 84 4 12 0 
31 5 98 6 15 0 
32 11 97 6 12 0 
33 10 96 8 14 0 
34 10 107 6 12 0 
35 11 119 5 10 0 
36 12 134 4 9 0 
37 13 142 6 14 0 
38 19 152 7 17 0 
39 19 176 5 14 1 
40 24 168 5 10 1 
41 19 176 6 12 1 
42 24 172 12 11 1 
43 22 176 14 12 1 
44 21 170 18 18 1 
45 22 190 29 27 4 
46 29 205 38 32 8 
47 27 213 44 32 9 
48 31 223 52 33 14 
49 30 236 54 46 12 
50 36 266 76 50 14 
51 33 265 81 52 12 
52 36 263 77 57 18 
53 41 273 86 52 15 
54 37 279 92 65 18 
55 43 283 102 74 19 
56 40 295 110 79 18 
57 51 308 108 93 23 
58 51 313 112 111 27 
59 54 313 123 129 25 
60 47 331 138 131 23 
61 60 360 144 135 22 
62 69 378 141 141 27 
63 77 395 143 146 31 
64 81 414 180 147 38 
65 89 434 190 154 36 
66 101 424 205 169 37 
67 97 415 221 182 38 
68 114 440 237 194 36 
69 114 474 253 203 41 
70 129 482 273 209 43 
71 153 484 283 208 44 
72 152 524 285 214 50 
73 144 607 278 238 52 
74 151 640 287 290 49 
75 158 693 336 297 45 
76 175 709 376 321 56 
77 173 752 399 338 55 
78 167 804 426 358 59 
79 173 796 492 372 79 
80 184 827 563 397 93 
81 192 869 560 465 92 
82 191 888 591 508 101 
83 190 921 595 543 105 
84 196 965 628 559 106 
85 209 996 641 571 108 
86 198 1076 660 579 124 
87 210 1120 697 599 145 
88 218 1178 732 635 142 
89 216 1225 776 646 163 
90 225 1289 784 736 191 
91 245 1417 835 763 191 
92 247 1464 875 780 206 
93 264 1527 942 827 222 
94 301 1626 1005 876 260 
95 302 1713 1068 925 262 
96 308 1775 1138 980 255 
97 341 1929 1165 1037 255 
98 357 1999 1250 1053 273 
99 375 2142 1342 1140 276 
100 414 2248 1365 1183 287 
101 434 2328 1415 1320 308 
102 480 2465 1474 1367 295 
103 520 2557 1493 1421 301 
104 579 2685 1569 1564 292 
105 637 2796 1592 1645 310 
106 640 2943 1740 1770 333 
107 660 3094 1838 1836 348 
108 671 3282 1949 1977 356 
109 754 3458 2073 2040 387 
110 783 3669 2132 2148 387 
111 829 3778 2280 2328 434 
112 862 3861 2425 2344 458 
113 877 4047 2548 2460 450 
114 931 4092 2646 2593 484 
115 952 4222 2711 2794 513 
116 992 4475 2779 2944 530 
117 1038 4694 2976 3073 541 
118 1105 4739 3186 3289 568 
119 1129 4985 3395 3417 570 
120 1218 5263 3593 3545 597 
121 1266 5498 3707 3782 595 
122 1275 5735 3839 3927 607 
123 1376 6055 4057 4136 665 
124 1420 6337 4218 4318 715 
125 1448 6578 4439 4463 759 
126 1523 6683 4512 4780 772 
127 1557 6969 4704 4898 842 
128 1544 7192 4906 5102 903 
129 1645 7422 5029 5389 933 
130 1748 7736 5218 5638 942 
131 1880 7974 5463 5920 1002 
132 1898 8160 5736 6172 1058 
133 2013 8294 6023 6402 1144 
134 2101 8594 6239 6687 1137 
135 2207 8797 6612 6923 1184 
136 2211 9148 6875 7195 1223 
137 2296 9392 7167 7479 1296 
138 2355 9690 7360 7855 1345 
139 2494 9927 7581 8224 1434 
140 2572 10173 7805 8470 1424 
141 2719 10253 8055 8690 1439 
142 2829 10624 8292 8982 1489 
143 2881 10821 8677 9244 1518 
144 2920 11132 8949 9539 1570 
145 2923 11340 9227 9887 1628 
146 2946 11549 9573 10209 1722 
147 3132 11780 9807 10412 1748 
148 3242 11971 10117 10604 1828 
149 3346 12071 10235 11054 1906 
150 3455 12358 10533 11385 1903 
151 3565 12309 10830 11566 1914 
152 3769 12344 11027 11847 2003 
153 3821 12568 11341 12134 2068 
154 3944 12666 11579 12475 2117 
155 4052 12791 11862 12641 2186 
156 4224 12924 12163 12895 2223 
157 4215 12966 12255 13276 2269 
158 4257 13123 12594 13509 2284 
159 4333 13202 12813 13703 2297 
160 4462 13035 13142 13833 2356 
161 4539 12992 13341 14141 2434 
162 4620 12965 13673 14382 2491 
163 4722 12784 13857 14452 2531 
164 4846 12541 14218 14713 2595 
165 4819 12369 14408 14900 2604 
166 4858 12225 14472 15053 2605 
167 4950 12253 14636 15195 2675 
168 4952 12071 14523 15292 2714 
169 4987 12076 14593 15210 2789 
170 4988 11891 14691 15364 2793 
171 4975 11554 14842 15297 2867 
172 4940 11457 14906 15295 2828 
173 4874 11320 15150 15324 2870 
174 4910 11144 15225 15286 2945 
175 4860 10952 15244 15328 2963 
176 5016 10658 15279 15115 2959 
177 4976 10307 15248 15120 2962 
178 5041 10153 15269 15027 2950 
179 4939 10011 15157 15005 2979 
180 4793 9818 15062 15124 3031 
181 4677 9608 15193 14871 3099 
182 4736 9469 14927 14720 3014 
183 4697 9342 14740 14748 3030 
184 4641 9178 14637 14625 3035 
185 4625 8998 14485 14592 3031 
186 4627 8762 14260 14389 2980 
187 4500 8538 14335 14257 2934 
188 4395 8308 14029 13846 2837 
189 4364 8202 13766 13570 2794 
190 4256 7991 13762 13532 2697 
191 4145 7715 13542 13361 2648 
192 4129 7549 13324 13197 2639 
193 4020 7262 13077 12963 2601 
194 3891 7011 12718 12768 2513 
195 3863 6701 12426 12549 2410 
196 3767 6512 12196 12238 2409 
197 3688 6352 11824 11887 2331 
198 3647 6173 11679 11515 2276 
199 3511 6062 11476 11163 2265 
200 3366 5898 11363 10897 2260 
201 3278 5717 11186 10534 2216 
202 3253 5498 10798 10410 2169 
203 3205 5220 10528 10176 2115 
204 3176 5114 10237 9875 2086 
205 3204 4911 9963 9686 2002 
206 3157 4738 9783 9482 1969 
207 3121 4566 9519 9316 1897 
208 3143 4347 9257 9006 1838 
209 3073 4192 9138 8747 1764 
210 3017 3966 8974 8521 1722 
211 2928 3726 8631 8244 1607 
212 2884 3662 8346 7974 1585 
213 2794 3518 8041 7679 1557 
214 2720 3366 7840 7378 1537 
215 2628 3303 7491 7187 1527 
216 2446 3227 7219 6846 1498 
217 2381 3102 6962 6683 1474 
218 2290 2946 6773 6451 1387 
219 2236 2942 6584 6170 1333 
220 2240 2865 6301 6003 1290 
221 2166 2702 6116 5744 1242 
222 2166 2597 5884 5614 1202 
223 2051 2497 5746 5510 1154 
224 1961 2364 5526 5328 1122 
225 1891 2291 5310 5099 1066 
226 1791 2261 5079 4956 990 
227 1741 2166 4917 4766 934 
228 1721 2046 4642 4612 899 
229 1643 1924 4476 4433 815 
230 1577 1878 4333 4272 774 
231 1530 1775 4195 4170 774 
232 1483 1657 4098 3981 728 
233 1393 1616 3953 3876 728 
234 1298 1563 3722 3650 702 
235 1248 1496 3634 3499 703 
236 1211 1448 3573 3281 680 
237 1159 1428 3385 3249 651 
238 1105 1440 3301 3049 641 
239 1085 1377 3167 3010 605 
240 1049 1345 3066 2906 607 
241 1007 1299 2875 2797 568 
242 974 1234 2773 2669 573 
243 931 1171 2628 2514 566 
244 898 1165 2529 2363 530 
245 843 1143 2441 2225 503 
246 831 1084 2342 2094 465 
247 791 1060 2277 1980 467 
248 775 969 2148 1908 449 
249 730 983 2108 1801 425 
250 680 974 2006 1731 420 
251 672 961 1958 1699 410 
252 673 876 1912 1659 419 
253 607 783 1830 1577 402 
254 606 726 1739 1499 370 
255 596 671 1652 1417 326 
256 554 676 1522 1363 301 
257 527 615 1497 1358 276 
258 522 610 1427 1344 277 
259 480 572 1380 1215 261 
260 433 550 1357 1173 256 
261 432 542 1275 1132 239 
262 417 533 1215 1138 223 
263 376 554 1200 1083 221 
264 357 545 1124 1018 194 
265 360 521 1092 947 177 
266 340 451 1054 927 171 
267 333 430 1004 920 173 
268 327 419 948 944 171 
269 327 397 930 897 149 
270 317 372 889 867 144 
271 313 368 891 840 117 
272 294 350 851 795 112 
273 281 348 815 774 103 
274 266 319 787 761 104 
275 260 333 766 742 90 
276 216 323 738 723 86 
277 225 307 705 671 88 
278 218 272 662 637 82 
279 207 244 631 579 69 
280 183 242 590 556 73 
281 184 228 546 535 67 
282 167 224 534 490 52 
283 151 205 505 450 48 
284 150 191 492 432 51 
285 144 177 473 415 47 
286 151 162 436 401 47 
287 146 146 431 386 50 
288 142 139 419 376 50 
289 132 139 385 367 59 
290 134 136 372 352 52 
291 128 119 361 349 46 
292 128 111 327 369 41 
293 115 95 313 358 37 
294 97 97 299 349 37 
295 99 101 284 320 41 
296 97 100 292 292 35 
297 87 93 291 286 27 
298 79 88 270 292 27 
299 74 86 254 266 22 
300 72 86 251 241 19 
301 66 87 248 218 21 
302 59 72 217 216 22 
303 60 68 190 199 19 
304 61 62 182 190 18 
305 63 58 169 189 14 
306 49 53 186 184 16 
307 52 44 198 190 14 
308 50 40 180 196 13 
309 48 34 163 170 15 
310 49 38 176 160 18 
311 52 37 173 144 16 
312 48 37 152 131 12 
313 47 39 135 105 12 
314 42 36 128 109 15 
315 43 38 118 117 16 
316 39 42 109 110 14 
317 46 42 105 97 12 
318 51 32 92 103 14 
319 45 34 88 104 18 
320 46 35 85 103 13 
321 41 39 75 98 14 
322 44 35 79 99 11 
323 45 33 78 106 14 
324 44 31 67 109 13 
325 48 30 62 111 15 
326 39 29 54 94 18 
327 39 29 41 89 20 
328 37 28 40 76 13 
329 42 32 39 82 8 
330 37 30 30 82 12 
331 31 32 29 68 13 
332 30 29 21 70 13 
333 25 23 23 64 10 
334 21 27 28 47 11 
335 21 36 25 36 10 
336 20 28 26 47 11 
337 19 27 28 41 9 
338 18 23 26 43 7 
339 18 15 20 37 5 
340 17 12 15 37 3 
341 16 9 12 34 4 
342 12 6 13 33 3 
343 14 4 11 26 3 
344 9 2 14 23 1 
345 8 2 17 16 1 
346 9 3 12 13 0 
347 5 4 10 11 1 
348 5 4 6 10 0 
349 5 4 9 11 0 
350 6 7 10 13 0 
351 5 5 7 13 0 
352 5 4 3 14 0 
353 3 3 3 13 0 
354 2 3 3 9 0 
355 2 2 4 6 0 
356 2 3 4 5 0 
357 1 1 4 7 0 
358 1 0 5 12 0 
359 1 0 4 8 0 
360 2 0 1 3 0 
361 0 0 1 2 0 
362 0 0 1 3 0 
363 0 0 1 6 0 
364 0 0 2 7 0 
365 0 0 2 5 0 
366 0 0 2 7 0 
367 0 1 3 6 0 
368 0 1 0 7 0 
369 0 1 0 8 0 
370 0 2 0 9 0 
371 0 1 0 4 0 
372 0 0 0 6 0 
373 0 0 0 4 0 
374 0 0 0 4 0 
375 0 0 0 3 0 
376 0 0 0 3 0 
377 0 0 0 4 0 
378 0 0 0 5 0 
379 0 0 0 10 0 
380 0 0 0 12 0 
381 0 0 0 12 0 
382 0 0 0 12 0 
383 0 0 0 9 0 
384 0 0 0 6 0 
385 0 0 0 12 0 
386 0 0 0 8 0 
387 0 0 0 12 0 
388 0 0 1 12 0 
389 0 0 1 10 1 
390 0 0 0 10 1 
391 0 0 0 7 2 
392 0 0 0 7 2 
393 0 1 0 6 3 
394 0 0 0 10 3 
395 0 0 0 13 2 
396 0 0 0 11 4 
397 0 0 0 10 2 
398 0 0 0 11 1 
399 0 0 0 8 1 
400 0 0 1 7 1 
401 0 0 1 7 1 
402 0 0 1 8 2 
403 1 0 1 6 3 
404 0 0 1 7 2 
405 0 0 1 6 1 
406 0 0 1 6 0 
407 0 0 0 6 0 
408 0 0 0 7 0 
409 0 0 0 11 0 
410 0 0 1 8 0 
411 0 0 1 5 0 
412 0 0 1 3 0 
413 0 0 1 3 0 
414 1 0 1 2 0 
415 2 0 0 0 0 
416 3 0 0 0 0 
417 1 0 0 0 0 
418 1 0 0 0 0 
419 0 0 0 0 0 
