1 0 14 0 0 0 
2 0 16 0 0 0 
3 0 18 1 0 0 
4 0 15 1 0 0 
5 0 18 0 1 0 
6 0 16 0 0 0 
7 0 17 0 2 0 
8 1 25 0 1 0 
9 1 19 0 1 0 
10 0 21 0 2 0 
11 0 28 0 2 0 
12 0 42 0 3 0 
13 0 35 2 3 0 
14 1 39 3 3 0 
15 0 41 2 2 0 
16 2 47 3 4 0 
17 4 44 4 7 0 
18 4 45 5 9 1 
19 4 45 3 7 0 
20 2 48 3 7 0 
21 3 43 4 7 0 
22 5 39 8 7 0 
23 6 51 6 7 0 
24 5 45 5 6 1 
25 3 45 1 5 1 
26 3 49 2 4 1 
27 4 56 2 7 1 
28 5 57 7 10 0 
29 6 63 10 10 0 
30 7 72 7 12 0 
31 7 83 6 12 0 
32 12 72 7 17 0 
33 8 65 12 20 0 
34 8 63 12 18 0 
35 5 61 14 20 0 
36 4 67 16 17 0 
37 6 68 17 21 0 
38 5 72 14 20 0 
39 6 80 14 19 0 
40 3 79 10 17 0 
41 2 85 10 18 0 
42 4 100 13 13 0 
43 6 92 14 11 0 
44 6 96 14 16 0 
45 6 105 19 16 0 
46 5 97 26 26 0 
47 9 102 29 25 1 
48 10 107 32 20 2 
49 14 124 31 24 3 
50 14 130 32 21 5 
51 12 125 41 18 6 
52 13 136 39 27 4 
53 16 144 44 30 6 
54 19 160 47 21 7 
55 21 173 48 27 7 
56 19 184 49 44 5 
57 20 206 61 48 6 
58 20 203 63 53 5 
59 20 216 67 54 9 
60 15 255 64 60 11 
61 17 267 65 78 10 
62 30 311 70 79 9 
63 26 314 72 85 11 
64 27 307 87 89 14 
65 40 316 89 105 18 
66 50 345 105 113 18 
67 43 347 117 117 20 
68 48 363 123 121 19 
69 53 365 149 136 18 
70 53 393 151 152 23 
71 49 401 154 140 23 
72 61 451 148 150 19 
73 59 460 160 160 19 
74 60 491 150 177 15 
75 70 494 138 182 15 
76 80 502 152 167 22 
77 87 541 171 185 20 
78 97 578 192 196 22 
79 99 592 195 205 22 
80 97 604 216 208 31 
81 103 608 227 222 31 
82 103 641 251 226 34 
83 103 657 253 244 29 
84 114 703 267 258 29 
85 124 748 277 276 31 
86 143 791 285 264 30 
87 153 850 299 286 35 
88 145 879 334 326 36 
89 149 918 367 331 34 
90 173 937 377 330 40 
91 179 996 413 334 34 
92 197 1015 455 351 39 
93 217 1045 459 410 34 
94 214 1135 474 437 32 
95 233 1230 502 467 33 
96 240 1262 548 507 36 
97 259 1292 582 520 41 
98 264 1343 644 557 39 
99 286 1449 669 579 40 
100 298 1564 681 610 53 
101 318 1626 679 629 61 
102 323 1745 686 644 64 
103 324 1809 699 696 79 
104 365 1929 722 760 75 
105 366 2009 748 810 82 
106 376 2110 829 825 92 
107 384 2171 847 884 115 
108 439 2302 940 921 121 
109 427 2380 1061 1012 126 
110 436 2504 1114 1090 121 
111 473 2684 1246 1155 143 
112 508 2784 1310 1231 156 
113 541 2840 1366 1291 175 
114 556 2902 1427 1357 185 
115 580 3007 1511 1421 194 
116 607 2989 1542 1524 213 
117 626 3234 1578 1668 226 
118 661 3405 1696 1783 259 
119 688 3547 1773 1908 279 
120 716 3770 1858 1991 292 
121 745 3863 1964 2150 304 
122 783 4085 2075 2272 331 
123 807 4209 2113 2406 353 
124 838 4324 2241 2500 369 
125 942 4543 2352 2656 388 
126 967 4738 2484 2814 415 
127 1008 4814 2578 2993 416 
128 1039 4982 2658 3189 447 
129 1112 5135 2813 3391 455 
130 1138 5356 2996 3499 461 
131 1221 5601 3133 3689 463 
132 1307 5867 3307 3864 484 
133 1374 6177 3454 4083 499 
134 1417 6476 3630 4341 548 
135 1471 6865 3876 4585 568 
136 1521 7121 4125 4708 631 
137 1634 7401 4301 4923 682 
138 1653 7697 4610 5114 733 
139 1700 7857 4787 5367 755 
140 1776 8210 5067 5646 782 
141 1827 8412 5251 5840 809 
142 1926 8606 5422 6111 862 
143 2062 8729 5687 6444 913 
144 2147 9015 5931 6744 912 
145 2298 9148 6155 7078 948 
146 2384 9436 6336 7352 971 
147 2478 9770 6553 7601 1003 
148 2567 10029 6881 7967 1047 
149 2628 10236 7100 8308 1107 
150 2706 10482 7553 8568 1143 
151 2839 10760 7813 8809 1187 
152 2891 10964 8084 9133 1259 
153 2919 11186 8429 9383 1316 
154 2937 11446 8641 9687 1409 
155 3019 11554 8932 10096 1460 
156 3078 11701 9210 10463 1502 
157 3226 11875 9526 10762 1525 
158 3436 11976 9886 10997 1564 
159 3538 12106 10271 11210 1656 
160 3611 12306 10636 11513 1681 
161 3744 12432 10969 11818 1789 
162 3784 12662 11204 12195 1850 
163 3953 12761 11679 12522 1914 
164 3998 12834 11903 12976 2014 
165 4066 12958 12181 13163 2059 
166 4114 13009 12576 13390 2089 
167 4259 12903 13027 13604 2169 
168 4291 12822 13354 13972 2238 
169 4354 12776 13628 14172 2280 
170 4437 12839 14016 14574 2263 
171 4424 12776 14166 14695 2351 
172 4554 12804 14286 15090 2408 
173 4608 12809 14365 15296 2447 
174 4635 12622 14640 15407 2464 
175 4715 12500 14813 15452 2553 
176 4865 12359 14993 15658 2627 
177 4905 12104 15038 15745 2722 
178 5018 11960 15148 15872 2713 
179 5028 11812 15217 15906 2806 
180 5075 11738 15523 15943 2923 
181 5139 11637 15770 15990 2996 
182 5064 11614 15886 16001 3149 
183 5123 11572 15844 16031 3196 
184 5101 11382 15787 15925 3117 
185 5023 11282 15873 15686 3118 
186 5082 11075 15891 15718 3100 
187 5001 10838 15899 15835 3084 
188 4991 10619 15890 16003 3087 
189 4932 10383 15674 15944 3110 
190 4845 10112 15459 16037 3088 
191 4960 9862 15350 15906 3011 
192 4971 9606 15390 15876 3032 
193 4916 9358 15408 15711 3032 
194 4882 9014 15291 15573 3069 
195 4845 8891 15237 15436 3060 
196 4710 8622 15111 15229 3090 
197 4603 8428 15097 14818 3016 
198 4475 8171 15008 14556 3047 
199 4427 7962 14789 14302 3125 
200 4358 7779 14709 13988 3060 
201 4294 7646 14449 13777 2991 
202 4297 7405 14318 13520 2907 
203 4170 7149 14214 13325 2801 
204 4037 6884 14070 13035 2774 
205 3930 6765 13968 12681 2691 
206 3856 6584 13803 12463 2629 
207 3895 6289 13544 12244 2585 
208 3765 6027 13244 11833 2516 
209 3745 5840 12992 11632 2473 
210 3717 5751 12757 11378 2409 
211 3654 5635 12449 11182 2308 
212 3518 5490 12265 10780 2262 
213 3479 5200 11976 10515 2249 
214 3443 5007 11824 10076 2159 
215 3338 4746 11443 9738 2045 
216 3252 4530 11099 9564 2029 
217 3122 4389 10832 9414 1968 
218 3041 4284 10636 9125 1885 
219 2948 4113 10297 8773 1844 
220 2906 3983 10058 8674 1819 
221 2842 3833 9755 8372 1767 
222 2750 3616 9460 8199 1766 
223 2745 3448 9134 7885 1659 
224 2647 3264 8717 7653 1567 
225 2551 3141 8461 7544 1563 
226 2518 3097 8184 7230 1473 
227 2435 2978 7974 6891 1402 
228 2333 2824 7640 6561 1352 
229 2223 2768 7519 6311 1321 
230 2114 2690 7261 6035 1291 
231 2029 2614 7041 5872 1282 
232 1994 2514 6833 5720 1225 
233 1936 2412 6562 5559 1199 
234 1854 2282 6244 5356 1159 
235 1758 2237 6011 5190 1128 
236 1718 2105 5776 5064 1062 
237 1634 2046 5609 4900 1001 
238 1579 1953 5466 4737 996 
239 1483 1860 5221 4519 912 
240 1460 1831 5081 4293 878 
241 1392 1788 4916 4198 847 
242 1345 1730 4736 4057 799 
243 1284 1692 4521 3838 795 
244 1254 1632 4376 3639 750 
245 1177 1605 4200 3445 712 
246 1117 1527 4009 3291 691 
247 1140 1438 3787 3169 667 
248 1071 1369 3594 3097 659 
249 965 1276 3447 2924 645 
250 954 1177 3361 2755 630 
251 887 1165 3154 2650 616 
252 845 1114 3129 2498 595 
253 835 1094 3032 2393 565 
254 768 1045 2852 2247 521 
255 742 999 2762 2146 478 
256 734 995 2672 2086 431 
257 727 1004 2606 1931 428 
258 718 961 2496 1858 403 
259 732 930 2358 1764 376 
260 697 881 2215 1708 341 
261 671 880 2130 1626 304 
262 654 871 2080 1543 272 
263 614 820 1944 1484 251 
264 583 756 1911 1522 244 
265 537 716 1819 1447 226 
266 512 665 1731 1422 223 
267 469 643 1663 1376 241 
268 476 639 1547 1362 232 
269 474 613 1518 1272 243 
270 466 580 1426 1196 259 
271 441 520 1423 1164 268 
272 427 476 1337 1133 281 
273 399 440 1258 1089 277 
274 379 427 1211 1060 236 
275 377 400 1149 1016 217 
276 356 397 1072 968 207 
277 341 394 1008 920 204 
278 301 371 969 921 196 
279 293 340 927 891 189 
280 283 302 908 879 169 
281 267 279 870 794 169 
282 255 272 832 741 165 
283 240 240 785 689 151 
284 235 236 757 660 135 
285 213 239 732 639 127 
286 220 223 694 621 123 
287 212 212 644 578 122 
288 200 204 598 527 113 
289 181 194 564 495 97 
290 183 201 530 463 89 
291 164 208 494 443 72 
292 150 188 478 412 71 
293 138 193 448 416 66 
294 136 167 439 409 69 
295 125 157 406 370 58 
296 118 153 381 335 59 
297 122 155 363 330 58 
298 116 156 344 311 59 
299 104 162 333 306 59 
300 98 148 286 278 59 
301 93 128 278 234 59 
302 82 108 257 233 59 
303 79 124 259 225 60 
304 74 110 244 199 65 
305 63 112 211 182 59 
306 62 97 199 183 55 
307 55 92 171 186 61 
308 59 100 169 167 58 
309 53 95 164 156 52 
310 56 91 164 141 44 
311 49 103 155 142 41 
312 50 91 152 132 36 
313 49 87 157 124 38 
314 41 85 144 115 37 
315 41 92 122 110 37 
316 36 74 121 115 29 
317 32 73 118 112 26 
318 27 72 125 102 22 
319 28 53 112 104 23 
320 33 46 110 93 16 
321 31 43 99 78 18 
322 27 38 90 67 12 
323 27 39 87 61 14 
324 21 38 80 65 18 
325 20 43 67 66 14 
326 17 41 68 60 12 
327 17 36 65 55 14 
328 20 41 59 56 17 
329 19 36 63 52 13 
330 16 37 61 49 19 
331 9 35 61 43 22 
332 10 31 58 40 17 
333 8 36 59 37 12 
334 7 35 47 33 12 
335 8 30 47 27 15 
336 5 31 38 25 20 
337 4 30 37 29 16 
338 4 24 30 29 18 
339 4 23 25 29 19 
340 4 23 22 21 18 
341 5 21 20 26 21 
342 7 15 12 22 22 
343 6 12 13 21 20 
344 5 11 16 19 19 
345 6 8 17 25 22 
346 6 8 17 18 24 
347 5 7 14 11 22 
348 8 8 13 11 21 
349 9 14 11 8 14 
350 6 13 12 6 9 
351 2 11 15 4 8 
352 1 9 16 3 6 
353 0 11 13 3 6 
354 0 10 11 4 8 
355 0 6 11 3 6 
356 0 6 11 3 7 
357 0 7 11 3 6 
358 0 3 11 3 3 
359 0 3 10 2 6 
360 0 2 9 2 8 
361 0 1 9 1 7 
362 0 1 10 1 6 
363 0 1 12 1 6 
364 0 0 7 1 10 
365 0 0 8 0 6 
366 0 0 9 0 8 
367 0 0 7 1 8 
368 0 0 9 2 7 
369 0 0 8 3 9 
370 0 0 6 5 8 
371 0 1 5 5 8 
372 0 1 9 3 7 
373 0 0 5 6 4 
374 0 0 4 7 2 
375 0 0 3 9 1 
376 2 1 4 9 0 
377 1 0 4 6 0 
378 1 0 7 6 0 
379 0 1 6 7 0 
380 0 1 3 6 0 
381 0 1 2 4 0 
382 0 1 2 4 0 
383 0 1 4 3 0 
384 0 2 6 3 0 
385 0 2 5 3 0 
386 0 1 1 2 0 
387 0 0 2 1 0 
388 0 0 2 1 0 
389 0 0 2 1 0 
390 0 0 2 2 0 
391 0 0 2 2 0 
392 0 0 3 4 0 
393 0 0 3 5 0 
394 0 0 2 5 0 
395 0 0 1 7 0 
396 0 0 1 7 0 
397 0 0 1 8 0 
398 1 0 2 6 0 
399 1 0 1 6 0 
400 1 0 1 6 0 
401 1 0 0 5 0 
402 1 0 0 6 0 
403 1 0 0 6 0 
404 1 0 0 4 0 
405 1 0 0 5 0 
406 1 1 0 4 0 
407 1 0 0 3 0 
408 1 0 0 2 0 
409 0 0 0 3 0 
410 0 0 0 3 0 
411 0 0 0 2 0 
412 0 0 0 2 0 
413 0 0 0 2 0 
414 0 0 0 2 0 
415 0 0 0 2 0 
416 0 0 0 1 0 
417 0 0 0 1 0 
418 0 0 0 0 0 
