1 0 3 0 0 0 
2 0 3 0 0 0 
3 0 2 0 0 0 
4 0 2 0 0 0 
5 0 1 0 0 0 
6 0 4 0 0 0 
7 2 3 0 0 0 
8 0 3 0 0 0 
9 0 2 0 0 0 
10 0 0 0 1 0 
11 1 0 1 0 0 
12 0 2 0 0 0 
13 0 1 0 1 0 
14 1 2 0 0 0 
15 0 3 0 1 0 
16 0 2 0 2 0 
17 0 0 1 0 0 
18 0 0 1 1 0 
19 0 0 0 2 0 
20 0 1 1 1 0 
21 1 1 0 1 0 
22 0 1 0 0 0 
23 1 0 0 1 0 
24 1 1 0 0 0 
25 0 3 0 0 0 
26 0 1 0 1 0 
27 0 1 0 2 0 
28 0 0 0 3 0 
29 0 1 0 3 0 
30 0 2 1 3 0 
31 0 0 0 1 0 
32 0 1 0 0 0 
33 0 0 0 0 0 
34 0 0 0 1 0 
35 1 2 0 0 0 
36 1 1 0 1 0 
37 1 0 0 1 0 
38 0 0 1 3 0 
39 0 0 0 2 0 
40 1 0 0 0 0 
41 0 0 1 3 0 
42 2 0 0 0 0 
43 0 0 0 2 0 
44 3 0 1 0 0 
45 1 0 2 1 0 
46 2 0 2 2 0 
47 1 0 0 1 0 
48 0 0 0 1 0 
49 5 0 1 1 0 
50 1 0 0 0 0 
51 1 1 1 2 1 
52 1 1 2 4 0 
53 1 0 1 0 2 
54 2 0 0 0 0 
55 3 0 0 2 2 
56 2 0 0 2 0 
57 4 0 0 2 0 
58 0 1 1 3 1 
59 1 0 2 1 0 
60 1 0 0 4 0 
61 2 2 2 4 0 
62 0 2 1 5 0 
63 0 0 1 4 1 
64 2 0 6 6 1 
65 2 0 9 8 0 
66 0 0 10 3 0 
67 0 0 8 2 1 
68 2 0 8 1 2 
69 2 0 12 2 1 
70 1 0 9 1 1 
71 3 0 3 5 2 
72 1 0 5 2 2 
73 1 0 8 2 3 
74 0 1 6 3 2 
75 0 0 5 1 2 
76 0 0 5 2 2 
77 1 0 8 3 2 
78 0 0 4 5 2 
79 0 0 2 3 5 
80 2 0 6 9 3 
81 0 0 8 4 4 
82 2 0 4 7 8 
83 2 0 8 6 2 
84 1 1 12 3 6 
85 3 0 9 3 3 
86 5 0 14 11 5 
87 3 0 11 5 3 
88 3 0 10 6 7 
89 3 3 5 9 5 
90 4 1 7 8 7 
91 2 0 10 7 6 
92 4 1 8 12 12 
93 4 0 14 8 5 
94 5 1 20 7 15 
95 5 2 15 7 9 
96 7 2 14 8 10 
97 4 2 20 8 11 
98 7 2 15 9 8 
99 3 0 14 11 14 
100 2 2 21 7 10 
101 5 2 20 8 4 
102 2 1 15 8 9 
103 7 3 17 9 14 
104 9 0 19 12 8 
105 3 1 19 7 12 
106 3 1 11 10 16 
107 7 0 20 5 11 
108 8 3 23 7 16 
109 4 3 21 9 17 
110 4 2 12 16 12 
111 9 0 23 18 8 
112 4 0 25 22 9 
113 6 0 26 19 9 
114 7 0 26 25 5 
115 7 1 34 12 6 
116 8 5 25 21 6 
117 11 2 22 10 6 
118 7 0 21 11 5 
119 8 1 30 8 4 
120 5 1 33 23 4 
121 1 2 38 9 4 
122 8 5 27 12 5 
123 6 4 33 10 4 
124 4 6 33 11 2 
125 9 4 43 10 6 
126 8 3 37 18 7 
127 10 1 52 8 2 
128 9 6 52 11 3 
129 6 6 49 16 3 
130 8 5 51 14 9 
131 7 8 55 15 6 
132 9 4 46 20 4 
133 7 5 50 11 8 
134 11 8 65 12 9 
135 16 9 59 18 6 
136 17 11 67 19 9 
137 14 6 58 30 11 
138 14 14 64 32 10 
139 11 13 46 35 14 
140 6 14 59 45 18 
141 15 25 58 45 18 
142 14 18 53 59 19 
143 12 26 44 45 24 
144 17 27 67 40 16 
145 21 17 61 55 14 
146 26 47 54 44 21 
147 22 32 59 53 18 
148 19 19 59 60 11 
149 16 26 64 58 14 
150 12 36 68 52 30 
151 25 25 84 58 25 
152 25 18 65 65 21 
153 31 31 79 42 29 
154 19 49 76 70 20 
155 14 26 75 75 24 
156 20 37 61 65 12 
157 28 42 85 76 16 
158 26 47 91 82 21 
159 15 54 99 74 20 
160 16 62 106 90 21 
161 18 68 87 89 17 
162 16 65 94 100 17 
163 23 76 89 84 23 
164 28 82 90 89 13 
165 28 80 112 107 13 
166 35 70 122 115 23 
167 38 71 109 119 19 
168 25 87 117 120 13 
169 29 103 160 100 14 
170 40 92 146 127 17 
171 42 105 172 120 22 
172 42 135 164 129 19 
173 42 113 162 155 25 
174 43 145 174 150 20 
175 47 189 175 153 32 
176 57 162 186 170 15 
177 45 196 184 200 23 
178 58 209 206 218 27 
179 72 196 207 217 21 
180 59 245 251 215 31 
181 66 236 240 248 40 
182 74 261 247 252 34 
183 75 285 257 230 38 
184 78 217 261 264 29 
185 90 283 284 253 28 
186 99 291 296 308 40 
187 100 266 328 295 40 
188 105 308 338 316 43 
189 108 314 341 350 30 
190 108 352 390 364 41 
191 123 385 416 355 45 
192 138 385 377 367 52 
193 135 372 422 421 65 
194 165 392 471 439 63 
195 147 440 474 457 59 
196 183 501 482 479 61 
197 185 529 500 527 51 
198 185 507 556 572 66 
199 186 571 581 530 79 
200 155 615 598 531 49 
201 176 600 620 586 58 
202 199 706 682 573 77 
203 232 795 691 601 89 
204 236 787 680 636 85 
205 235 891 703 674 67 
206 262 897 763 702 97 
207 245 912 718 720 103 
208 276 989 756 757 73 
209 278 1035 806 745 108 
210 287 1077 820 825 113 
211 310 1124 886 892 123 
212 309 1186 912 906 130 
213 336 1228 943 936 127 
214 341 1377 1014 1040 140 
215 354 1350 1082 1057 140 
216 385 1435 1083 1073 155 
217 412 1513 1149 1167 164 
218 395 1623 1196 1260 175 
219 445 1751 1245 1264 205 
220 447 1759 1257 1313 209 
221 470 1869 1287 1343 198 
222 432 1954 1320 1363 223 
223 479 1987 1442 1432 215 
224 520 2156 1405 1490 225 
225 504 2105 1487 1535 203 
226 499 2255 1506 1599 191 
227 541 2328 1547 1777 216 
228 567 2492 1574 1749 220 
229 619 2658 1628 1863 249 
230 654 2622 1693 1923 251 
231 731 2715 1851 1989 261 
232 715 2833 1897 2115 234 
233 723 2898 1981 2146 258 
234 722 3107 2064 2162 261 
235 820 3076 2103 2293 275 
236 852 3293 2198 2325 307 
237 916 3368 2282 2437 349 
238 915 3498 2400 2546 334 
239 912 3540 2466 2591 341 
240 983 3679 2526 2696 368 
241 1010 3693 2675 2854 395 
242 1015 3892 2736 2967 379 
243 1082 3955 2873 3012 448 
244 1096 3976 3021 3134 406 
245 1112 4150 3106 3179 503 
246 1189 4127 3235 3245 483 
247 1182 4093 3179 3476 507 
248 1179 4248 3218 3434 504 
249 1206 4273 3364 3625 535 
250 1226 4372 3488 3607 522 
251 1319 4392 3447 3687 569 
252 1224 4431 3580 3782 606 
253 1238 4410 3699 3908 586 
254 1378 4519 3542 3873 595 
255 1321 4429 3698 4008 647 
256 1426 4453 3868 4090 663 
257 1412 4563 3899 4146 701 
258 1495 4546 3994 4369 683 
259 1459 4512 4129 4419 755 
260 1465 4552 4100 4459 757 
261 1438 4411 4353 4581 810 
262 1569 4483 4337 4560 743 
263 1504 4312 4326 4660 821 
264 1577 4281 4438 4668 750 
265 1564 4279 4522 4876 831 
266 1544 4233 4597 4751 862 
267 1650 4110 4590 4726 903 
268 1564 4069 4620 4773 839 
269 1619 4144 4689 4942 882 
270 1575 3988 4725 5008 909 
271 1633 3862 4808 5002 889 
272 1614 3812 4786 5076 925 
273 1695 3848 4560 4964 908 
274 1588 3841 4850 4889 942 
275 1667 3772 4791 4971 991 
276 1642 3566 4657 4844 946 
277 1546 3684 4657 4900 948 
278 1625 3452 4708 4927 1039 
279 1628 3460 4670 4780 1002 
280 1571 3296 4718 4864 1017 
281 1533 3386 4694 4741 1000 
282 1550 3308 4585 4690 990 
283 1577 3108 4591 4690 915 
284 1496 3057 4470 4616 970 
285 1468 2967 4453 4641 938 
286 1445 2922 4581 4343 920 
287 1387 2775 4532 4419 913 
288 1503 2724 4491 4378 888 
289 1414 2688 4275 4315 905 
290 1353 2582 4409 4273 858 
291 1420 2616 4230 4209 812 
292 1396 2401 4113 4145 836 
293 1373 2423 4164 4050 852 
294 1396 2305 3959 4083 868 
295 1324 2226 4003 3980 816 
296 1330 2150 3946 3877 823 
297 1387 2153 3809 3790 832 
298 1266 2041 3648 3592 825 
299 1285 1904 3731 3507 763 
300 1195 1877 3528 3536 791 
301 1142 1877 3399 3423 707 
302 1105 1766 3487 3391 707 
303 1161 1658 3411 3276 721 
304 1153 1622 3259 3179 737 
305 1010 1577 3226 3026 685 
306 1031 1495 3062 2952 643 
307 944 1451 3022 2888 631 
308 912 1355 3007 2784 568 
309 914 1333 2918 2717 599 
310 866 1250 2804 2689 596 
311 811 1263 2794 2438 592 
312 857 1166 2728 2486 569 
313 838 1215 2546 2399 518 
314 797 1203 2476 2334 564 
315 742 1114 2367 2249 472 
316 746 1004 2409 2236 499 
317 718 992 2311 2100 443 
318 676 970 2205 2049 421 
319 669 888 2094 2044 441 
320 632 889 2071 1949 417 
321 610 888 1995 1877 372 
322 605 788 1846 1811 387 
323 585 786 1865 1771 385 
324 592 760 1845 1661 397 
325 607 689 1813 1672 374 
326 566 669 1808 1536 355 
327 575 669 1720 1535 329 
328 479 646 1653 1392 363 
329 489 578 1580 1367 344 
330 469 577 1512 1401 338 
331 468 548 1400 1253 344 
332 463 532 1408 1257 331 
333 438 498 1336 1205 304 
334 351 517 1309 1119 278 
335 393 485 1247 1064 273 
336 358 452 1187 967 248 
337 329 422 1165 978 248 
338 383 407 1107 978 272 
339 345 404 1019 955 216 
340 303 367 1025 874 215 
341 297 373 992 880 189 
342 280 343 953 856 203 
343 265 312 953 853 224 
344 268 331 918 782 162 
345 302 298 892 724 175 
346 239 274 853 657 166 
347 233 279 840 708 167 
348 228 281 773 643 158 
349 223 266 764 670 158 
350 184 236 715 643 146 
351 210 237 670 629 156 
352 194 225 637 584 136 
353 175 229 611 482 130 
354 171 184 558 543 117 
355 157 189 549 522 131 
356 169 206 533 471 119 
357 157 188 502 469 114 
358 163 177 474 422 85 
359 141 180 447 395 89 
360 139 164 409 397 97 
361 125 170 428 375 78 
362 136 171 409 366 87 
363 141 153 437 337 84 
364 126 124 404 355 77 
365 99 128 347 350 76 
366 106 133 340 300 75 
367 110 119 309 279 62 
368 118 117 332 264 53 
369 84 110 320 295 52 
370 100 86 278 248 57 
371 71 99 319 214 41 
372 98 100 257 213 39 
373 88 66 276 183 35 
374 108 77 249 191 40 
375 103 85 224 197 46 
376 75 58 209 180 46 
377 72 65 220 179 40 
378 73 58 209 152 35 
379 54 61 221 178 28 
380 56 84 198 174 39 
381 53 66 201 140 38 
382 52 64 183 161 29 
383 60 56 169 149 29 
384 41 45 159 147 35 
385 57 48 191 133 25 
386 46 49 151 133 22 
387 48 45 151 150 26 
388 62 49 152 148 15 
389 43 38 138 121 17 
390 51 45 120 119 18 
391 41 32 121 102 13 
392 22 39 111 100 23 
393 31 29 117 113 11 
394 35 35 132 115 19 
395 31 34 97 111 18 
396 25 36 114 94 25 
397 30 22 88 95 15 
398 27 42 85 91 24 
399 34 29 88 94 21 
400 24 32 85 83 20 
401 15 29 82 74 11 
402 26 18 88 74 20 
403 19 16 96 78 15 
404 23 15 90 64 16 
405 23 22 64 64 12 
406 23 16 64 60 21 
407 22 21 69 60 11 
408 19 7 73 49 9 
409 21 21 63 50 14 
410 16 13 46 42 13 
411 18 10 44 45 14 
412 8 9 52 36 9 
413 12 10 43 35 5 
414 19 6 55 35 10 
415 17 9 33 26 10 
416 14 5 44 26 15 
417 11 7 39 27 9 
418 15 7 33 28 9 
419 7 13 38 20 8 
420 7 11 25 24 4 
421 13 5 34 32 11 
422 7 14 20 19 8 
423 11 6 19 26 5 
424 13 10 24 25 6 
425 12 7 26 22 6 
426 15 6 21 17 3 
427 9 9 22 22 5 
428 9 5 26 18 2 
429 12 1 32 13 2 
430 8 2 23 11 3 
431 9 3 25 14 4 
432 6 5 23 16 5 
433 7 2 19 16 6 
434 10 3 24 13 10 
435 9 1 18 18 2 
436 6 7 23 27 4 
437 3 5 21 21 0 
438 2 2 18 21 5 
439 2 6 20 12 2 
440 0 4 13 15 1 
441 3 9 16 16 4 
442 7 12 14 17 6 
443 5 3 22 13 7 
444 9 2 17 14 5 
445 4 7 14 8 1 
446 6 8 12 10 2 
447 7 1 18 11 3 
448 3 7 14 12 0 
449 2 3 10 15 1 
450 6 7 7 14 3 
451 3 6 7 14 1 
452 7 7 14 13 0 
453 2 10 7 19 1 
454 4 8 4 11 2 
455 3 8 16 12 3 
456 4 6 8 8 2 
457 3 6 10 7 3 
458 1 3 8 9 1 
459 5 6 9 7 1 
460 1 9 9 8 5 
461 6 11 8 9 0 
462 4 8 6 3 1 
463 3 2 6 6 1 
464 4 10 6 2 1 
465 3 7 5 2 0 
466 5 4 6 8 0 
467 1 3 8 5 0 
468 4 6 7 2 0 
469 3 4 5 6 0 
470 3 4 4 3 1 
471 4 1 9 3 0 
472 8 3 7 1 0 
473 5 3 2 1 0 
474 4 4 5 2 1 
475 3 4 3 1 0 
476 2 2 5 1 1 
477 0 2 3 0 0 
478 2 2 4 2 0 
479 2 2 4 1 0 
480 2 0 3 2 0 
481 4 1 6 2 0 
482 2 1 6 0 0 
483 0 3 3 4 0 
484 1 1 2 0 0 
485 4 0 2 1 0 
486 0 1 7 0 0 
487 2 3 6 0 0 
488 0 0 5 0 0 
489 2 1 9 1 0 
490 0 0 2 3 0 
491 1 2 7 2 0 
492 3 0 5 4 0 
493 2 0 3 1 0 
494 0 0 6 3 0 
495 1 1 11 3 0 
496 1 0 12 1 0 
497 0 1 5 1 0 
498 0 0 5 5 2 
499 0 0 8 2 0 
500 1 0 4 1 0 
501 1 1 8 1 0 
502 0 4 5 4 0 
503 0 4 3 4 0 
504 2 0 2 6 0 
505 0 0 3 2 0 
506 0 0 6 5 0 
507 0 0 7 0 0 
508 0 0 5 0 0 
509 0 0 5 1 0 
510 1 0 6 0 0 
511 0 0 4 0 0 
512 1 1 2 2 0 
513 0 0 4 0 0 
514 0 1 6 1 0 
515 0 0 5 2 0 
516 0 0 4 1 0 
517 0 0 1 0 0 
518 0 0 2 1 0 
519 0 0 2 0 1 
520 0 0 3 0 0 
521 0 0 3 0 0 
522 0 0 1 0 0 
523 0 0 3 0 0 
524 0 0 0 0 0 
525 0 0 0 0 0 
526 0 0 0 0 0 
527 0 0 0 0 0 
528 0 0 1 0 0 
529 0 0 1 0 0 
530 0 0 1 0 0 
531 0 0 1 1 0 
532 0 0 0 0 0 
533 0 0 1 1 0 
534 0 0 0 0 0 
535 0 0 0 0 0 
536 0 0 0 0 0 
537 0 0 0 0 0 
538 0 0 0 0 0 
