1 1 8 0 0 0 
2 1 7 0 0 0 
3 1 7 0 0 0 
4 1 9 0 0 0 
5 3 8 0 0 0 
6 3 11 0 0 0 
7 4 10 0 0 0 
8 2 9 0 0 0 
9 2 12 0 1 0 
10 2 13 1 1 0 
11 2 12 0 1 0 
12 1 16 0 2 0 
13 2 13 0 2 0 
14 5 13 0 1 0 
15 7 14 0 2 0 
16 7 12 0 3 0 
17 5 16 0 5 0 
18 2 16 0 6 0 
19 3 17 1 6 0 
20 2 21 1 5 0 
21 3 28 1 4 0 
22 4 27 0 3 0 
23 6 36 1 1 0 
24 5 35 0 3 0 
25 3 38 0 2 0 
26 3 39 0 2 0 
27 1 45 1 1 0 
28 0 46 3 2 0 
29 1 48 4 0 0 
30 2 51 6 0 2 
31 3 57 5 0 3 
32 5 52 7 0 4 
33 6 51 5 2 3 
34 5 62 8 8 2 
35 10 54 6 7 3 
36 11 50 3 8 1 
37 8 47 4 6 3 
38 10 49 5 5 1 
39 8 54 6 7 0 
40 11 43 5 9 0 
41 11 49 9 11 0 
42 14 55 8 12 0 
43 11 56 8 18 0 
44 9 66 9 18 0 
45 8 70 11 19 0 
46 7 66 15 26 0 
47 10 66 17 26 0 
48 14 69 19 31 1 
49 16 78 15 26 2 
50 16 78 13 31 2 
51 16 76 9 29 2 
52 18 93 9 27 3 
53 16 91 8 34 4 
54 17 95 12 24 4 
55 17 107 11 31 3 
56 16 108 12 34 4 
57 22 111 9 35 2 
58 19 108 12 32 1 
59 19 113 9 34 2 
60 18 119 14 38 3 
61 18 123 18 38 3 
62 13 136 20 41 2 
63 12 139 20 46 0 
64 10 139 22 58 0 
65 10 138 18 59 1 
66 12 132 17 59 1 
67 15 134 14 57 1 
68 20 133 16 57 2 
69 13 142 29 61 2 
70 18 156 37 67 1 
71 20 161 29 74 1 
72 21 166 31 69 1 
73 30 163 39 70 2 
74 33 167 36 73 3 
75 34 179 40 84 3 
76 35 168 49 103 8 
77 43 166 51 112 10 
78 52 186 53 120 6 
79 53 184 50 132 6 
80 49 182 43 137 6 
81 51 198 49 169 7 
82 50 203 54 167 10 
83 47 216 56 174 8 
84 52 250 57 173 10 
85 64 281 64 187 14 
86 64 294 83 190 19 
87 61 318 103 190 18 
88 69 325 113 203 22 
89 65 344 123 206 22 
90 54 329 143 210 20 
91 55 336 140 227 29 
92 73 377 151 230 39 
93 74 384 171 249 39 
94 73 410 168 265 41 
95 83 420 180 295 56 
96 82 426 189 311 54 
97 103 400 212 305 56 
98 108 412 264 330 66 
99 131 446 300 336 71 
100 108 464 323 362 65 
101 106 491 371 374 71 
102 104 495 401 362 69 
103 121 525 434 390 74 
104 136 557 474 406 76 
105 135 580 503 421 80 
106 151 621 520 443 90 
107 152 675 524 483 98 
108 160 697 538 520 93 
109 152 771 600 535 83 
110 171 831 619 558 89 
111 212 839 660 565 91 
112 222 846 729 588 100 
113 244 888 753 608 107 
114 257 912 778 651 109 
115 301 942 788 677 108 
116 291 1012 813 692 125 
117 306 1072 904 717 125 
118 350 1132 902 769 134 
119 318 1176 942 855 143 
120 343 1245 969 906 148 
121 333 1272 995 938 159 
122 347 1259 1061 1011 183 
123 392 1337 1102 1103 182 
124 432 1434 1165 1154 178 
125 447 1471 1195 1184 193 
126 460 1557 1255 1291 198 
127 449 1691 1316 1346 205 
128 466 1717 1406 1388 211 
129 465 1784 1447 1436 220 
130 496 1888 1533 1524 228 
131 507 1987 1617 1575 236 
132 543 2098 1670 1638 255 
133 554 2194 1726 1650 275 
134 584 2266 1808 1713 289 
135 610 2440 1924 1783 303 
136 650 2629 1944 1864 308 
137 720 2792 2016 1980 341 
138 722 2946 2175 2020 355 
139 784 3084 2280 2162 372 
140 807 3263 2428 2253 392 
141 825 3418 2426 2344 379 
142 838 3656 2476 2404 412 
143 840 3792 2546 2562 399 
144 890 3972 2716 2721 444 
145 946 4108 2890 2783 452 
146 1023 4217 3067 2860 465 
147 1075 4472 3247 3008 457 
148 1082 4573 3456 3198 486 
149 1132 4850 3563 3354 526 
150 1214 5100 3825 3534 529 
151 1290 5285 4018 3706 531 
152 1372 5514 4172 3886 552 
153 1475 5635 4354 3974 573 
154 1529 5862 4475 4209 570 
155 1584 6186 4651 4435 595 
156 1639 6361 4841 4615 632 
157 1671 6681 4960 4840 611 
158 1844 6866 5115 5140 643 
159 1899 7067 5451 5299 704 
160 1980 7266 5717 5567 758 
161 2097 7660 5892 5844 830 
162 2189 7952 6046 6104 832 
163 2246 8282 6230 6223 816 
164 2283 8548 6522 6567 841 
165 2321 8680 6693 6786 882 
166 2481 8939 6989 7186 900 
167 2511 9178 7121 7452 977 
168 2647 9371 7411 7706 977 
169 2684 9551 7612 7883 1063 
170 2670 9887 7963 8084 1182 
171 2728 10196 8187 8372 1201 
172 2829 10420 8543 8655 1244 
173 2996 10596 8750 8905 1319 
174 3131 10804 9102 9186 1338 
175 3266 11057 9552 9474 1359 
176 3389 11205 9722 9774 1516 
177 3498 11561 10111 10072 1596 
178 3616 11728 10490 10405 1637 
179 3694 11878 10807 10787 1735 
180 3847 12099 10907 11010 1803 
181 3831 12329 11037 11365 1890 
182 3926 12565 11275 11543 1931 
183 3949 12602 11601 11753 1937 
184 4050 12426 12030 12027 1989 
185 4121 12600 12224 12352 2154 
186 4207 12670 12563 12776 2194 
187 4259 12742 12750 13034 2174 
188 4325 12754 12967 13322 2235 
189 4433 12760 13146 13648 2279 
190 4463 12712 13531 13698 2354 
191 4489 12764 13799 13951 2389 
192 4576 12598 13995 14280 2392 
193 4578 12603 14156 14342 2401 
194 4749 12724 14354 14492 2416 
195 4765 12612 14664 14665 2473 
196 4846 12596 14848 14773 2462 
197 4852 12524 14977 14851 2534 
198 4965 12433 14854 15046 2621 
199 4985 12153 14986 15225 2611 
200 4904 12013 15129 15234 2588 
201 4923 11781 15420 15182 2574 
202 4962 11630 15582 15213 2612 
203 4997 11462 15589 15338 2652 
204 4967 11468 15474 15371 2603 
205 4967 11126 15654 15455 2595 
206 5030 11010 15510 15258 2568 
207 5049 10833 15501 15092 2572 
208 4992 10555 15371 14970 2532 
209 5013 10401 15257 15142 2537 
210 5043 10250 15084 15112 2594 
211 4985 10151 15021 15011 2634 
212 4996 9864 15035 14811 2623 
213 4836 9669 14845 14865 2607 
214 4858 9394 14801 14726 2650 
215 4788 9207 14686 14676 2709 
216 4700 8974 14670 14443 2672 
217 4576 8733 14658 14279 2614 
218 4432 8538 14446 14043 2582 
219 4442 8346 14176 13709 2679 
220 4397 8148 14022 13559 2727 
221 4288 7885 13740 13341 2660 
222 4318 7594 13595 12997 2692 
223 4235 7477 13433 12787 2601 
224 4101 7301 13290 12639 2513 
225 3975 6994 13120 12318 2502 
226 3920 6788 12708 11957 2520 
227 3896 6487 12480 11711 2433 
228 3718 6180 12152 11618 2393 
229 3658 5949 11954 11219 2354 
230 3649 5821 11765 11078 2316 
231 3587 5654 11384 10819 2247 
232 3494 5460 11162 10492 2177 
233 3469 5241 10784 10285 2199 
234 3304 5023 10341 9951 2108 
235 3142 4839 10069 9624 2056 
236 3099 4705 9775 9381 1995 
237 3013 4480 9492 9045 1955 
238 2923 4357 9115 8820 1947 
239 2840 4235 8901 8513 1935 
240 2746 4008 8683 8289 1897 
241 2626 3878 8459 8129 1874 
242 2518 3748 8196 7987 1795 
243 2427 3718 7875 7777 1739 
244 2352 3538 7602 7604 1699 
245 2267 3492 7348 7315 1696 
246 2215 3368 7117 7063 1604 
247 2112 3261 6841 6775 1574 
248 2071 3137 6643 6518 1565 
249 2018 3035 6451 6158 1455 
250 2002 2976 6275 5979 1404 
251 1994 2800 6173 5727 1357 
252 1960 2734 5967 5495 1363 
253 1874 2627 5813 5110 1293 
254 1795 2538 5558 4999 1248 
255 1647 2462 5340 4729 1228 
256 1594 2353 5136 4588 1156 
257 1484 2277 4957 4342 1122 
258 1472 2209 4727 4169 1087 
259 1414 2059 4530 3972 1013 
260 1364 1956 4366 3718 965 
261 1303 1881 4216 3537 937 
262 1257 1815 4060 3417 928 
263 1187 1756 3996 3353 928 
264 1175 1691 3813 3230 888 
265 1139 1692 3708 3086 847 
266 1143 1600 3490 2923 794 
267 1171 1569 3241 2797 752 
268 1141 1520 3188 2716 760 
269 1049 1474 3045 2550 712 
270 959 1477 2917 2509 671 
271 917 1426 2734 2465 667 
272 920 1410 2635 2398 656 
273 872 1336 2518 2284 645 
274 860 1258 2413 2164 626 
275 805 1193 2357 2077 596 
276 766 1123 2235 1991 543 
277 732 1099 2133 1899 508 
278 701 1041 1994 1772 465 
279 683 1007 1905 1668 458 
280 627 954 1848 1611 426 
281 610 904 1729 1566 395 
282 571 860 1706 1515 377 
283 543 805 1615 1418 356 
284 521 782 1546 1330 347 
285 515 743 1468 1321 352 
286 482 700 1386 1304 351 
287 478 651 1321 1268 330 
288 452 604 1277 1199 316 
289 429 575 1235 1162 292 
290 375 553 1166 1123 282 
291 389 498 1097 1043 268 
292 371 453 1063 971 265 
293 365 442 1051 963 251 
294 313 415 1031 927 242 
295 322 405 989 929 224 
296 308 402 929 878 219 
297 297 393 962 829 186 
298 289 359 903 792 179 
299 265 312 901 725 158 
300 279 288 866 691 145 
301 269 276 817 673 135 
302 236 281 774 645 136 
303 235 272 731 606 123 
304 217 280 685 575 113 
305 179 265 646 552 125 
306 198 241 587 533 124 
307 190 235 578 510 110 
308 190 225 586 491 98 
309 177 226 530 482 95 
310 176 203 512 474 97 
311 176 181 477 453 86 
312 162 180 438 451 72 
313 156 186 417 457 67 
314 156 173 402 406 67 
315 143 150 385 399 66 
316 145 146 336 400 73 
317 142 136 340 380 68 
318 130 127 328 371 61 
319 131 123 314 382 68 
320 134 129 306 368 63 
321 121 124 280 352 50 
322 120 121 287 310 46 
323 129 123 265 271 47 
324 115 137 242 249 44 
325 109 123 232 236 41 
326 99 122 216 219 41 
327 93 128 217 201 33 
328 87 125 184 190 40 
329 100 115 178 180 36 
330 88 110 180 174 33 
331 80 95 173 169 32 
332 75 89 164 146 33 
333 80 80 154 139 40 
334 79 71 141 130 30 
335 59 69 133 124 28 
336 54 65 117 107 27 
337 47 64 117 105 26 
338 51 63 110 94 27 
339 48 60 107 95 30 
340 50 53 104 89 33 
341 51 48 106 83 31 
342 49 49 119 80 28 
343 50 46 130 84 31 
344 49 46 128 83 25 
345 31 47 135 83 22 
346 30 54 116 81 14 
347 24 46 98 79 9 
348 28 44 82 71 10 
349 28 39 72 71 8 
350 19 36 77 70 9 
351 23 30 74 67 7 
352 28 29 72 52 5 
353 31 35 61 52 6 
354 27 35 59 54 6 
355 24 27 60 51 6 
356 25 24 50 53 8 
357 22 24 56 50 6 
358 19 25 56 46 7 
359 18 28 55 44 5 
360 11 27 53 49 4 
361 13 21 49 59 2 
362 8 24 45 58 2 
363 8 24 43 52 2 
364 6 20 33 39 2 
365 7 17 38 41 1 
366 6 16 39 31 4 
367 6 13 29 34 3 
368 2 11 29 39 3 
369 1 11 32 39 4 
370 2 17 38 34 3 
371 6 16 29 31 3 
372 8 18 26 29 4 
373 6 22 34 32 5 
374 7 23 29 27 4 
375 6 14 21 23 3 
376 5 10 19 17 3 
377 5 6 14 17 2 
378 3 5 13 13 2 
379 1 3 13 16 1 
380 2 4 13 15 1 
381 3 2 11 11 2 
382 3 4 9 12 1 
383 3 7 7 14 1 
384 4 6 4 10 1 
385 3 9 7 8 1 
386 0 9 5 6 1 
387 0 10 4 3 1 
388 1 9 5 3 1 
389 1 10 6 4 2 
390 1 13 6 4 2 
391 1 13 5 5 0 
392 1 14 5 5 0 
393 1 16 3 7 0 
394 1 16 2 8 0 
395 0 14 4 5 0 
396 0 17 3 3 0 
397 0 20 3 7 0 
398 0 15 2 5 0 
399 0 14 1 9 0 
400 0 10 0 10 0 
401 0 14 0 13 0 
402 0 9 1 13 0 
403 0 12 1 14 0 
404 0 11 1 12 0 
405 0 11 1 11 0 
406 0 5 1 10 0 
407 0 9 0 12 0 
408 0 4 0 9 0 
409 0 7 0 12 0 
410 2 7 1 12 0 
411 2 8 1 13 0 
412 1 6 0 9 0 
413 0 3 2 10 0 
414 0 6 3 9 0 
415 0 6 3 7 0 
416 1 3 3 4 0 
417 1 2 4 5 0 
418 0 2 4 6 0 
419 0 3 3 7 0 
420 0 4 4 6 0 
421 0 4 1 5 0 
422 0 3 3 4 0 
423 0 2 2 3 0 
424 0 4 2 3 0 
425 0 4 0 5 0 
426 0 3 0 7 0 
427 0 1 0 6 0 
428 0 2 0 6 0 
429 0 2 0 6 0 
430 0 3 0 4 0 
431 0 4 0 3 0 
432 0 2 1 3 0 
433 0 2 0 4 0 
434 1 1 0 3 0 
435 1 1 0 3 0 
436 1 1 0 3 0 
437 1 2 0 4 0 
438 1 1 0 3 0 
439 0 1 0 2 0 
440 0 2 0 2 0 
441 0 0 0 2 0 
442 0 0 0 3 0 
443 0 0 0 4 0 
444 0 0 0 3 0 
445 0 0 0 4 0 
446 0 0 0 3 0 
447 0 0 0 3 0 
448 0 0 0 3 0 
449 0 0 0 2 0 
450 0 0 0 2 0 
451 0 0 0 1 0 
452 0 0 0 1 0 
453 0 0 0 2 0 
454 0 0 0 3 0 
455 0 0 0 5 0 
456 0 0 0 9 0 
457 0 0 0 8 0 
458 0 0 0 8 0 
459 0 0 0 10 0 
460 0 0 0 10 0 
461 0 0 0 8 0 
462 0 0 1 7 0 
463 1 0 1 8 0 
464 1 0 3 8 0 
465 0 0 0 7 0 
466 0 0 0 4 0 
467 0 0 0 4 0 
468 0 0 0 5 0 
469 0 0 0 5 0 
470 0 0 0 6 0 
471 0 0 0 5 0 
472 0 0 0 4 0 
473 0 0 0 3 0 
474 0 0 0 5 0 
475 0 0 0 5 0 
476 0 0 0 5 0 
477 0 0 0 6 0 
478 0 0 0 7 0 
479 0 0 0 6 0 
480 0 0 0 9 0 
481 0 0 0 9 0 
482 0 0 0 9 0 
483 0 0 0 7 0 
484 0 0 0 3 0 
485 0 0 0 3 0 
486 0 0 0 2 0 
487 0 0 0 2 0 
488 0 0 0 1 0 
489 0 0 0 2 0 
490 0 0 0 2 0 
491 0 0 0 1 0 
492 0 0 0 0 0 
