1 0 13 0 0 0 
2 0 20 0 0 0 
3 0 20 0 0 0 
4 0 14 0 1 0 
5 1 22 0 1 0 
6 1 17 0 3 0 
7 1 22 0 1 0 
8 1 22 0 1 0 
9 3 19 0 0 0 
10 3 26 3 0 0 
11 4 27 3 0 0 
12 5 26 3 2 0 
13 4 27 4 3 0 
14 7 30 4 4 0 
15 5 31 4 2 0 
16 4 23 0 2 0 
17 5 23 0 2 0 
18 4 25 0 2 0 
19 5 28 1 2 0 
20 6 28 1 2 1 
21 4 26 1 1 1 
22 3 30 1 1 1 
23 3 37 0 1 1 
24 2 39 1 2 1 
25 2 45 3 0 2 
26 2 48 3 0 3 
27 2 52 4 1 2 
28 3 54 4 3 1 
29 5 55 4 2 0 
30 5 53 5 4 0 
31 7 58 5 5 2 
32 3 65 7 12 2 
33 3 65 9 11 2 
34 7 72 19 12 2 
35 10 71 18 11 3 
36 10 82 25 10 0 
37 12 87 36 11 1 
38 14 94 38 9 1 
39 12 85 37 20 0 
40 11 86 33 28 0 
41 12 88 35 34 0 
42 15 90 39 31 0 
43 12 110 50 28 0 
44 18 113 51 32 0 
45 20 124 57 38 4 
46 21 133 55 41 3 
47 20 129 47 43 4 
48 26 123 53 48 3 
49 28 124 64 58 4 
50 31 124 69 64 8 
51 39 129 74 70 7 
52 37 138 80 57 4 
53 33 131 84 59 6 
54 32 139 97 52 8 
55 35 132 82 49 8 
56 41 152 82 49 6 
57 39 161 67 54 8 
58 42 170 68 64 6 
59 43 178 78 62 3 
60 52 178 73 71 5 
61 45 177 79 80 5 
62 38 167 72 100 11 
63 36 163 76 100 10 
64 42 165 77 99 7 
65 36 155 91 93 6 
66 29 182 88 93 4 
67 25 205 76 94 4 
68 29 224 75 88 1 
69 30 245 86 101 2 
70 27 252 88 112 4 
71 29 297 96 119 10 
72 46 317 107 135 12 
73 49 355 113 155 17 
74 52 368 114 160 23 
75 60 405 132 172 29 
76 70 458 139 197 25 
77 74 469 149 215 25 
78 77 502 145 219 26 
79 85 568 159 235 21 
80 84 608 161 247 22 
81 94 623 176 277 24 
82 89 665 174 296 35 
83 88 685 190 290 38 
84 88 712 208 319 43 
85 101 774 227 368 39 
86 121 849 238 407 46 
87 127 876 257 417 60 
88 151 932 280 451 55 
89 159 972 297 473 60 
90 172 1011 333 478 50 
91 170 1115 359 496 54 
92 189 1186 403 531 44 
93 192 1255 412 590 45 
94 199 1331 436 621 47 
95 220 1413 467 615 58 
96 222 1535 515 635 58 
97 224 1618 549 652 55 
98 248 1725 559 716 52 
99 263 1769 582 774 59 
100 287 1783 662 844 67 
101 302 1883 689 922 91 
102 321 2015 751 973 105 
103 335 2071 760 994 116 
104 375 2200 781 1061 116 
105 381 2313 890 1130 117 
106 423 2490 941 1188 130 
107 433 2638 1012 1263 143 
108 442 2748 1088 1361 158 
109 444 2879 1175 1416 169 
110 456 2927 1210 1529 183 
111 466 2995 1279 1608 177 
112 498 3214 1324 1633 181 
113 532 3305 1404 1687 177 
114 580 3591 1507 1782 174 
115 615 3723 1659 1851 181 
116 644 3984 1732 1987 194 
117 705 4115 1784 2136 209 
118 708 4238 1869 2207 212 
119 743 4338 1983 2287 233 
120 811 4520 2093 2434 252 
121 877 4720 2156 2571 255 
122 905 4992 2330 2659 296 
123 959 5008 2386 2913 292 
124 1027 5140 2549 2999 297 
125 1060 5379 2710 3054 316 
126 1084 5619 2838 3209 345 
127 1163 5814 2976 3353 364 
128 1208 6026 3102 3483 372 
129 1315 6207 3206 3685 390 
130 1395 6336 3334 3815 422 
131 1462 6585 3422 4069 439 
132 1510 6765 3589 4279 438 
133 1583 6910 3800 4427 490 
134 1620 7082 3935 4598 530 
135 1717 7278 4048 4840 593 
136 1767 7546 4171 4989 617 
137 1790 7798 4249 5081 628 
138 1774 8062 4447 5302 635 
139 1775 8270 4666 5529 688 
140 1843 8657 4841 5773 742 
141 1937 8784 5084 5976 808 
142 2033 9080 5351 6294 844 
143 2108 9363 5634 6465 886 
144 2206 9400 5896 6752 929 
145 2344 9646 6175 6961 1000 
146 2434 9841 6512 7260 1042 
147 2436 9974 6818 7557 1152 
148 2507 10171 7025 7761 1164 
149 2587 10402 7380 8049 1188 
150 2684 10723 7712 8368 1260 
151 2766 10724 7991 8734 1275 
152 2820 10882 8193 9094 1296 
153 2977 11023 8574 9295 1330 
154 3058 11131 8858 9701 1287 
155 3197 11283 9169 10027 1394 
156 3341 11403 9427 10280 1400 
157 3418 11508 9740 10586 1515 
158 3527 11684 10042 10765 1619 
159 3689 11740 10315 11018 1673 
160 3696 11918 10686 11498 1769 
161 3747 12062 11104 11794 1898 
162 3921 12043 11508 12054 1955 
163 3979 12107 11734 12317 1992 
164 4004 12363 11955 12653 2065 
165 4108 12367 12285 12900 2170 
166 4228 12462 12546 13032 2239 
167 4369 12463 12868 13339 2233 
168 4389 12362 13110 13769 2324 
169 4510 12309 13418 13945 2413 
170 4556 12368 13689 14142 2447 
171 4614 12353 13972 14273 2409 
172 4693 12371 14158 14500 2540 
173 4786 12284 14440 14906 2605 
174 4791 12042 14581 15037 2714 
175 4836 11928 14736 15320 2706 
176 4882 11923 14793 15314 2752 
177 4939 11782 14893 15348 2774 
178 4970 11594 15055 15295 2838 
179 4953 11369 15251 15473 2860 
180 5020 11224 15375 15552 2998 
181 4946 11049 15555 15611 3059 
182 4928 10819 15616 15820 3119 
183 4929 10570 15566 15758 3176 
184 5046 10420 15553 15621 3227 
185 4999 10258 15689 15776 3337 
186 4944 10084 15634 15828 3366 
187 4964 9801 15711 15889 3366 
188 4906 9725 15800 15655 3378 
189 4917 9432 15669 15487 3382 
190 4858 9271 15485 15546 3413 
191 4744 9033 15447 15299 3377 
192 4741 8922 15491 15207 3323 
193 4697 8834 15315 15146 3246 
194 4662 8542 15131 14990 3151 
195 4610 8400 15007 14939 3176 
196 4540 8195 14872 14681 3096 
197 4558 7962 14776 14360 3119 
198 4504 7640 14476 14190 3089 
199 4427 7493 14154 13948 3027 
200 4290 7285 14086 13692 2949 
201 4247 7038 13778 13390 2841 
202 4153 6780 13548 12917 2760 
203 4078 6629 13379 12803 2686 
204 4147 6472 13374 12528 2641 
205 4097 6364 13055 12345 2672 
206 4030 6190 12825 12170 2606 
207 3924 6068 12617 11827 2543 
208 3722 5835 12372 11467 2399 
209 3679 5811 12118 11239 2330 
210 3576 5719 11820 10894 2279 
211 3492 5460 11480 10605 2201 
212 3434 5247 11242 10288 2187 
213 3330 5096 10844 10007 2149 
214 3270 4821 10685 9775 2085 
215 3207 4664 10364 9449 2016 
216 3155 4519 10109 9173 1886 
217 3059 4304 9974 8961 1831 
218 2932 4085 9833 8692 1791 
219 2837 3939 9440 8337 1720 
220 2700 3697 9185 8065 1662 
221 2577 3546 8865 7726 1648 
222 2546 3392 8629 7335 1625 
223 2503 3305 8220 7101 1573 
224 2411 3255 7872 6834 1522 
225 2322 3189 7576 6635 1484 
226 2229 3022 7272 6416 1465 
227 2129 2919 7020 6203 1421 
228 2106 2748 6765 6045 1423 
229 2062 2690 6545 5931 1376 
230 1985 2541 6384 5752 1346 
231 1884 2401 6199 5509 1306 
232 1792 2355 5932 5362 1235 
233 1770 2296 5781 5208 1197 
234 1707 2247 5463 5031 1101 
235 1640 2158 5260 4902 1057 
236 1591 2078 5093 4768 975 
237 1605 1994 4940 4585 960 
238 1524 1878 4715 4401 948 
239 1415 1737 4542 4202 946 
240 1401 1685 4360 4084 942 
241 1376 1646 4244 3896 929 
242 1345 1600 4137 3796 875 
243 1256 1510 4013 3606 847 
244 1245 1463 3930 3476 825 
245 1169 1417 3800 3331 806 
246 1135 1417 3675 3223 779 
247 1081 1317 3523 3093 785 
248 1021 1235 3432 3002 786 
249 1026 1202 3355 2945 729 
250 986 1164 3264 2843 681 
251 932 1112 3086 2698 665 
252 878 1075 2964 2598 631 
253 862 1001 2850 2533 580 
254 822 975 2732 2383 568 
255 746 893 2576 2305 496 
256 725 827 2491 2216 468 
257 711 816 2418 2080 461 
258 688 764 2315 2012 430 
259 664 728 2262 1939 398 
260 669 700 2200 1812 372 
261 628 686 2168 1683 349 
262 588 645 2044 1643 301 
263 536 609 1970 1534 305 
264 516 599 1939 1467 275 
265 513 616 1859 1392 285 
266 483 588 1806 1337 291 
267 473 558 1709 1316 250 
268 448 541 1621 1284 262 
269 433 530 1524 1236 252 
270 409 531 1449 1195 241 
271 375 508 1425 1139 209 
272 352 456 1350 1109 202 
273 339 419 1316 1053 192 
274 329 402 1271 1016 190 
275 289 391 1254 975 188 
276 301 360 1247 922 192 
277 296 342 1182 877 180 
278 262 343 1096 839 177 
279 278 339 1052 783 165 
280 286 332 981 774 150 
281 278 311 918 737 140 
282 256 308 885 704 146 
283 240 274 916 677 146 
284 223 257 859 633 154 
285 224 261 786 638 142 
286 199 263 705 645 120 
287 199 259 669 632 117 
288 179 255 620 571 120 
289 187 246 600 562 127 
290 177 243 593 537 121 
291 171 247 559 486 112 
292 151 235 533 457 113 
293 128 211 509 451 120 
294 137 179 494 437 122 
295 144 186 474 422 109 
296 151 170 458 401 114 
297 139 148 437 361 100 
298 131 126 429 339 93 
299 124 124 420 305 98 
300 126 117 397 298 91 
301 122 120 379 274 94 
302 107 103 357 249 93 
303 94 88 359 234 83 
304 87 84 320 212 65 
305 79 79 309 199 65 
306 78 81 295 183 58 
307 77 77 280 192 47 
308 87 70 231 189 51 
309 82 52 222 179 45 
310 71 50 209 173 47 
311 63 44 202 168 48 
312 70 44 187 160 41 
313 57 40 168 157 42 
314 60 39 170 163 35 
315 63 42 176 149 31 
316 65 39 159 147 24 
317 52 35 126 147 25 
318 46 26 118 134 29 
319 47 16 108 125 27 
320 52 15 95 123 27 
321 46 19 95 118 25 
322 38 17 92 120 24 
323 30 18 85 108 21 
324 33 19 86 101 19 
325 30 21 89 94 16 
326 26 24 76 95 14 
327 23 23 63 94 14 
328 24 22 55 88 14 
329 28 22 50 81 14 
330 25 21 52 83 15 
331 24 17 51 82 13 
332 20 15 44 79 12 
333 15 13 27 62 16 
334 14 14 26 56 17 
335 13 17 27 54 13 
336 15 17 28 48 14 
337 10 14 30 34 10 
338 10 18 28 31 10 
339 8 16 37 26 10 
340 5 14 35 24 8 
341 4 15 36 30 5 
342 4 15 33 32 2 
343 4 15 28 33 0 
344 2 13 20 31 0 
345 1 9 19 26 0 
346 4 7 20 28 0 
347 4 7 15 23 0 
348 1 7 16 20 0 
349 0 6 15 17 0 
350 0 7 15 16 0 
351 0 6 18 14 1 
352 1 4 19 7 2 
353 1 3 14 5 1 
354 1 4 17 5 1 
355 1 3 22 6 0 
356 0 2 20 6 0 
357 0 2 15 5 0 
358 0 3 15 5 0 
359 0 3 14 5 0 
360 0 3 10 5 0 
361 0 5 9 4 0 
362 0 6 12 5 0 
363 1 7 11 4 0 
364 2 5 8 5 0 
365 1 6 10 6 0 
366 2 7 6 6 0 
367 3 8 4 6 0 
368 3 11 4 3 0 
369 2 8 7 4 0 
370 3 8 8 4 0 
371 3 13 7 3 0 
372 2 10 8 2 0 
373 3 10 9 3 0 
374 3 9 12 3 0 
375 8 12 12 4 0 
376 9 11 9 2 0 
377 9 10 7 3 0 
378 9 13 8 2 0 
379 5 13 8 1 0 
380 5 16 7 2 0 
381 4 18 8 2 0 
382 2 18 7 4 0 
383 5 17 11 3 0 
384 2 13 14 1 0 
385 5 12 17 1 0 
386 5 6 17 2 0 
387 6 6 8 2 0 
388 5 7 3 1 0 
389 5 1 2 0 0 
390 2 1 2 0 0 
391 2 1 1 0 0 
392 1 1 1 0 0 
393 2 1 0 0 0 
394 3 2 1 0 0 
395 3 3 1 0 0 
396 4 2 1 2 0 
397 4 2 2 1 0 
398 2 3 2 1 0 
399 0 0 5 2 0 
400 0 0 3 0 0 
401 0 0 2 0 0 
402 0 0 2 0 0 
403 0 0 3 0 0 
404 0 0 2 0 0 
405 0 0 2 0 0 
406 0 0 1 0 0 
407 0 0 2 0 0 
408 0 0 1 0 0 
409 0 0 1 0 0 
410 0 0 0 0 0 
