1 0 12 0 0 0 
2 0 12 0 1 0 
3 0 17 0 0 0 
4 0 16 0 0 0 
5 0 15 0 0 0 
6 0 18 0 0 0 
7 0 14 0 0 0 
8 0 14 0 0 0 
9 0 13 0 0 0 
10 0 13 0 0 0 
11 0 12 0 0 1 
12 0 11 1 2 1 
13 1 11 0 2 2 
14 2 13 0 2 1 
15 3 9 0 2 0 
16 4 6 0 2 0 
17 4 6 0 1 0 
18 3 7 0 1 0 
19 1 9 0 1 0 
20 0 11 0 1 0 
21 0 13 0 0 0 
22 0 15 0 1 0 
23 0 17 0 0 0 
24 0 14 0 0 0 
25 0 12 0 0 0 
26 0 10 0 0 0 
27 0 14 0 0 0 
28 1 15 0 0 0 
29 2 15 0 2 0 
30 1 20 0 2 0 
31 0 21 2 3 0 
32 1 17 3 2 0 
33 1 17 3 4 0 
34 5 22 4 4 0 
35 5 24 3 6 0 
36 5 21 4 6 0 
37 6 18 3 5 0 
38 5 20 3 5 0 
39 6 26 3 7 0 
40 3 26 4 8 0 
41 5 36 1 4 0 
42 4 48 0 3 0 
43 1 43 0 6 0 
44 1 48 0 4 0 
45 0 40 2 7 0 
46 1 44 3 9 0 
47 1 51 6 9 0 
48 2 60 6 5 0 
49 4 55 3 10 0 
50 4 63 4 11 0 
51 2 75 7 10 0 
52 3 75 6 10 0 
53 5 71 5 7 0 
54 3 68 6 8 1 
55 5 67 5 7 0 
56 3 83 4 5 0 
57 2 79 3 6 0 
58 6 81 5 5 0 
59 10 86 6 3 0 
60 10 101 8 5 0 
61 12 107 9 7 0 
62 13 118 7 6 0 
63 13 131 8 6 0 
64 9 135 10 8 0 
65 9 147 12 8 0 
66 10 163 18 9 0 
67 14 170 22 12 0 
68 12 166 25 18 0 
69 11 180 30 20 0 
70 14 185 33 20 0 
71 20 186 35 18 0 
72 21 187 40 21 0 
73 21 196 42 21 0 
74 24 211 39 23 0 
75 23 222 35 26 2 
76 24 232 42 27 3 
77 24 240 50 32 5 
78 27 230 59 32 5 
79 33 246 61 38 5 
80 41 246 63 43 4 
81 44 249 72 48 7 
82 37 240 89 59 6 
83 34 259 76 64 5 
84 37 302 63 65 4 
85 42 346 66 69 6 
86 37 337 62 69 5 
87 45 339 58 82 8 
88 53 355 65 83 9 
89 53 359 75 81 9 
90 56 376 81 78 13 
91 60 404 82 67 14 
92 63 441 79 68 15 
93 66 449 92 71 25 
94 58 478 111 88 22 
95 60 488 124 80 20 
96 60 509 136 82 19 
97 67 539 150 96 17 
98 74 561 149 113 18 
99 85 602 157 136 20 
100 85 587 174 169 22 
101 83 615 181 202 35 
102 87 638 195 223 35 
103 85 690 212 245 36 
104 88 724 217 272 37 
105 106 768 225 292 38 
106 128 779 230 310 36 
107 135 836 210 327 35 
108 140 843 206 360 40 
109 155 869 240 366 42 
110 173 915 253 387 48 
111 203 930 279 422 50 
112 214 961 279 460 54 
113 216 1046 302 505 76 
114 249 1069 324 542 83 
115 261 1139 349 555 82 
116 286 1125 402 583 94 
117 298 1157 404 608 101 
118 298 1233 465 634 112 
119 334 1314 470 675 116 
120 358 1372 482 712 121 
121 348 1448 537 763 134 
122 391 1531 583 814 136 
123 381 1541 635 868 132 
124 379 1601 670 936 128 
125 393 1732 703 962 145 
126 429 1860 767 1030 153 
127 425 1987 814 1111 175 
128 437 2080 896 1167 182 
129 462 2226 950 1246 189 
130 464 2299 992 1308 219 
131 486 2417 1071 1336 206 
132 496 2571 1173 1395 209 
133 534 2684 1259 1460 235 
134 523 2842 1289 1543 237 
135 539 2963 1391 1631 245 
136 583 3181 1496 1733 244 
137 628 3333 1558 1836 229 
138 677 3444 1665 1932 224 
139 721 3659 1807 2069 237 
140 777 3891 1897 2176 255 
141 806 4086 2010 2317 276 
142 857 4278 2105 2448 306 
143 893 4574 2176 2594 333 
144 920 4685 2329 2702 349 
145 983 4933 2459 2867 379 
146 1058 5113 2573 3027 382 
147 1147 5209 2666 3198 373 
148 1173 5468 2809 3290 402 
149 1266 5879 2904 3455 429 
150 1340 6172 3098 3624 469 
151 1426 6367 3195 3828 470 
152 1440 6610 3320 4005 495 
153 1531 6882 3455 4164 520 
154 1640 6979 3508 4337 536 
155 1722 7192 3632 4528 524 
156 1811 7425 3799 4764 565 
157 1826 7637 4164 5012 570 
158 1899 7932 4318 5262 564 
159 2007 8131 4583 5565 621 
160 2039 8468 4837 5714 622 
161 2126 8669 5020 5936 662 
162 2196 9013 5270 6096 698 
163 2300 9280 5560 6378 746 
164 2382 9680 5767 6662 770 
165 2449 9905 6115 7024 787 
166 2576 10164 6375 7281 793 
167 2695 10381 6596 7536 844 
168 2836 10475 6866 7771 898 
169 2976 10773 7226 7918 974 
170 3024 11076 7522 8235 1033 
171 3097 11274 7851 8479 1060 
172 3191 11373 8261 8843 1063 
173 3279 11451 8604 9205 1134 
174 3246 11664 8894 9417 1179 
175 3356 11696 9312 9801 1239 
176 3368 11892 9592 10190 1339 
177 3489 12168 9783 10482 1408 
178 3550 12216 10114 10777 1451 
179 3588 12368 10298 11007 1479 
180 3689 12390 10754 11305 1536 
181 3849 12514 10937 11552 1647 
182 3937 12624 11301 11753 1659 
183 3976 12899 11548 12060 1757 
184 4079 12900 11734 12424 1775 
185 4170 12990 11957 12702 1825 
186 4284 12968 12105 12928 1876 
187 4383 12887 12450 13288 1965 
188 4521 12749 12630 13406 2045 
189 4513 12653 13015 13708 2101 
190 4623 12734 13342 13961 2158 
191 4632 12453 13658 14256 2186 
192 4607 12239 13879 14449 2241 
193 4633 12094 14219 14589 2347 
194 4669 12033 14520 14587 2407 
195 4642 11858 14817 14684 2455 
196 4734 11743 14999 14814 2476 
197 4774 11631 15224 15080 2580 
198 4822 11467 15336 15242 2627 
199 4905 11291 15585 15392 2714 
200 4789 11140 15892 15605 2690 
201 4892 11029 15905 15455 2808 
202 4899 10721 15971 15517 2869 
203 4924 10503 16108 15560 2908 
204 4907 10369 16098 15542 2964 
205 4941 10219 16302 15539 2982 
206 4919 10133 16165 15422 3003 
207 4839 9952 16248 15514 3018 
208 4864 9798 16371 15400 3042 
209 4814 9456 16272 15334 2982 
210 4873 9184 16256 15311 3031 
211 4897 8942 16223 15232 3140 
212 4952 8746 16094 14997 3119 
213 4816 8592 16027 14894 3164 
214 4737 8343 15872 14707 3142 
215 4650 8240 15742 14487 3130 
216 4518 8037 15610 14270 3099 
217 4513 7694 15318 13944 3112 
218 4434 7505 15142 13872 3112 
219 4345 7405 15017 13617 2995 
220 4302 7311 14724 13403 2986 
221 4229 7152 14647 13147 2948 
222 4183 6968 14458 13038 2863 
223 4136 6664 14167 12923 2781 
224 4109 6463 13911 12823 2830 
225 4014 6245 13631 12555 2752 
226 3883 5998 13402 12390 2762 
227 3917 5786 13035 12323 2746 
228 3848 5741 12713 12125 2670 
229 3779 5611 12437 11822 2593 
230 3665 5414 12069 11528 2564 
231 3607 5341 11948 11258 2556 
232 3587 5142 11745 10949 2518 
233 3486 4937 11375 10707 2518 
234 3326 4693 10984 10350 2445 
235 3244 4455 10749 9938 2430 
236 3217 4419 10496 9634 2400 
237 3170 4267 10189 9266 2239 
238 3025 4101 10001 8888 2219 
239 2966 3962 9758 8583 2141 
240 2854 3897 9572 8433 2110 
241 2811 3742 9274 8231 1984 
242 2697 3546 8965 8046 1947 
243 2668 3482 8828 7726 1883 
244 2612 3416 8511 7547 1818 
245 2513 3296 8274 7273 1787 
246 2482 3173 8016 6963 1757 
247 2458 3050 7747 6676 1729 
248 2344 2963 7396 6280 1691 
249 2295 2954 7166 6091 1678 
250 2194 2876 6870 5837 1603 
251 2117 2785 6580 5582 1571 
252 2052 2639 6402 5431 1581 
253 1988 2549 6126 5191 1538 
254 1875 2419 5867 5070 1455 
255 1784 2321 5716 4846 1399 
256 1733 2202 5514 4650 1377 
257 1608 2129 5252 4487 1357 
258 1562 2064 5144 4338 1268 
259 1550 1984 5075 4237 1228 
260 1480 1928 4883 4164 1127 
261 1339 1832 4767 3985 1077 
262 1263 1756 4603 3843 1025 
263 1283 1631 4497 3691 1001 
264 1241 1575 4309 3523 945 
265 1179 1490 4169 3411 903 
266 1153 1409 4007 3208 853 
267 1130 1340 3772 3152 810 
268 1049 1271 3600 2995 765 
269 1009 1226 3452 2897 730 
270 926 1221 3278 2860 708 
271 908 1169 3128 2688 677 
272 902 1172 3067 2592 652 
273 852 1076 2902 2460 614 
274 828 1047 2811 2317 587 
275 765 1006 2708 2254 565 
276 736 936 2590 2166 523 
277 685 917 2422 2061 459 
278 624 867 2260 1916 454 
279 585 837 2222 1836 451 
280 564 795 2172 1801 428 
281 523 784 2101 1714 387 
282 519 731 1956 1650 368 
283 503 682 1868 1612 366 
284 509 628 1716 1545 336 
285 495 614 1666 1478 314 
286 485 594 1612 1430 297 
287 478 575 1537 1358 301 
288 428 535 1473 1259 287 
289 409 529 1405 1177 283 
290 397 501 1380 1130 258 
291 381 461 1410 1063 247 
292 361 432 1348 1043 231 
293 346 429 1273 994 234 
294 351 420 1219 944 249 
295 344 388 1153 910 221 
296 331 357 1127 870 201 
297 293 349 1078 837 183 
298 279 333 1064 814 165 
299 253 343 1064 788 165 
300 263 316 1003 783 156 
301 257 299 969 720 148 
302 243 284 958 707 133 
303 239 260 903 692 121 
304 253 269 828 655 124 
305 241 278 796 650 127 
306 218 248 763 589 145 
307 201 245 756 608 135 
308 202 214 769 575 128 
309 197 201 768 556 121 
310 191 195 751 540 112 
311 193 185 696 552 99 
312 188 168 659 531 109 
313 172 153 620 480 99 
314 170 166 585 422 81 
315 175 148 562 397 83 
316 161 137 564 381 87 
317 145 129 561 373 85 
318 139 124 539 346 76 
319 142 119 533 337 71 
320 143 118 492 301 61 
321 118 117 482 314 63 
322 114 117 423 298 59 
323 111 118 390 318 60 
324 105 117 391 306 57 
325 107 112 345 311 47 
326 94 102 330 288 54 
327 93 96 327 289 43 
328 99 91 307 261 43 
329 91 81 279 237 42 
330 100 70 259 230 48 
331 96 65 241 212 44 
332 95 67 216 192 54 
333 81 61 203 176 55 
334 79 69 202 171 62 
335 75 57 197 166 58 
336 78 56 199 165 59 
337 61 51 205 179 54 
338 65 51 192 181 51 
339 68 53 156 195 46 
340 71 60 161 189 46 
341 70 53 148 175 49 
342 71 58 141 163 52 
343 61 60 159 169 45 
344 66 65 157 149 40 
345 54 72 148 153 40 
346 53 74 136 127 37 
347 52 61 143 108 24 
348 57 63 147 102 24 
349 64 52 143 102 21 
350 59 51 142 91 28 
351 57 62 137 97 33 
352 56 42 136 83 24 
353 58 39 115 77 15 
354 62 31 122 63 14 
355 52 25 123 55 15 
356 45 21 125 59 16 
357 49 18 117 62 12 
358 43 17 113 58 14 
359 35 15 110 51 13 
360 35 16 96 53 16 
361 37 15 76 61 18 
362 34 14 73 46 15 
363 37 10 78 43 16 
364 34 9 82 44 14 
365 37 9 75 35 13 
366 26 11 84 40 15 
367 25 12 72 51 18 
368 18 16 74 54 16 
369 13 23 79 48 15 
370 13 17 72 43 16 
371 12 14 71 46 18 
372 7 14 51 39 19 
373 6 15 50 38 17 
374 8 11 51 30 20 
375 11 12 44 26 17 
376 6 7 41 28 16 
377 6 6 38 24 13 
378 4 6 40 18 14 
379 5 6 41 18 17 
380 10 6 47 21 21 
381 9 6 47 29 23 
382 7 6 54 25 23 
383 5 3 50 28 15 
384 7 3 51 31 14 
385 9 3 44 30 15 
386 8 2 35 31 15 
387 7 3 35 34 19 
388 9 1 39 34 18 
389 7 3 40 33 15 
390 6 4 35 30 13 
391 4 3 37 36 12 
392 3 6 40 39 7 
393 4 8 44 36 6 
394 3 8 43 29 7 
395 5 8 43 31 8 
396 6 6 47 31 7 
397 4 5 45 35 9 
398 8 5 38 29 14 
399 6 5 31 28 15 
400 6 4 33 33 15 
401 9 5 31 37 15 
402 5 7 30 35 8 
403 6 5 29 33 7 
404 7 10 21 38 8 
405 7 8 19 40 8 
406 4 6 20 45 10 
407 3 5 21 52 12 
408 3 5 16 41 12 
409 6 3 15 41 12 
410 5 1 15 36 13 
411 5 0 13 33 9 
412 3 0 17 25 5 
413 4 0 17 19 6 
414 3 0 19 20 5 
415 4 0 25 19 7 
416 3 1 21 14 8 
417 2 1 18 14 5 
418 3 0 12 11 4 
419 4 0 17 11 3 
420 4 0 15 11 1 
421 4 0 17 11 2 
422 4 0 13 9 1 
423 3 0 19 10 1 
424 5 0 21 6 2 
425 4 0 20 5 1 
426 4 0 23 3 0 
427 3 0 22 4 0 
428 3 0 16 4 0 
429 4 1 14 8 0 
430 1 0 14 11 0 
431 2 0 13 12 0 
432 2 1 13 11 0 
433 2 1 11 12 0 
434 1 2 12 15 0 
435 1 2 12 8 0 
436 2 2 15 6 0 
437 2 4 16 5 0 
438 2 3 17 5 0 
439 2 3 20 7 0 
440 2 2 20 5 1 
441 2 2 25 4 0 
442 2 2 32 6 0 
443 5 2 28 10 0 
444 4 2 24 14 0 
445 3 2 23 13 0 
446 3 2 20 11 0 
447 3 3 20 13 0 
448 3 3 13 16 0 
449 2 2 13 15 0 
450 1 1 19 13 0 
451 2 1 15 14 0 
452 3 3 12 12 0 
453 3 3 11 9 0 
454 3 4 9 8 0 
455 4 3 12 6 0 
456 4 4 8 6 0 
457 3 6 9 6 0 
458 3 6 6 7 0 
459 2 6 4 9 0 
460 2 4 4 7 0 
461 2 8 4 9 0 
462 3 6 4 12 0 
463 2 5 3 8 0 
464 2 2 4 7 0 
465 2 2 3 10 1 
466 0 2 4 6 2 
467 0 1 5 10 2 
468 0 1 6 9 2 
469 0 0 8 12 1 
470 0 0 10 15 3 
471 1 0 10 16 1 
472 2 1 9 14 1 
473 3 3 9 11 2 
474 3 1 10 13 2 
475 2 2 10 13 2 
476 2 2 9 9 2 
477 2 3 5 6 1 
478 2 2 2 5 2 
479 2 2 0 4 3 
480 0 1 0 4 2 
481 0 0 0 3 3 
482 0 0 1 2 0 
483 0 0 1 4 0 
484 0 0 1 3 0 
485 0 0 2 3 0 
486 0 0 1 2 0 
487 0 0 0 1 0 
488 0 0 0 1 0 
489 0 0 0 1 0 
490 0 0 0 1 0 
491 0 0 0 1 0 
492 0 0 0 1 0 
493 0 0 0 1 0 
494 0 0 0 0 0 
