1 0 3 0 0 0 
2 0 12 0 0 0 
3 0 5 0 0 0 
4 0 5 0 1 0 
5 0 7 0 0 0 
6 0 15 0 1 0 
7 1 15 0 1 0 
8 0 18 0 1 0 
9 1 17 1 2 0 
10 5 19 0 2 0 
11 0 25 0 3 0 
12 1 13 0 2 0 
13 2 16 0 1 0 
14 0 16 0 3 0 
15 3 12 1 1 0 
16 2 20 2 3 0 
17 3 20 0 5 0 
18 4 16 1 3 0 
19 2 30 2 2 0 
20 1 24 3 3 0 
21 2 35 3 3 0 
22 2 28 5 6 0 
23 3 36 3 9 0 
24 1 42 4 8 0 
25 3 43 5 7 0 
26 4 44 4 5 0 
27 10 46 2 7 0 
28 6 44 9 10 0 
29 10 45 4 11 1 
30 5 59 4 10 0 
31 3 45 9 12 0 
32 9 45 8 11 1 
33 10 52 11 7 1 
34 4 46 8 14 1 
35 8 62 11 12 1 
36 3 62 11 7 0 
37 7 77 6 16 2 
38 8 65 15 16 1 
39 9 56 8 23 1 
40 12 44 13 17 0 
41 9 71 11 19 0 
42 11 67 12 24 1 
43 3 71 16 22 0 
44 4 64 18 22 0 
45 4 82 11 17 0 
46 8 93 15 18 0 
47 9 86 25 27 0 
48 13 104 27 25 0 
49 14 94 18 31 1 
50 14 88 26 30 0 
51 12 108 29 37 0 
52 22 110 15 43 1 
53 15 106 19 46 0 
54 21 111 19 52 0 
55 13 170 31 41 1 
56 17 181 28 56 4 
57 20 175 45 52 1 
58 20 191 51 67 1 
59 19 177 64 58 0 
60 20 216 86 63 3 
61 36 219 92 72 1 
62 32 227 81 81 7 
63 42 243 72 91 4 
64 29 223 87 88 3 
65 48 272 78 99 11 
66 39 273 86 94 7 
67 38 298 82 111 6 
68 50 306 107 109 11 
69 43 377 106 133 11 
70 59 380 136 131 12 
71 49 384 133 151 19 
72 59 371 132 162 21 
73 61 375 145 177 20 
74 62 403 158 179 18 
75 53 375 161 186 26 
76 72 441 168 219 31 
77 88 452 192 246 29 
78 86 515 195 245 29 
79 98 518 226 269 25 
80 107 488 221 247 22 
81 108 551 279 271 29 
82 111 528 273 284 46 
83 121 586 268 286 39 
84 137 635 310 318 49 
85 132 632 305 345 40 
86 118 720 336 379 57 
87 163 712 347 373 62 
88 177 691 337 395 62 
89 176 780 380 459 68 
90 169 763 437 479 78 
91 167 798 437 456 75 
92 165 885 417 527 65 
93 182 915 502 507 74 
94 204 975 520 589 83 
95 195 1008 539 600 101 
96 203 1118 562 655 110 
97 245 1159 570 692 111 
98 258 1198 536 661 104 
99 266 1256 650 769 113 
100 263 1268 679 804 136 
101 276 1316 750 849 135 
102 274 1377 760 895 146 
103 307 1454 774 968 157 
104 337 1504 801 1022 161 
105 359 1610 854 1069 156 
106 398 1663 945 1045 179 
107 365 1742 918 1115 175 
108 394 1802 983 1215 190 
109 364 1945 1051 1196 203 
110 400 1987 1097 1372 211 
111 462 1952 1230 1331 185 
112 502 2048 1145 1469 206 
113 511 2085 1254 1540 220 
114 499 2185 1304 1604 218 
115 492 2197 1372 1633 232 
116 514 2385 1413 1723 248 
117 547 2440 1543 1764 244 
118 582 2516 1566 1891 274 
119 620 2615 1661 1965 280 
120 611 2664 1684 2048 281 
121 675 2845 1722 2207 305 
122 707 2905 1899 2277 294 
123 777 2922 1956 2403 340 
124 808 3077 2016 2466 350 
125 796 3111 2122 2454 370 
126 864 3296 2133 2565 392 
127 881 3404 2330 2647 435 
128 915 3580 2354 2789 408 
129 927 3493 2525 2844 451 
130 966 3696 2554 2945 449 
131 953 3856 2683 2971 457 
132 978 3856 2700 3092 485 
133 1035 3946 2814 3027 529 
134 1006 4003 3037 3333 508 
135 1084 3987 3079 3357 555 
136 1167 3964 3197 3459 576 
137 1191 4088 3240 3572 604 
138 1227 4144 3498 3776 579 
139 1244 4081 3475 3804 640 
140 1280 4027 3802 3912 683 
141 1322 4186 3709 3928 644 
142 1453 4214 3766 4050 646 
143 1399 4156 4001 4017 699 
144 1374 4283 4139 4140 704 
145 1457 4188 4239 4269 700 
146 1513 4406 4405 4459 731 
147 1460 4300 4445 4405 737 
148 1523 4353 4468 4457 796 
149 1546 4280 4689 4491 813 
150 1607 4206 4644 4624 761 
151 1627 4232 4765 4739 769 
152 1598 4149 4827 4809 769 
153 1656 4149 4954 4821 820 
154 1699 4076 4972 4834 842 
155 1629 4086 5065 4971 820 
156 1706 3997 5112 4880 867 
157 1742 3955 5140 5139 883 
158 1616 4055 5194 5128 892 
159 1682 3973 5102 5039 890 
160 1710 3875 5266 5136 926 
161 1753 3796 5220 5026 966 
162 1647 3772 5279 5147 946 
163 1684 3676 5364 5186 915 
164 1668 3724 5216 5074 999 
165 1695 3732 5332 5089 1024 
166 1754 3547 5359 5128 999 
167 1760 3360 5371 5174 971 
168 1801 3416 5268 5040 967 
169 1597 3328 5337 5189 927 
170 1661 3234 5413 4979 999 
171 1654 3170 5228 4947 975 
172 1658 2967 5147 4999 965 
173 1592 2974 5211 4805 918 
174 1632 2960 5043 4866 991 
175 1564 2823 5023 4746 902 
176 1638 2685 5010 4698 932 
177 1565 2518 4833 4537 849 
178 1498 2456 4730 4378 924 
179 1523 2500 4818 4487 863 
180 1376 2296 4659 4346 946 
181 1442 2242 4431 4223 891 
182 1429 2232 4423 4271 853 
183 1462 2132 4388 3956 847 
184 1364 2053 4361 3845 845 
185 1336 2118 4315 3796 770 
186 1356 2131 4252 3699 778 
187 1310 1990 4160 3735 774 
188 1273 1972 3936 3602 795 
189 1260 1891 3770 3600 778 
190 1202 1731 3737 3420 725 
191 1161 1728 3721 3361 753 
192 1156 1663 3537 3184 697 
193 1162 1531 3473 3206 684 
194 1061 1480 3472 2997 675 
195 1035 1446 3418 3052 681 
196 1046 1399 3345 2802 613 
197 955 1272 3250 2894 608 
198 984 1303 3185 2712 639 
199 933 1347 2913 2562 564 
200 852 1212 2883 2505 523 
201 840 1082 2831 2535 537 
202 841 1071 2752 2326 537 
203 832 1100 2624 2331 524 
204 801 1087 2584 2285 568 
205 761 1020 2594 2208 529 
206 767 950 2440 2079 530 
207 708 894 2462 2047 517 
208 699 821 2279 2012 445 
209 677 880 2245 1952 449 
210 639 809 2173 1877 418 
211 661 809 2116 1742 421 
212 581 765 2037 1580 403 
213 648 735 1905 1611 407 
214 552 694 1929 1513 388 
215 488 678 1782 1551 332 
216 547 630 1792 1433 349 
217 530 592 1753 1401 291 
218 542 564 1613 1399 322 
219 508 509 1623 1392 306 
220 502 517 1447 1319 338 
221 476 475 1446 1251 267 
222 470 454 1321 1137 311 
223 428 460 1392 1142 245 
224 432 386 1355 1060 253 
225 392 370 1307 1062 232 
226 389 374 1278 967 232 
227 347 403 1200 953 243 
228 343 361 1139 945 209 
229 331 341 1068 928 218 
230 305 317 1117 860 196 
231 300 323 978 807 158 
232 310 320 987 826 170 
233 265 293 969 763 175 
234 260 323 893 728 175 
235 247 296 887 730 176 
236 236 276 874 705 165 
237 223 244 831 608 139 
238 234 252 818 655 158 
239 231 223 722 625 132 
240 198 219 733 568 132 
241 186 242 664 527 142 
242 179 213 675 516 112 
243 167 199 637 473 97 
244 164 176 637 470 108 
245 150 171 599 488 104 
246 153 172 605 488 96 
247 135 167 561 462 81 
248 148 169 565 387 99 
249 131 170 572 399 81 
250 129 140 562 341 82 
251 156 148 526 329 72 
252 127 133 422 366 78 
253 139 134 426 333 84 
254 131 150 407 303 76 
255 133 135 413 319 78 
256 147 114 408 339 72 
257 121 119 364 303 59 
258 128 112 383 284 50 
259 112 110 375 266 46 
260 109 129 333 264 55 
261 81 127 312 267 39 
262 101 113 315 234 45 
263 84 102 291 241 39 
264 88 96 253 236 42 
265 75 107 232 242 36 
266 66 101 256 212 38 
267 69 84 223 214 33 
268 57 74 197 186 28 
269 65 84 201 197 30 
270 72 71 188 192 27 
271 52 60 179 173 31 
272 54 56 195 143 29 
273 61 55 167 174 27 
274 63 50 158 154 29 
275 51 55 157 125 26 
276 38 52 146 125 26 
277 47 53 143 121 26 
278 38 57 148 116 18 
279 34 42 143 103 20 
280 47 50 138 118 14 
281 35 44 139 110 26 
282 33 34 132 104 26 
283 42 49 117 86 14 
284 31 33 110 84 18 
285 29 36 93 84 16 
286 40 35 88 87 13 
287 37 28 109 69 13 
288 29 33 95 70 17 
289 31 26 89 69 13 
290 24 47 78 73 6 
291 29 27 68 91 13 
292 25 37 66 85 11 
293 29 30 54 61 9 
294 25 21 63 60 9 
295 19 36 44 70 5 
296 17 37 50 57 11 
297 17 37 45 63 7 
298 13 32 47 29 10 
299 17 27 49 49 6 
300 10 25 44 46 7 
301 19 19 38 41 12 
302 16 34 40 40 4 
303 9 29 37 42 0 
304 8 27 32 35 2 
305 10 25 35 50 4 
306 10 25 29 46 5 
307 11 28 22 47 2 
308 12 25 18 32 5 
309 11 14 28 33 5 
310 11 31 33 34 2 
311 4 20 26 24 1 
312 11 18 21 15 4 
313 13 10 14 17 2 
314 10 14 10 15 1 
315 4 18 14 22 0 
316 7 20 17 15 0 
317 4 23 17 13 0 
318 5 18 14 22 0 
319 8 14 14 14 0 
320 4 12 12 8 0 
321 6 13 10 17 0 
322 5 15 12 22 3 
323 2 7 11 14 0 
324 3 6 11 12 1 
325 6 5 13 14 0 
326 4 5 17 6 0 
327 7 8 4 12 0 
328 2 2 7 13 0 
329 1 6 10 9 0 
330 5 6 4 8 0 
331 2 4 6 9 0 
332 0 4 4 10 0 
333 1 2 2 7 0 
334 0 1 5 3 0 
335 1 3 4 9 0 
336 5 1 4 6 0 
337 1 2 3 13 0 
338 1 5 1 2 0 
339 1 2 8 5 0 
340 0 2 7 7 0 
341 0 0 4 7 0 
342 0 0 5 8 0 
343 0 1 5 3 0 
344 0 0 2 2 0 
345 0 2 6 3 0 
346 2 1 3 6 0 
347 0 3 3 7 0 
348 2 2 9 3 0 
349 2 2 2 5 0 
350 2 0 4 0 0 
351 1 3 1 0 0 
352 1 4 1 2 0 
353 2 6 1 2 0 
354 4 2 3 0 0 
355 3 4 4 1 0 
356 0 0 0 2 0 
357 5 5 4 2 0 
358 1 2 3 2 0 
359 2 4 0 5 0 
360 0 4 1 2 0 
361 1 5 1 3 0 
362 1 3 0 5 0 
363 3 7 1 3 0 
364 0 4 2 2 0 
365 1 6 2 2 0 
366 1 6 1 6 0 
367 4 5 2 2 0 
368 1 0 2 5 0 
369 2 2 2 2 0 
370 0 2 4 3 0 
371 0 6 0 6 0 
372 0 2 4 0 0 
373 2 2 7 4 0 
374 2 1 4 2 0 
375 0 3 2 1 0 
376 0 0 2 1 0 
377 1 1 0 3 0 
378 0 1 2 4 0 
379 0 1 3 2 0 
380 0 0 0 3 0 
381 0 1 0 2 0 
382 1 0 3 1 0 
383 3 2 1 2 0 
384 0 0 4 1 0 
385 0 2 3 2 0 
386 0 0 2 2 0 
387 0 1 1 2 0 
388 0 1 3 1 1 
389 1 0 0 4 0 
390 0 0 0 1 1 
391 1 0 1 2 0 
392 0 0 0 0 0 
393 0 0 4 2 1 
394 0 0 0 2 0 
395 0 2 0 0 0 
396 0 0 0 0 0 
397 0 0 0 0 0 
