1 0 10 0 0 0 
2 0 9 0 0 0 
3 0 13 0 0 0 
4 0 13 0 0 0 
5 0 16 0 0 0 
6 0 21 0 0 0 
7 0 21 0 0 0 
8 0 23 0 0 0 
9 0 26 0 0 0 
10 0 18 0 0 0 
11 0 21 0 0 0 
12 2 15 0 0 0 
13 3 14 0 0 0 
14 4 12 0 0 0 
15 3 15 0 1 0 
16 5 12 0 1 0 
17 6 14 1 2 0 
18 6 20 1 3 0 
19 4 17 0 2 0 
20 4 17 0 2 0 
21 5 19 0 2 0 
22 6 26 0 2 2 
23 9 32 0 1 2 
24 6 42 1 4 3 
25 6 63 1 7 4 
26 11 68 1 7 5 
27 17 70 5 7 5 
28 16 80 3 8 4 
29 16 94 3 6 6 
30 21 91 7 5 7 
31 15 97 6 4 6 
32 15 101 5 7 8 
33 14 86 6 11 9 
34 14 84 7 8 10 
35 10 85 8 11 5 
36 8 77 10 11 8 
37 10 92 11 12 7 
38 8 109 11 15 6 
39 7 119 16 12 5 
40 8 125 22 13 7 
41 8 148 23 17 7 
42 14 147 25 25 8 
43 12 153 27 24 5 
44 19 171 34 26 7 
45 28 186 39 24 8 
46 39 184 59 31 10 
47 36 211 57 41 14 
48 38 215 63 38 10 
49 40 232 63 40 11 
50 48 275 65 46 10 
51 40 275 67 58 8 
52 42 280 71 70 10 
53 48 294 68 69 13 
54 43 314 70 67 17 
55 41 336 72 60 16 
56 33 354 83 64 11 
57 34 364 101 58 17 
58 44 386 110 65 18 
59 43 390 116 77 27 
60 42 432 127 86 21 
61 44 440 143 81 21 
62 48 426 160 90 18 
63 48 459 150 79 21 
64 58 462 150 85 23 
65 62 507 174 99 27 
66 71 518 187 114 24 
67 64 560 182 127 25 
68 82 614 177 120 26 
69 80 657 179 147 25 
70 92 669 198 159 29 
71 97 717 217 173 25 
72 92 794 234 183 25 
73 95 853 252 214 25 
74 103 883 274 242 18 
75 99 925 282 261 13 
76 96 935 291 269 14 
77 91 1010 315 292 20 
78 108 1059 324 310 22 
79 125 1118 362 360 28 
80 136 1188 409 376 30 
81 148 1239 434 391 37 
82 163 1362 437 421 50 
83 173 1416 484 433 58 
84 189 1455 527 453 68 
85 233 1520 563 495 74 
86 241 1592 615 521 80 
87 257 1691 667 558 93 
88 252 1715 744 581 87 
89 271 1810 792 657 81 
90 295 1927 784 707 85 
91 317 1993 858 723 91 
92 325 2059 923 805 99 
93 343 2129 902 856 122 
94 367 2203 961 918 128 
95 420 2301 1017 958 129 
96 468 2401 1086 979 126 
97 483 2446 1122 1051 139 
98 483 2527 1182 1069 147 
99 490 2671 1234 1096 144 
100 476 2826 1258 1192 155 
101 514 2867 1336 1320 160 
102 548 2980 1372 1391 162 
103 586 3185 1417 1469 180 
104 644 3321 1517 1543 184 
105 651 3458 1563 1644 195 
106 694 3560 1648 1716 199 
107 710 3748 1764 1813 214 
108 753 3936 1811 1901 235 
109 821 4164 1927 1986 250 
110 915 4428 2073 2108 258 
111 922 4536 2113 2276 274 
112 956 4767 2272 2384 294 
113 1030 4912 2364 2502 341 
114 1074 5175 2470 2632 352 
115 1144 5290 2594 2770 393 
116 1178 5464 2684 2861 403 
117 1216 5604 2799 3085 437 
118 1237 5687 2970 3258 475 
119 1281 5885 3126 3448 508 
120 1322 6102 3246 3600 535 
121 1370 6420 3390 3757 532 
122 1449 6535 3601 3962 553 
123 1552 6761 3862 4075 588 
124 1565 7008 3992 4246 671 
125 1589 7325 4130 4501 729 
126 1665 7577 4334 4743 781 
127 1749 7818 4517 4940 806 
128 1802 7977 4856 5283 832 
129 1888 8102 5071 5526 881 
130 1976 8227 5360 5735 921 
131 2125 8485 5524 6074 968 
132 2153 8635 5893 6268 983 
133 2250 8792 6053 6578 1017 
134 2301 9079 6214 6886 1065 
135 2383 9231 6622 7265 1120 
136 2469 9419 6848 7547 1170 
137 2591 9616 7114 7858 1227 
138 2651 9746 7309 8151 1231 
139 2728 9981 7508 8463 1320 
140 2858 10080 7630 8771 1410 
141 2893 10192 7858 9126 1474 
142 2935 10398 8155 9427 1590 
143 3044 10569 8594 9839 1735 
144 3101 10583 8773 10064 1797 
145 3256 10739 9154 10361 1917 
146 3333 10779 9452 10671 2008 
147 3371 10948 9656 10895 2086 
148 3483 11091 9944 11230 2170 
149 3529 11321 10246 11480 2241 
150 3628 11482 10494 11786 2280 
151 3754 11543 10795 12214 2277 
152 3817 11633 11110 12549 2319 
153 3870 11802 11239 12802 2301 
154 3916 11765 11570 13265 2327 
155 3916 11811 11872 13404 2373 
156 4021 11741 12107 13685 2370 
157 4140 11517 12336 13886 2496 
158 4155 11688 12638 14226 2547 
159 4203 11459 13053 14431 2579 
160 4316 11620 13312 14723 2723 
161 4368 11565 13554 14949 2655 
162 4482 11448 13742 15228 2712 
163 4546 11370 14030 15293 2747 
164 4581 11352 14336 15355 2802 
165 4658 11358 14563 15608 2823 
166 4834 11267 14787 15660 2921 
167 4819 11220 14986 15872 2960 
168 4915 11096 15211 16011 2980 
169 4917 11006 15468 15913 2976 
170 4935 10922 15660 15961 2998 
171 4952 10748 15703 15929 3021 
172 4976 10540 15764 15988 3060 
173 5048 10254 15892 15925 2991 
174 4997 10250 15882 15829 3001 
175 5088 10188 15912 15654 3009 
176 5008 10018 15891 15417 2919 
177 4988 9864 15712 15464 2892 
178 4906 9667 15770 15515 2827 
179 4860 9405 15691 15453 2841 
180 4845 9110 15427 15297 2878 
181 4755 8897 15372 15215 2939 
182 4743 8746 15281 15057 2926 
183 4632 8586 15167 14900 2886 
184 4583 8432 15028 14552 2903 
185 4492 8251 15046 14261 2858 
186 4458 8151 14883 13895 2785 
187 4416 8002 14748 13867 2733 
188 4330 7788 14681 13587 2699 
189 4227 7686 14446 13271 2700 
190 4186 7421 14179 12977 2667 
191 4148 7199 14010 12700 2668 
192 4043 7085 13751 12480 2610 
193 4007 6808 13607 12328 2578 
194 3941 6612 13403 12062 2514 
195 3921 6394 13296 11996 2477 
196 3869 6127 13053 11900 2435 
197 3724 5957 12780 11489 2339 
198 3605 5735 12374 11204 2282 
199 3444 5562 12077 10959 2298 
200 3330 5368 11900 10832 2270 
201 3254 5130 11664 10523 2241 
202 3176 4961 11244 10230 2202 
203 3139 4756 10974 9910 2128 
204 3111 4612 10649 9809 2116 
205 3024 4546 10392 9486 2123 
206 2965 4455 10149 9254 2037 
207 2901 4378 9875 9011 1974 
208 2806 4248 9593 8590 1925 
209 2751 4084 9295 8439 1867 
210 2648 3915 9031 8184 1829 
211 2636 3816 8786 7873 1786 
212 2554 3625 8537 7680 1737 
213 2489 3498 8372 7343 1647 
214 2448 3290 8075 7063 1608 
215 2302 3156 7915 6672 1555 
216 2229 3056 7592 6422 1473 
217 2176 2892 7352 6236 1394 
218 2115 2818 7143 6009 1369 
219 2069 2700 6922 5773 1346 
220 1988 2608 6715 5513 1264 
221 1947 2563 6414 5309 1245 
222 1832 2452 6114 5120 1216 
223 1729 2405 5897 4844 1165 
224 1667 2289 5682 4683 1113 
225 1560 2190 5460 4535 1082 
226 1527 2103 5337 4413 1040 
227 1553 1980 5242 4282 972 
228 1515 1848 5074 4040 955 
229 1446 1769 4915 3907 907 
230 1376 1678 4647 3827 866 
231 1397 1606 4541 3654 828 
232 1335 1637 4430 3557 770 
233 1326 1573 4248 3445 753 
234 1238 1520 4070 3315 715 
235 1180 1443 3963 3184 681 
236 1135 1399 3806 3082 642 
237 1078 1310 3699 2928 622 
238 1039 1296 3462 2807 630 
239 998 1228 3294 2687 617 
240 948 1200 3197 2527 597 
241 940 1203 3063 2366 554 
242 892 1140 3004 2221 533 
243 844 1087 2845 2137 528 
244 832 1041 2810 2024 506 
245 794 1028 2694 1964 491 
246 756 1037 2511 1857 477 
247 752 1039 2377 1767 464 
248 681 983 2278 1690 435 
249 667 965 2199 1587 425 
250 656 898 2073 1558 415 
251 666 848 2038 1479 401 
252 624 785 1951 1434 406 
253 615 780 1877 1393 395 
254 596 739 1867 1311 368 
255 561 686 1828 1302 372 
256 525 649 1747 1259 365 
257 504 626 1711 1160 342 
258 454 556 1641 1121 315 
259 467 551 1541 1122 308 
260 464 532 1436 1090 277 
261 459 522 1379 1061 260 
262 448 519 1356 979 244 
263 453 495 1357 915 227 
264 436 472 1309 905 226 
265 430 459 1282 869 205 
266 360 442 1200 842 180 
267 356 431 1144 836 164 
268 341 439 1099 828 156 
269 314 398 1039 793 142 
270 304 385 1015 762 142 
271 297 402 923 732 127 
272 294 379 889 706 105 
273 271 353 814 657 96 
274 270 346 803 605 95 
275 263 345 754 589 90 
276 236 324 723 564 84 
277 224 315 657 540 77 
278 228 272 635 516 74 
279 200 259 596 478 78 
280 228 265 574 429 78 
281 226 247 563 417 70 
282 205 234 530 408 64 
283 173 227 504 390 60 
284 164 227 482 353 59 
285 157 226 455 348 50 
286 160 239 428 337 53 
287 160 217 404 359 53 
288 153 204 390 337 44 
289 129 207 365 331 50 
290 129 198 355 331 47 
291 118 185 322 316 43 
292 109 168 301 319 48 
293 101 151 288 325 45 
294 93 136 258 314 50 
295 82 119 232 268 52 
296 78 134 200 246 49 
297 76 115 181 249 46 
298 60 115 180 266 45 
299 50 119 185 263 43 
300 44 119 166 245 42 
301 38 112 164 217 34 
302 40 102 166 198 38 
303 43 89 143 191 32 
304 46 90 130 168 27 
305 39 78 134 163 24 
306 37 74 138 146 23 
307 35 67 119 139 20 
308 35 61 118 139 23 
309 29 54 120 134 28 
310 38 50 107 142 22 
311 33 42 95 131 20 
312 34 39 91 122 27 
313 30 47 94 109 20 
314 32 47 86 120 22 
315 32 39 85 119 20 
316 35 33 84 112 19 
317 34 36 74 100 21 
318 38 38 76 87 23 
319 36 35 71 89 28 
320 39 40 63 92 25 
321 47 36 71 88 25 
322 48 39 78 84 20 
323 46 43 75 82 19 
324 40 42 79 78 18 
325 42 39 85 79 18 
326 35 34 92 73 15 
327 28 38 86 74 23 
328 32 33 89 65 22 
329 31 35 75 58 22 
330 33 35 67 58 20 
331 27 33 65 56 25 
332 27 34 61 57 25 
333 21 35 54 56 24 
334 21 32 46 52 24 
335 13 28 42 58 23 
336 14 29 39 63 24 
337 14 17 38 70 20 
338 15 15 38 52 20 
339 10 11 45 45 18 
340 10 15 43 44 20 
341 8 10 37 46 14 
342 8 9 45 39 14 
343 6 10 36 39 12 
344 5 9 36 39 9 
345 5 6 39 38 7 
346 7 4 32 33 7 
347 6 5 27 40 7 
348 4 5 22 27 8 
349 2 5 18 21 5 
350 3 5 11 21 5 
351 3 6 9 23 4 
352 3 7 7 22 6 
353 1 12 6 24 7 
354 3 12 8 25 4 
355 3 9 12 24 2 
356 3 7 8 24 2 
357 3 6 7 26 2 
358 2 6 4 26 1 
359 3 6 3 21 1 
360 3 6 4 21 0 
361 3 4 6 19 0 
362 4 3 7 14 0 
363 2 2 5 17 0 
364 0 2 8 14 0 
365 0 2 5 14 0 
366 0 2 5 12 0 
367 1 3 6 12 0 
368 4 1 6 15 0 
369 4 3 9 19 0 
370 4 3 4 15 0 
371 3 3 1 11 0 
372 4 4 1 11 0 
373 7 3 1 13 0 
374 4 3 0 14 0 
375 3 2 3 15 0 
376 2 3 4 11 0 
377 0 1 3 11 0 
378 0 1 2 13 0 
379 0 2 0 8 0 
380 0 2 0 7 0 
381 0 0 1 4 0 
382 0 0 1 7 0 
383 0 0 1 3 0 
384 0 0 2 3 0 
385 0 0 2 2 0 
386 0 0 1 2 0 
387 0 0 0 2 0 
388 0 0 0 1 0 
389 0 0 0 1 0 
390 0 0 0 1 0 
391 0 0 0 1 0 
392 0 0 0 0 0 
