1 0 4 0 1 0 
2 0 6 0 0 0 
3 0 7 0 0 0 
4 2 6 0 0 0 
5 1 13 0 0 0 
6 0 16 0 0 0 
7 2 13 1 1 0 
8 0 8 0 1 0 
9 3 11 2 0 0 
10 2 8 4 2 0 
11 5 6 4 1 0 
12 4 12 1 0 0 
13 3 9 4 0 0 
14 7 9 0 1 0 
15 4 10 4 2 0 
16 4 13 2 3 1 
17 1 18 1 4 0 
18 2 15 0 0 0 
19 2 16 1 3 0 
20 2 20 1 2 2 
21 5 24 1 5 3 
22 3 23 0 2 3 
23 2 21 3 1 0 
24 5 26 3 5 0 
25 3 27 4 3 1 
26 2 22 2 4 1 
27 4 19 6 2 0 
28 0 21 2 5 1 
29 8 22 7 1 1 
30 10 21 8 3 0 
31 4 26 5 5 0 
32 4 41 8 6 0 
33 3 38 4 4 1 
34 4 35 4 4 2 
35 3 34 3 3 3 
36 4 38 5 7 2 
37 10 40 11 6 1 
38 5 38 6 13 3 
39 9 46 18 17 3 
40 11 41 16 18 5 
41 3 41 13 17 6 
42 4 46 17 17 3 
43 3 36 11 21 6 
44 3 42 20 22 3 
45 6 48 20 17 4 
46 9 55 23 19 4 
47 10 46 11 17 7 
48 5 64 16 18 8 
49 12 56 14 20 3 
50 17 47 20 21 9 
51 13 76 19 24 4 
52 20 81 19 22 2 
53 17 80 24 29 2 
54 21 90 26 22 3 
55 18 91 17 19 8 
56 17 120 32 28 10 
57 20 107 17 23 6 
58 19 124 34 29 9 
59 25 121 30 21 19 
60 24 135 42 43 17 
61 18 106 37 30 23 
62 23 122 46 49 20 
63 30 154 57 51 12 
64 23 129 61 54 9 
65 23 162 71 54 13 
66 31 169 78 67 15 
67 39 170 76 69 26 
68 39 185 78 51 21 
69 28 180 90 64 30 
70 39 189 92 64 30 
71 32 224 99 74 23 
72 40 218 79 73 31 
73 41 225 133 89 41 
74 48 237 106 102 44 
75 50 258 104 91 42 
76 54 284 111 100 41 
77 42 292 131 106 41 
78 62 318 139 121 43 
79 52 336 182 122 40 
80 70 377 157 144 59 
81 70 419 205 148 45 
82 67 357 193 165 66 
83 63 411 198 179 56 
84 80 467 224 211 64 
85 86 461 222 214 71 
86 89 501 257 198 66 
87 101 556 264 227 64 
88 99 491 270 247 80 
89 120 577 264 235 78 
90 91 600 276 267 78 
91 116 649 296 273 79 
92 126 638 321 317 90 
93 132 657 322 365 77 
94 155 661 367 370 82 
95 137 746 380 397 105 
96 164 776 418 408 124 
97 191 780 446 397 85 
98 153 857 448 421 115 
99 187 901 466 448 105 
100 221 951 499 469 119 
101 195 992 494 527 98 
102 212 1053 556 558 123 
103 202 1080 571 582 108 
104 227 1142 638 639 91 
105 233 1304 663 640 123 
106 242 1256 675 671 123 
107 247 1350 710 691 123 
108 271 1473 799 707 131 
109 299 1423 738 702 132 
110 255 1529 852 768 147 
111 313 1550 860 887 162 
112 318 1627 936 886 172 
113 361 1674 987 876 179 
114 364 1800 996 961 207 
115 377 1901 1038 991 194 
116 421 1922 1086 1045 190 
117 423 1953 1150 1107 236 
118 423 2012 1253 1133 235 
119 497 2219 1335 1162 232 
120 488 2179 1415 1214 265 
121 484 2281 1458 1276 275 
122 544 2361 1526 1297 262 
123 550 2432 1551 1494 248 
124 596 2560 1583 1533 283 
125 604 2626 1707 1607 318 
126 612 2780 1744 1703 353 
127 703 2794 1785 1723 350 
128 709 2882 1868 1806 322 
129 726 2971 1781 1900 344 
130 765 3055 1997 1981 353 
131 741 3100 2013 2010 418 
132 707 3153 2087 2066 429 
133 823 3299 2188 2255 439 
134 806 3276 2318 2300 484 
135 858 3443 2433 2320 465 
136 935 3467 2416 2447 492 
137 917 3703 2631 2503 525 
138 896 3722 2596 2634 533 
139 959 3733 2710 2629 530 
140 947 3772 2786 2890 574 
141 1015 3863 3031 2847 575 
142 1086 3967 3050 3019 570 
143 1200 3993 3117 3074 588 
144 1162 3976 3325 3348 625 
145 1138 4090 3319 3452 656 
146 1223 4110 3448 3494 631 
147 1361 4073 3452 3548 692 
148 1292 4077 3578 3763 718 
149 1355 4066 3755 3948 716 
150 1385 4241 3758 3930 708 
151 1380 4162 3944 3909 754 
152 1443 4251 3948 4199 740 
153 1424 4253 3996 4140 864 
154 1486 4358 4238 4253 793 
155 1460 4423 4164 4464 841 
156 1455 4456 4317 4538 810 
157 1485 4291 4488 4567 841 
158 1519 4431 4525 4714 821 
159 1548 4335 4565 4493 851 
160 1578 4318 4711 4798 789 
161 1555 4170 4648 4896 838 
162 1630 4196 4723 4853 808 
163 1676 4129 4894 5088 911 
164 1616 3967 4799 5099 843 
165 1695 3960 4772 5051 911 
166 1715 3824 4986 5138 848 
167 1666 3798 4934 5257 862 
168 1755 3836 4939 5231 892 
169 1678 3804 5060 5210 899 
170 1655 3621 5065 5283 847 
171 1671 3535 5083 5352 888 
172 1625 3472 5339 5324 845 
173 1717 3519 5167 5331 935 
174 1661 3386 5092 5317 935 
175 1613 3386 5204 5247 927 
176 1675 3248 5274 5256 959 
177 1620 3184 5231 5316 910 
178 1692 3108 5127 5246 898 
179 1660 3041 5123 5211 975 
180 1594 2988 5089 5131 916 
181 1610 2819 5151 5039 922 
182 1565 2809 4929 5177 884 
183 1524 2700 4950 4971 948 
184 1534 2668 4822 4889 931 
185 1634 2562 4817 4783 935 
186 1595 2408 4667 4671 872 
187 1534 2444 4667 4717 915 
188 1498 2287 4529 4635 864 
189 1439 2207 4505 4374 860 
190 1484 2117 4483 4292 908 
191 1432 2089 4466 4321 788 
192 1369 2059 4292 4261 786 
193 1363 2003 4422 4019 756 
194 1370 1906 4293 4012 807 
195 1296 1902 4089 3951 751 
196 1311 1763 4116 3774 749 
197 1321 1786 3993 3728 725 
198 1267 1674 3847 3628 737 
199 1231 1648 3766 3510 740 
200 1165 1645 3705 3391 724 
201 1151 1566 3737 3402 713 
202 1108 1521 3545 3261 656 
203 1064 1535 3439 3176 651 
204 1005 1423 3345 3100 646 
205 1002 1360 3152 3025 596 
206 1039 1430 3200 2905 621 
207 978 1308 2991 2745 625 
208 970 1224 2915 2787 618 
209 908 1236 2860 2706 546 
210 867 1164 2846 2596 534 
211 819 1147 2808 2449 514 
212 827 1124 2568 2478 456 
213 766 1102 2581 2283 477 
214 806 1013 2460 2190 446 
215 765 1027 2473 2204 434 
216 720 961 2305 2107 407 
217 720 972 2169 1979 396 
218 686 934 2108 2037 428 
219 661 874 2044 1882 390 
220 637 838 1903 1775 404 
221 638 894 1943 1736 379 
222 570 831 1785 1624 368 
223 594 740 1752 1600 346 
224 557 751 1638 1487 364 
225 520 700 1623 1430 350 
226 490 679 1650 1419 324 
227 495 634 1505 1354 330 
228 444 626 1493 1298 294 
229 442 551 1404 1253 295 
230 425 537 1416 1218 302 
231 439 536 1282 1255 268 
232 431 439 1225 1122 254 
233 401 506 1204 1076 243 
234 397 455 1161 1101 221 
235 374 398 1102 1085 224 
236 360 420 1025 1006 210 
237 337 417 1021 969 172 
238 381 386 987 918 156 
239 361 386 964 881 153 
240 307 326 939 819 147 
241 295 331 897 812 175 
242 293 305 861 749 161 
243 266 312 904 758 160 
244 266 324 835 721 156 
245 247 282 734 688 146 
246 237 257 708 627 136 
247 247 202 698 583 143 
248 209 199 708 574 103 
249 191 208 695 591 120 
250 181 226 681 505 119 
251 182 191 629 468 144 
252 190 199 572 488 109 
253 187 175 650 449 91 
254 176 189 572 423 98 
255 155 144 557 407 109 
256 160 164 527 419 97 
257 145 142 545 347 84 
258 132 156 494 364 85 
259 124 126 425 341 82 
260 139 133 411 311 71 
261 134 96 393 323 61 
262 103 139 385 295 63 
263 119 122 367 282 50 
264 119 127 356 259 43 
265 110 96 334 250 56 
266 104 93 351 279 48 
267 121 87 308 254 63 
268 106 90 294 236 49 
269 94 69 275 206 52 
270 76 75 261 183 54 
271 82 63 212 179 46 
272 79 81 224 178 36 
273 72 76 215 152 50 
274 70 70 213 158 43 
275 66 74 228 149 32 
276 63 71 211 140 21 
277 68 70 197 137 25 
278 66 68 155 154 23 
279 65 55 165 131 29 
280 51 60 148 121 22 
281 53 71 141 133 19 
282 51 72 146 120 22 
283 40 61 148 126 26 
284 47 63 123 114 25 
285 51 58 129 139 18 
286 48 64 140 103 20 
287 28 49 121 83 18 
288 36 54 131 97 21 
289 35 48 119 96 20 
290 33 37 111 72 26 
291 35 41 117 71 16 
292 31 30 75 77 12 
293 24 41 92 54 14 
294 31 35 97 62 15 
295 24 30 70 64 21 
296 23 38 82 41 18 
297 15 40 84 50 9 
298 22 30 66 58 10 
299 18 22 68 55 11 
300 19 31 75 59 4 
301 22 19 66 53 10 
302 25 26 58 36 10 
303 16 21 67 44 3 
304 15 10 49 49 8 
305 21 22 54 35 6 
306 9 17 48 37 5 
307 10 15 38 40 2 
308 12 16 47 30 4 
309 11 15 42 18 5 
310 10 9 43 28 6 
311 14 9 42 20 7 
312 7 8 34 27 3 
313 6 15 35 18 7 
314 9 6 39 20 7 
315 8 13 33 24 5 
316 6 8 31 24 5 
317 2 6 27 21 9 
318 4 7 25 40 10 
319 7 3 24 24 11 
320 6 10 22 17 7 
321 10 4 23 26 6 
322 6 10 22 31 5 
323 6 8 22 26 3 
324 5 3 20 21 4 
325 8 2 14 28 3 
326 6 2 14 18 2 
327 6 3 17 18 5 
328 5 3 28 16 5 
329 6 1 12 19 8 
330 6 10 23 21 4 
331 5 1 20 18 5 
332 7 4 15 21 7 
333 3 4 15 16 5 
334 3 0 14 14 4 
335 3 2 7 12 0 
336 7 1 6 15 2 
337 3 4 13 12 1 
338 4 1 10 11 0 
339 4 4 10 7 1 
340 1 3 12 7 0 
341 3 2 12 8 2 
342 3 5 22 16 1 
343 0 0 13 10 2 
344 2 1 25 9 3 
345 2 3 18 13 2 
346 4 1 18 7 1 
347 2 3 20 7 0 
348 4 5 16 11 1 
349 6 3 13 8 3 
350 4 4 8 9 0 
351 1 4 11 6 0 
352 0 6 17 7 0 
353 6 4 10 3 0 
354 5 5 9 4 0 
355 3 1 19 5 0 
356 1 1 18 5 0 
357 4 1 15 1 0 
358 3 3 15 6 0 
359 1 2 16 9 1 
360 2 1 19 8 0 
361 5 4 14 7 0 
362 2 1 17 10 0 
363 2 3 21 13 0 
364 3 1 16 7 0 
365 1 4 12 6 0 
366 4 3 11 6 0 
367 2 1 8 11 0 
368 2 2 5 8 1 
369 0 2 13 6 0 
370 1 3 12 4 0 
371 3 1 8 6 0 
372 3 1 13 5 0 
373 3 0 12 9 1 
374 5 2 7 8 0 
375 1 0 11 5 0 
376 1 1 10 7 2 
377 2 0 9 8 2 
378 1 0 4 7 0 
379 1 0 8 7 0 
380 1 1 8 5 0 
381 4 0 8 7 0 
382 5 2 4 4 0 
383 0 1 7 6 0 
384 1 1 8 1 0 
385 1 0 7 5 0 
386 2 0 6 2 1 
387 1 0 5 5 0 
388 0 0 6 6 0 
389 0 0 7 5 0 
390 0 0 6 1 0 
391 0 0 6 5 0 
392 0 1 5 6 0 
393 0 0 5 2 0 
394 1 0 2 3 0 
395 0 0 4 2 0 
396 0 0 4 0 0 
397 0 0 0 1 0 
398 0 0 1 3 0 
399 0 0 1 2 0 
400 0 0 2 1 0 
401 0 0 2 2 0 
402 0 0 0 0 0 
403 0 0 1 0 0 
404 0 0 1 1 0 
405 0 0 4 0 0 
406 0 0 1 0 0 
407 0 0 2 2 0 
408 0 0 1 0 0 
409 0 0 1 0 0 
410 0 0 2 0 0 
411 0 0 4 0 0 
412 1 0 1 0 0 
413 0 0 3 0 0 
414 1 0 0 0 0 
415 0 0 2 0 0 
416 0 0 1 0 0 
417 0 0 1 0 0 
418 0 0 4 0 0 
419 1 0 2 0 0 
420 0 0 0 0 0 
421 1 0 0 0 0 
422 0 0 0 0 0 
423 0 0 0 0 0 
424 0 0 0 0 0 
425 1 0 0 0 0 
426 1 0 0 1 0 
427 1 0 0 0 0 
428 0 0 1 1 0 
429 2 0 1 0 0 
430 2 0 0 1 0 
431 1 0 1 0 0 
432 2 0 0 1 0 
433 0 1 0 0 0 
434 1 0 0 0 0 
435 0 0 0 0 0 
436 1 0 2 0 2 
437 1 0 0 0 0 
438 4 0 0 0 0 
439 0 0 0 1 0 
440 1 1 0 0 0 
441 1 0 1 0 0 
442 1 1 2 0 0 
443 2 1 0 0 0 
444 0 1 0 0 0 
445 0 0 0 0 0 
446 1 0 0 0 0 
447 0 0 0 0 0 
448 0 0 0 0 0 
449 0 0 0 0 0 
450 0 1 0 0 0 
451 0 0 0 0 0 
452 0 0 0 0 0 
453 0 0 0 0 0 
