1 0 1 0 0 0 
2 0 7 0 0 0 
3 0 3 0 0 0 
4 0 6 0 0 0 
5 0 2 0 1 0 
6 0 4 0 0 0 
7 0 5 0 0 0 
8 0 1 0 0 0 
9 0 2 0 0 0 
10 0 2 0 0 0 
11 0 7 0 0 0 
12 0 6 0 0 0 
13 0 7 0 0 0 
14 0 7 0 0 0 
15 4 4 0 0 0 
16 0 16 1 0 0 
17 0 5 1 0 0 
18 1 10 0 0 0 
19 0 3 1 0 0 
20 0 15 1 1 0 
21 3 9 2 1 0 
22 0 8 4 0 0 
23 1 12 5 1 0 
24 0 14 5 2 0 
25 0 10 2 3 0 
26 0 13 2 2 0 
27 1 11 4 1 0 
28 3 9 6 2 0 
29 1 16 9 3 0 
30 3 9 7 0 0 
31 2 12 6 4 0 
32 4 16 4 5 0 
33 3 15 1 4 0 
34 5 19 5 1 0 
35 2 17 3 6 0 
36 0 14 3 3 0 
37 1 16 5 0 0 
38 0 11 3 1 0 
39 1 6 4 0 0 
40 0 7 3 0 0 
41 3 5 1 0 0 
42 2 7 7 3 0 
43 4 5 2 2 0 
44 0 9 3 1 1 
45 0 15 3 1 0 
46 3 8 2 1 0 
47 2 11 2 0 1 
48 1 11 6 3 0 
49 2 19 0 0 2 
50 2 18 3 4 4 
51 2 17 3 5 5 
52 1 17 5 5 8 
53 2 22 0 8 4 
54 2 31 2 3 2 
55 1 19 2 3 6 
56 4 26 4 3 5 
57 6 39 4 2 9 
58 4 46 2 4 7 
59 2 35 7 2 2 
60 4 33 7 2 6 
61 2 37 6 4 4 
62 2 41 6 7 5 
63 3 38 8 1 2 
64 6 46 7 10 10 
65 6 58 5 11 9 
66 4 56 8 3 14 
67 8 58 2 9 12 
68 6 54 7 6 13 
69 10 52 10 7 10 
70 16 52 16 11 9 
71 6 54 10 15 5 
72 8 55 17 26 10 
73 9 59 13 18 4 
74 6 56 20 20 6 
75 5 91 14 15 12 
76 10 73 17 21 7 
77 5 60 19 21 9 
78 8 92 22 13 16 
79 13 94 15 13 11 
80 9 96 15 18 6 
81 11 94 17 19 19 
82 10 100 18 23 12 
83 10 100 28 18 15 
84 12 135 25 22 13 
85 15 136 31 25 10 
86 24 144 35 23 19 
87 14 136 31 30 16 
88 17 151 40 30 17 
89 23 146 45 25 15 
90 19 157 41 39 18 
91 27 194 50 40 26 
92 29 179 68 55 12 
93 37 181 60 52 16 
94 30 197 77 39 16 
95 24 221 71 44 18 
96 25 210 81 52 20 
97 21 246 59 48 16 
98 32 200 67 61 13 
99 28 247 77 67 11 
100 38 232 87 82 17 
101 37 286 96 92 14 
102 38 280 80 114 26 
103 37 291 82 106 26 
104 49 288 87 126 23 
105 52 307 93 131 20 
106 43 331 101 136 25 
107 59 354 115 143 32 
108 58 384 122 153 27 
109 61 358 127 161 31 
110 73 383 166 174 34 
111 79 390 150 183 40 
112 85 435 169 191 31 
113 84 478 159 209 47 
114 85 463 192 217 50 
115 116 453 202 236 55 
116 95 537 225 233 75 
117 106 577 236 245 67 
118 111 608 286 267 65 
119 102 644 275 289 73 
120 123 636 347 344 68 
121 119 700 345 306 79 
122 139 718 341 317 67 
123 143 760 338 378 79 
124 125 778 380 392 80 
125 143 826 397 406 81 
126 160 853 415 438 99 
127 176 912 436 483 95 
128 179 961 448 513 82 
129 195 962 466 536 81 
130 191 1102 567 583 86 
131 221 1071 539 599 111 
132 225 1144 574 622 102 
133 241 1111 588 696 116 
134 223 1186 619 689 130 
135 253 1215 689 713 125 
136 252 1240 696 737 166 
137 256 1374 723 769 165 
138 292 1407 763 820 152 
139 313 1474 761 827 155 
140 315 1530 837 871 173 
141 324 1562 887 923 185 
142 324 1562 921 956 203 
143 387 1642 988 972 208 
144 380 1732 976 1057 199 
145 418 1931 1049 1106 239 
146 418 1942 1128 1158 238 
147 437 2068 1131 1195 235 
148 471 2109 1232 1300 255 
149 484 2260 1334 1429 259 
150 495 2242 1411 1489 274 
151 547 2299 1375 1544 293 
152 578 2346 1367 1633 304 
153 573 2449 1564 1669 298 
154 619 2598 1575 1752 298 
155 626 2584 1699 1805 300 
156 689 2701 1740 1900 383 
157 696 2858 1767 1963 353 
158 666 2966 1786 2089 377 
159 786 3004 1940 2248 351 
160 741 3055 2097 2302 401 
161 813 3236 2123 2313 434 
162 838 3380 2284 2474 430 
163 857 3469 2405 2556 429 
164 884 3466 2431 2606 478 
165 1005 3514 2541 2695 463 
166 975 3623 2563 2821 486 
167 1011 3667 2753 2791 499 
168 1083 3720 2731 2944 512 
169 1060 3739 2795 2965 580 
170 1053 3808 2962 3193 551 
171 1129 3862 3150 3257 565 
172 1063 4011 3211 3361 587 
173 1219 4001 3384 3550 547 
174 1199 4177 3420 3669 606 
175 1229 4019 3476 3684 652 
176 1367 4002 3680 3729 685 
177 1347 4147 3757 4097 625 
178 1253 4144 3746 4132 682 
179 1317 4193 3988 4355 677 
180 1298 4213 3961 4333 662 
181 1364 4270 4044 4366 770 
182 1407 4238 4033 4367 732 
183 1470 4260 4286 4499 727 
184 1499 4273 4488 4603 768 
185 1568 4256 4428 4872 798 
186 1524 4217 4517 4781 834 
187 1607 4191 4617 4757 805 
188 1624 4084 4612 4880 853 
189 1616 4044 4640 4913 870 
190 1641 4076 4791 4926 807 
191 1626 3963 4955 4895 849 
192 1668 3924 4902 5066 838 
193 1653 3888 4900 5064 896 
194 1650 3792 4990 5014 871 
195 1701 3672 5121 5001 906 
196 1688 3859 5046 5039 900 
197 1721 3733 5119 5021 886 
198 1751 3564 5062 5004 896 
199 1796 3406 5229 4922 876 
200 1681 3589 5217 4941 848 
201 1719 3413 5156 4992 932 
202 1712 3491 5117 4974 859 
203 1734 3320 5086 4949 928 
204 1619 3251 5089 4831 923 
205 1608 3255 5157 4817 930 
206 1613 3133 5071 4794 931 
207 1642 3048 5045 4757 979 
208 1628 3002 4909 4600 951 
209 1607 2917 4968 4597 904 
210 1569 2830 4925 4492 857 
211 1563 2814 4869 4487 878 
212 1557 2675 4868 4452 898 
213 1580 2657 4660 4468 859 
214 1481 2589 4570 4458 871 
215 1477 2407 4497 4384 824 
216 1417 2519 4343 4236 836 
217 1461 2404 4397 4260 835 
218 1429 2204 4291 4211 817 
219 1392 2234 4148 4157 838 
220 1326 2121 4162 4094 795 
221 1364 2018 4028 3990 777 
222 1351 1965 4085 3839 794 
223 1185 1923 4001 3767 744 
224 1274 1822 3868 3661 728 
225 1210 1750 3864 3472 697 
226 1099 1735 3679 3553 732 
227 1076 1718 3607 3481 715 
228 1104 1611 3512 3445 661 
229 1090 1554 3437 3387 631 
230 1071 1550 3473 3115 631 
231 1039 1439 3421 3091 638 
232 1025 1410 3245 2983 585 
233 959 1411 3090 2858 595 
234 984 1323 3069 2772 522 
235 966 1322 2878 2650 503 
236 873 1300 2937 2653 472 
237 890 1289 2847 2554 488 
238 865 1149 2809 2445 455 
239 860 1166 2721 2366 459 
240 817 1171 2580 2275 438 
241 787 1093 2494 2235 404 
242 784 1037 2401 2196 390 
243 770 1035 2316 2119 421 
244 745 938 2237 1960 370 
245 727 936 2269 1885 391 
246 656 899 2180 1839 347 
247 668 812 2086 1744 412 
248 602 821 2048 1682 353 
249 600 782 1921 1613 369 
250 583 724 1862 1492 369 
251 574 718 1819 1494 289 
252 517 643 1735 1448 329 
253 482 661 1629 1357 312 
254 479 580 1614 1375 316 
255 502 572 1500 1312 299 
256 476 539 1539 1276 297 
257 393 586 1403 1179 316 
258 415 521 1397 1155 247 
259 402 488 1271 1165 257 
260 375 449 1211 1047 238 
261 337 459 1187 1019 263 
262 367 423 1170 945 223 
263 348 428 1108 888 243 
264 290 406 1049 922 261 
265 275 421 1069 849 230 
266 309 417 1087 880 208 
267 302 341 1021 764 181 
268 297 352 974 768 231 
269 287 300 972 794 199 
270 251 334 904 705 192 
271 269 327 864 676 183 
272 241 311 835 649 174 
273 263 318 777 640 180 
274 258 314 783 649 173 
275 231 268 771 607 158 
276 215 300 737 598 138 
277 212 282 725 557 135 
278 230 233 641 524 142 
279 173 260 596 513 111 
280 218 256 589 489 95 
281 214 227 582 477 112 
282 181 234 630 476 131 
283 190 224 549 478 105 
284 172 199 539 447 107 
285 184 211 502 431 74 
286 194 211 493 397 78 
287 147 195 445 381 76 
288 150 173 457 370 70 
289 141 168 426 377 78 
290 145 164 412 334 59 
291 135 150 396 314 70 
292 137 144 360 305 59 
293 96 134 306 275 54 
294 106 140 322 270 58 
295 119 130 290 266 47 
296 95 135 299 251 45 
297 90 123 320 215 57 
298 82 102 320 225 45 
299 78 105 277 230 49 
300 78 103 258 219 43 
301 75 88 232 214 43 
302 58 99 239 212 39 
303 85 76 232 216 35 
304 70 90 212 235 33 
305 66 74 213 227 23 
306 72 83 210 180 31 
307 62 88 171 174 24 
308 43 96 170 195 35 
309 68 90 159 152 18 
310 72 70 185 163 29 
311 55 81 178 167 14 
312 77 67 175 164 29 
313 59 69 164 148 30 
314 57 56 153 120 21 
315 63 61 139 132 26 
316 61 52 168 108 22 
317 38 43 149 92 17 
318 33 58 131 91 14 
319 30 60 116 98 22 
320 30 56 116 71 16 
321 26 50 104 65 19 
322 29 47 92 76 10 
323 29 54 74 60 21 
324 28 50 92 71 16 
325 25 43 74 54 14 
326 15 54 80 43 15 
327 25 44 100 51 17 
328 18 30 68 50 18 
329 19 44 86 47 7 
330 27 31 81 32 11 
331 13 24 60 39 12 
332 15 36 71 41 11 
333 20 31 61 41 16 
334 9 30 55 52 11 
335 24 24 51 40 6 
336 27 19 43 40 10 
337 17 24 51 34 8 
338 13 15 38 34 4 
339 11 21 33 30 5 
340 9 20 39 34 8 
341 4 22 32 28 8 
342 9 20 27 34 10 
343 8 23 29 24 4 
344 8 15 27 22 4 
345 16 18 19 25 4 
346 10 20 24 25 8 
347 8 17 19 28 6 
348 7 14 25 26 4 
349 11 13 24 15 4 
350 8 14 12 21 3 
351 10 18 13 26 5 
352 9 16 20 21 3 
353 6 15 14 17 1 
354 3 21 12 15 1 
355 5 13 10 19 5 
356 9 18 17 11 1 
357 9 16 9 11 0 
358 7 15 6 15 2 
359 4 8 9 11 0 
360 5 7 7 13 0 
361 4 3 11 15 0 
362 0 5 14 8 0 
363 5 10 9 15 1 
364 5 6 6 11 0 
365 2 5 8 9 1 
366 7 5 8 11 0 
367 5 2 6 14 0 
368 3 2 3 16 0 
369 4 2 3 14 0 
370 1 3 6 6 0 
371 5 0 6 8 1 
372 0 1 2 8 0 
373 1 1 8 7 0 
374 1 2 6 4 1 
375 0 1 9 5 0 
376 0 2 5 2 0 
377 4 1 5 1 0 
378 1 2 7 9 0 
379 1 1 2 4 0 
380 2 2 4 2 0 
381 0 1 3 4 0 
382 0 0 6 1 0 
383 2 0 6 3 0 
384 1 0 4 1 0 
385 1 1 2 2 0 
386 0 1 3 0 0 
387 1 0 1 3 0 
388 0 0 2 5 0 
389 0 0 2 3 0 
390 0 0 2 5 0 
391 1 0 1 1 0 
392 0 0 0 1 0 
393 1 1 2 3 0 
394 0 1 2 1 0 
395 2 1 1 0 0 
396 1 1 0 2 0 
397 0 1 0 1 0 
398 0 0 0 1 0 
399 0 2 1 0 0 
400 0 1 1 0 0 
401 0 0 0 0 0 
402 0 0 0 0 0 
403 0 1 0 0 0 
404 0 0 2 0 0 
405 0 0 0 0 0 
406 0 1 0 0 0 
407 0 1 0 0 0 
408 0 0 0 0 0 
409 0 1 0 0 0 
410 0 2 0 0 0 
411 0 1 0 0 0 
412 0 0 0 0 0 
413 0 0 0 0 0 
414 0 0 0 1 0 
415 0 0 0 0 0 
416 0 0 0 0 0 
