1 0 4 0 0 0 
2 0 2 0 0 0 
3 0 2 0 0 0 
4 0 2 0 0 0 
5 0 5 0 0 0 
6 0 9 0 0 0 
7 0 12 0 0 0 
8 0 20 0 0 0 
9 1 24 0 0 0 
10 1 30 0 0 0 
11 1 32 0 0 0 
12 0 27 0 0 0 
13 0 28 0 0 0 
14 0 26 0 0 0 
15 0 26 2 0 0 
16 1 28 6 0 0 
17 1 39 5 0 0 
18 0 39 3 1 0 
19 0 45 2 4 0 
20 3 54 0 3 0 
21 2 59 0 5 0 
22 4 58 0 7 0 
23 3 68 0 8 0 
24 3 78 4 10 0 
25 6 80 4 14 0 
26 7 85 4 14 0 
27 6 101 5 14 0 
28 4 113 7 13 0 
29 9 127 10 10 0 
30 13 152 11 8 0 
31 12 181 15 6 0 
32 11 182 11 9 2 
33 13 191 10 6 2 
34 19 211 14 8 1 
35 20 229 17 15 1 
36 23 259 19 20 1 
37 23 281 20 19 1 
38 26 290 21 12 1 
39 28 296 25 20 1 
40 24 320 35 34 3 
41 27 358 37 42 3 
42 31 361 43 42 2 
43 35 358 52 54 1 
44 36 399 55 57 0 
45 35 404 53 85 0 
46 49 442 47 90 0 
47 51 485 59 82 0 
48 55 483 70 85 0 
49 60 516 61 90 2 
50 59 578 63 96 5 
51 60 589 67 109 10 
52 65 591 75 120 5 
53 64 616 85 117 7 
54 71 651 89 137 13 
55 81 663 85 136 13 
56 89 707 86 144 13 
57 90 716 103 165 8 
58 95 768 107 179 7 
59 94 788 128 176 9 
60 98 856 135 178 9 
61 102 904 142 186 7 
62 116 946 155 221 9 
63 121 1011 168 256 14 
64 129 1032 198 272 15 
65 146 1070 208 289 15 
66 152 1116 246 295 16 
67 162 1121 261 335 25 
68 185 1208 295 352 30 
69 188 1293 308 364 29 
70 215 1298 355 396 29 
71 235 1372 386 406 29 
72 250 1441 417 459 33 
73 267 1548 443 477 33 
74 285 1613 456 513 34 
75 297 1709 488 529 36 
76 321 1765 514 556 44 
77 340 1831 541 605 54 
78 356 1895 556 641 62 
79 352 2016 590 652 76 
80 375 2068 655 715 81 
81 397 2159 716 739 84 
82 414 2317 734 808 93 
83 453 2413 776 880 110 
84 452 2610 808 935 106 
85 491 2672 939 1020 124 
86 528 2783 1047 1097 145 
87 561 2955 1165 1165 140 
88 554 3066 1228 1228 138 
89 598 3294 1330 1295 140 
90 657 3386 1391 1384 157 
91 695 3488 1423 1502 161 
92 711 3643 1493 1610 172 
93 729 3767 1582 1757 167 
94 773 4043 1635 1854 172 
95 785 4213 1780 1934 190 
96 834 4442 1829 1976 198 
97 833 4609 1934 2136 204 
98 852 4808 2047 2258 215 
99 871 4976 2187 2442 225 
100 950 5227 2301 2542 269 
101 987 5476 2344 2694 298 
102 1036 5633 2503 2821 350 
103 1060 5832 2628 3022 372 
104 1168 6026 2745 3173 403 
105 1206 6232 2963 3279 433 
106 1264 6426 3153 3381 434 
107 1290 6636 3304 3524 452 
108 1407 6812 3495 3673 454 
109 1415 7015 3649 3824 501 
110 1509 7175 3851 4005 573 
111 1594 7430 4022 4216 616 
112 1672 7743 4309 4439 661 
113 1729 7942 4580 4593 720 
114 1871 8237 4858 4837 804 
115 1997 8611 4947 5045 866 
116 2032 8951 5110 5220 903 
117 2110 9004 5308 5467 964 
118 2207 9206 5576 5655 1018 
119 2347 9392 5834 5765 1058 
120 2453 9642 6153 5985 1082 
121 2474 9903 6340 6220 1128 
122 2552 10179 6649 6615 1144 
123 2599 10306 6918 6904 1218 
124 2698 10478 7332 7355 1295 
125 2738 10702 7543 7689 1375 
126 2834 10909 8000 8083 1419 
127 2937 11256 8344 8367 1485 
128 3060 11375 8773 8709 1562 
129 3064 11452 8976 9110 1603 
130 3166 11587 9407 9403 1635 
131 3352 11777 9830 9734 1670 
132 3417 11931 10219 10148 1645 
133 3577 12089 10495 10392 1775 
134 3678 12210 10804 10664 1807 
135 3809 12222 11124 11090 1875 
136 3932 12320 11397 11189 1889 
137 4065 12335 11685 11461 1920 
138 4105 12390 11998 11779 1914 
139 4130 12394 12194 11849 1980 
140 4174 12483 12453 12078 2012 
141 4252 12461 12877 12329 2109 
142 4283 12420 13265 12679 2185 
143 4403 12514 13612 12932 2234 
144 4513 12515 13879 12977 2250 
145 4597 12581 14028 13331 2270 
146 4689 12420 14394 13588 2360 
147 4733 12204 14654 13918 2353 
148 4831 12062 14800 14089 2360 
149 4942 11989 14816 14300 2462 
150 4940 11827 15090 14443 2487 
151 4984 11741 15351 14641 2563 
152 4961 11690 15462 14783 2662 
153 5025 11479 15401 14817 2651 
154 4974 11479 15483 14965 2595 
155 4896 11471 15641 15119 2570 
156 4955 11571 15710 14941 2602 
157 4987 11278 15856 15108 2661 
158 4945 11201 16005 15267 2674 
159 4933 11105 15968 15268 2680 
160 5026 10991 16092 15191 2738 
161 5072 10768 16107 15134 2822 
162 4997 10514 16206 14987 2844 
163 4934 10199 16245 14933 2857 
164 4908 9901 16253 14995 2884 
165 4887 9707 16070 15012 2900 
166 4855 9338 15945 14946 2863 
167 4793 9175 15875 14899 2908 
168 4767 9035 15846 14742 2899 
169 4819 8765 15677 14722 2929 
170 4816 8463 15645 14534 2974 
171 4714 8365 15483 14321 2964 
172 4686 7980 15349 14181 2945 
173 4587 7750 15002 14174 2956 
174 4522 7583 14933 13948 2957 
175 4460 7289 14591 13644 2945 
176 4360 6963 14368 13368 2817 
177 4232 6790 13897 13292 2835 
178 4186 6596 13687 13048 2731 
179 4158 6324 13511 12826 2780 
180 4112 6146 13154 12499 2765 
181 4024 6044 12903 12188 2761 
182 3953 5886 12585 11808 2688 
183 3840 5705 12252 11571 2552 
184 3740 5548 12065 11328 2517 
185 3637 5317 11834 11255 2476 
186 3563 5144 11451 11075 2394 
187 3449 5002 11157 10793 2310 
188 3431 4877 10896 10502 2240 
189 3293 4671 10574 10201 2216 
190 3192 4450 10382 9790 2197 
191 3165 4257 10167 9408 2139 
192 3099 4120 9916 9244 2055 
193 2995 3928 9756 8924 2049 
194 2876 3838 9504 8631 1959 
195 2818 3674 9169 8393 1994 
196 2780 3521 8826 8291 1948 
197 2693 3382 8497 7875 1890 
198 2585 3288 8229 7583 1869 
199 2494 3134 8102 7300 1822 
200 2470 2976 7725 7113 1750 
201 2460 2902 7597 6853 1724 
202 2379 2720 7422 6658 1663 
203 2295 2674 7095 6406 1641 
204 2212 2527 6918 6148 1533 
205 2181 2496 6716 5953 1470 
206 2061 2447 6494 5784 1527 
207 2052 2394 6337 5603 1495 
208 1960 2347 6228 5444 1480 
209 1881 2276 5998 5413 1409 
210 1817 2197 5737 5252 1346 
211 1799 2077 5543 5110 1337 
212 1710 2074 5331 4914 1270 
213 1609 1980 5177 4775 1214 
214 1538 1895 5040 4667 1168 
215 1470 1831 4840 4606 1168 
216 1392 1760 4637 4366 1082 
217 1343 1647 4546 4196 1038 
218 1307 1539 4306 4003 998 
219 1227 1480 4152 3821 917 
220 1178 1396 3995 3642 871 
221 1126 1367 3925 3495 831 
222 1107 1290 3781 3399 834 
223 1037 1205 3517 3287 802 
224 1035 1152 3360 3132 770 
225 1018 1114 3196 3049 734 
226 941 1104 3051 2933 708 
227 858 1039 2922 2810 696 
228 822 1003 2804 2717 674 
229 792 1021 2704 2588 633 
230 801 976 2593 2463 599 
231 805 902 2473 2286 557 
232 831 871 2357 2176 510 
233 754 830 2315 2090 496 
234 719 801 2133 1977 483 
235 671 751 2019 1950 460 
236 660 691 1966 1911 434 
237 598 673 1908 1815 421 
238 565 679 1835 1654 398 
239 548 657 1778 1575 370 
240 513 617 1670 1594 333 
241 501 597 1631 1489 333 
242 495 536 1576 1445 313 
243 496 517 1532 1391 310 
244 461 486 1476 1342 298 
245 455 469 1414 1330 301 
246 458 454 1364 1250 286 
247 436 434 1320 1210 254 
248 404 434 1259 1157 264 
249 380 445 1288 1114 251 
250 362 422 1261 1039 239 
251 344 397 1243 994 211 
252 326 389 1199 926 213 
253 341 373 1174 925 197 
254 318 376 1179 874 222 
255 292 346 1150 853 225 
256 263 312 1120 790 194 
257 257 314 1084 758 173 
258 248 307 986 729 166 
259 249 299 923 695 141 
260 246 284 876 683 141 
261 240 276 791 649 136 
262 242 267 785 602 134 
263 224 236 773 568 125 
264 208 230 716 558 115 
265 193 220 717 516 118 
266 200 199 677 473 125 
267 201 203 651 481 127 
268 182 193 624 484 123 
269 159 192 618 469 111 
270 162 169 577 429 118 
271 157 146 549 423 120 
272 143 132 540 393 105 
273 134 121 529 378 94 
274 136 141 487 355 89 
275 130 129 439 358 99 
276 121 118 390 368 91 
277 110 100 389 362 99 
278 109 87 400 344 104 
279 101 83 378 331 100 
280 108 77 355 320 95 
281 112 71 331 304 87 
282 112 65 320 285 78 
283 110 64 283 290 66 
284 100 58 246 263 62 
285 96 52 255 253 63 
286 89 43 244 244 60 
287 73 44 262 237 64 
288 76 38 227 203 58 
289 70 40 219 186 53 
290 75 35 188 202 48 
291 62 27 194 185 43 
292 58 29 186 169 49 
293 51 24 170 157 49 
294 41 20 150 172 44 
295 44 25 142 151 50 
296 39 25 149 145 52 
297 38 23 167 131 53 
298 33 25 161 139 47 
299 33 24 160 128 37 
300 31 30 162 122 35 
301 29 32 155 127 36 
302 33 40 137 109 27 
303 31 35 117 104 27 
304 32 31 113 90 26 
305 33 31 110 81 21 
306 27 29 109 79 20 
307 25 21 94 71 23 
308 24 25 91 67 26 
309 24 21 87 53 24 
310 13 18 89 45 20 
311 8 24 81 44 21 
312 7 20 63 44 23 
313 6 24 68 40 21 
314 6 22 57 40 20 
315 6 25 56 37 19 
316 6 18 57 27 16 
317 9 19 45 25 16 
318 9 20 35 25 16 
319 9 18 35 23 16 
320 9 15 32 15 18 
321 8 11 25 11 14 
322 7 8 27 9 12 
323 5 9 27 13 8 
324 3 8 27 12 8 
325 3 10 25 9 6 
326 2 13 23 6 5 
327 4 15 24 9 5 
328 5 12 22 9 5 
329 4 13 22 12 2 
330 7 12 22 14 1 
331 6 5 25 15 2 
332 6 3 26 11 2 
333 5 3 22 10 1 
334 5 2 21 14 1 
335 5 4 22 18 1 
336 3 4 23 16 2 
337 3 3 16 16 2 
338 3 4 15 15 2 
339 3 3 17 16 3 
340 3 3 19 11 3 
341 3 5 14 12 3 
342 4 9 15 11 2 
343 4 10 14 12 3 
344 1 13 14 11 3 
345 2 14 17 13 3 
346 3 14 14 13 2 
347 2 11 15 15 3 
348 4 10 13 11 2 
349 7 8 19 11 1 
350 10 10 24 13 1 
351 10 10 22 14 3 
352 13 13 20 10 5 
353 13 12 21 10 4 
354 9 10 23 13 4 
355 6 11 22 15 2 
356 3 8 23 11 3 
357 2 5 15 12 2 
358 2 5 18 10 2 
359 2 3 18 11 1 
360 1 1 16 8 0 
361 1 1 15 7 0 
362 2 2 14 4 0 
363 2 2 18 6 0 
364 1 2 17 6 0 
365 2 2 15 5 0 
366 2 2 12 8 0 
367 2 1 11 10 0 
368 1 1 10 11 0 
369 0 0 13 8 0 
370 0 0 15 9 0 
371 0 0 9 7 0 
372 0 0 6 7 0 
373 0 0 4 7 0 
374 1 0 5 8 0 
375 0 0 4 7 0 
376 0 0 4 6 0 
377 0 0 4 6 0 
378 0 0 3 2 0 
379 0 0 3 3 0 
380 0 0 3 4 0 
381 0 0 2 3 0 
382 2 0 2 3 0 
383 1 0 4 3 0 
384 0 0 5 5 0 
385 0 0 5 3 0 
386 0 0 5 4 0 
387 1 0 3 3 0 
388 1 1 3 1 0 
389 0 1 4 1 0 
390 0 1 6 1 0 
391 0 2 5 1 0 
392 0 2 7 1 0 
393 0 2 6 0 0 
394 1 1 6 0 0 
395 1 1 5 0 0 
396 1 1 3 0 0 
397 2 1 3 0 0 
398 3 1 2 1 0 
399 3 1 2 1 0 
400 3 1 3 1 0 
401 1 0 3 0 0 
402 0 0 3 0 0 
403 0 0 2 0 0 
404 0 0 3 0 0 
405 0 0 2 0 0 
406 0 0 3 0 0 
407 0 0 0 0 0 
