1 0 6 0 0 0 
2 0 4 0 0 0 
3 2 2 0 0 0 
4 0 8 0 0 0 
5 0 4 0 0 0 
6 1 9 0 0 0 
7 1 4 0 0 0 
8 0 4 1 0 0 
9 1 3 1 0 0 
10 0 1 1 0 0 
11 0 5 0 0 0 
12 2 6 0 0 0 
13 0 2 0 0 0 
14 1 8 2 0 0 
15 1 5 1 0 0 
16 0 4 2 0 0 
17 2 4 0 1 0 
18 0 3 0 0 0 
19 3 3 0 0 0 
20 1 1 1 2 0 
21 1 2 0 1 0 
22 0 3 1 0 0 
23 0 3 0 0 0 
24 0 6 0 0 0 
25 0 5 0 4 0 
26 0 11 0 0 0 
27 0 3 0 0 0 
28 0 6 0 0 0 
29 1 2 0 0 0 
30 1 3 0 3 0 
31 5 3 0 1 0 
32 3 2 0 0 0 
33 2 3 1 1 0 
34 0 4 0 0 0 
35 1 0 0 1 0 
36 1 1 2 1 0 
37 0 4 0 2 0 
38 0 5 1 0 0 
39 0 3 0 2 0 
40 3 9 3 2 0 
41 0 8 0 2 0 
42 0 6 8 0 0 
43 1 9 9 0 0 
44 0 10 9 3 0 
45 1 16 12 2 0 
46 4 9 8 2 0 
47 3 13 10 2 0 
48 2 15 16 4 1 
49 6 19 10 4 1 
50 4 22 16 4 0 
51 5 21 8 4 0 
52 1 22 13 3 0 
53 2 30 13 6 0 
54 4 25 16 6 1 
55 7 22 19 2 2 
56 4 37 20 10 1 
57 8 31 14 23 4 
58 5 34 18 16 4 
59 6 28 18 16 4 
60 3 40 14 25 2 
61 6 36 22 23 5 
62 6 48 21 14 2 
63 4 28 18 23 2 
64 10 48 28 23 3 
65 11 46 31 22 2 
66 4 36 25 16 2 
67 8 49 33 25 3 
68 2 43 37 35 1 
69 5 43 32 40 0 
70 8 46 43 34 0 
71 9 62 32 36 0 
72 10 60 41 43 4 
73 12 70 53 46 4 
74 11 76 38 54 2 
75 10 68 46 44 2 
76 11 90 52 47 0 
77 15 103 63 49 1 
78 21 109 48 56 3 
79 18 90 41 77 3 
80 16 98 60 80 2 
81 22 124 54 66 4 
82 22 78 47 79 3 
83 27 93 40 78 6 
84 23 125 39 68 5 
85 27 100 53 65 1 
86 24 119 48 75 8 
87 41 113 59 78 6 
88 29 121 57 63 9 
89 31 159 48 90 8 
90 37 157 61 71 4 
91 39 186 59 96 3 
92 25 172 87 106 7 
93 32 187 88 111 5 
94 31 186 91 137 5 
95 48 193 70 129 5 
96 37 213 83 127 7 
97 44 214 88 147 13 
98 46 224 82 130 17 
99 43 268 107 139 7 
100 45 279 88 149 13 
101 47 311 119 153 16 
102 52 264 125 170 13 
103 61 300 151 169 17 
104 48 339 170 171 12 
105 73 333 158 176 21 
106 56 368 143 210 21 
107 68 352 154 195 25 
108 75 395 179 193 33 
109 83 432 196 234 32 
110 82 464 179 240 25 
111 80 456 219 238 20 
112 95 498 228 273 35 
113 123 492 233 257 26 
114 101 534 258 292 30 
115 143 548 280 302 39 
116 122 601 259 323 36 
117 133 620 277 360 47 
118 132 648 348 378 41 
119 169 691 326 401 33 
120 166 744 332 403 42 
121 173 736 334 443 33 
122 175 819 384 442 38 
123 177 801 416 477 55 
124 180 870 446 529 50 
125 176 884 450 572 40 
126 204 970 455 603 52 
127 216 970 490 631 58 
128 222 1048 512 650 62 
129 257 1097 528 673 78 
130 261 1144 570 760 60 
131 263 1197 563 830 54 
132 298 1254 676 781 72 
133 284 1344 703 841 73 
134 332 1427 803 837 83 
135 295 1506 708 890 102 
136 353 1489 744 895 110 
137 328 1615 742 960 114 
138 381 1655 806 993 127 
139 407 1753 916 1022 107 
140 418 1861 921 1117 121 
141 429 1948 1048 1204 140 
142 410 2078 1090 1196 132 
143 510 2116 1129 1301 127 
144 518 2235 1135 1352 124 
145 520 2241 1168 1387 142 
146 544 2330 1294 1423 164 
147 505 2398 1295 1511 177 
148 583 2506 1364 1539 183 
149 548 2530 1319 1549 203 
150 615 2577 1476 1666 218 
151 625 2738 1513 1723 208 
152 680 2718 1626 1836 208 
153 679 2821 1720 1901 237 
154 726 2859 1781 1942 241 
155 716 3025 1912 2086 261 
156 700 3097 1978 2183 286 
157 766 3184 2045 2197 270 
158 760 3268 2054 2388 314 
159 834 3271 2119 2498 324 
160 903 3286 2246 2582 336 
161 891 3397 2379 2819 374 
162 926 3543 2439 2768 350 
163 989 3579 2653 3008 329 
164 997 3692 2752 2968 378 
165 991 3766 2755 3057 374 
166 1004 3796 2791 3169 369 
167 1023 3852 2943 3257 414 
168 1089 3718 2957 3439 428 
169 1120 3906 3067 3336 431 
170 1173 3836 3255 3528 453 
171 1228 3966 3281 3682 523 
172 1263 4039 3384 3670 492 
173 1264 3960 3540 3685 483 
174 1299 3968 3655 3925 531 
175 1345 4043 3722 4055 497 
176 1358 4075 3967 4136 540 
177 1362 4121 3956 4189 547 
178 1463 4072 4153 4341 605 
179 1493 4058 4215 4396 634 
180 1509 4085 4297 4612 628 
181 1508 4150 4429 4685 654 
182 1560 4171 4358 4831 645 
183 1530 4152 4547 4771 737 
184 1608 4084 4560 4730 756 
185 1565 4065 4755 4847 709 
186 1563 4153 4771 4904 833 
187 1644 4094 4956 4834 847 
188 1629 4040 5075 4986 826 
189 1633 3949 4881 5016 891 
190 1669 3912 4911 5166 873 
191 1693 3880 4962 5078 938 
192 1662 3870 5098 5207 1023 
193 1685 3772 5072 5210 981 
194 1659 3724 4967 5182 1021 
195 1629 3645 4972 5158 1034 
196 1738 3613 5189 5089 1077 
197 1684 3551 5121 5234 1067 
198 1690 3581 5116 5177 1062 
199 1706 3419 5098 5103 1090 
200 1612 3421 5223 5103 1094 
201 1679 3361 5253 5148 1083 
202 1649 3233 5162 5209 1085 
203 1667 3185 5212 5114 1105 
204 1567 2960 5171 5089 1004 
205 1604 2935 4989 4928 1077 
206 1603 3007 5210 4885 1039 
207 1630 2826 5083 4736 1005 
208 1613 2845 5156 4686 1084 
209 1579 2637 5000 4662 1053 
210 1555 2602 4931 4738 1043 
211 1496 2511 4905 4453 1091 
212 1471 2493 4777 4498 1050 
213 1528 2434 4779 4279 1039 
214 1504 2344 4521 4321 1029 
215 1492 2319 4487 4105 1035 
216 1416 2235 4507 4157 990 
217 1392 2235 4446 3971 941 
218 1383 2088 4380 3831 882 
219 1290 2082 4278 3857 943 
220 1328 2019 4167 3725 921 
221 1349 2039 3990 3599 852 
222 1292 1897 3993 3532 849 
223 1213 1812 3841 3442 829 
224 1236 1838 3786 3350 868 
225 1155 1790 3682 3249 864 
226 1094 1717 3524 3164 838 
227 1029 1652 3450 3153 779 
228 1081 1636 3420 2944 699 
229 989 1612 3249 2930 758 
230 996 1505 3310 2864 802 
231 988 1468 3114 2840 704 
232 955 1366 3082 2629 733 
233 964 1358 3012 2640 695 
234 888 1270 2910 2544 714 
235 898 1323 2825 2466 693 
236 852 1291 2699 2301 621 
237 836 1192 2642 2335 634 
238 822 1079 2441 2289 623 
239 775 1117 2493 2212 604 
240 792 1028 2395 2061 588 
241 681 986 2306 2007 517 
242 673 911 2243 1989 564 
243 676 912 2239 1891 533 
244 668 893 2090 1685 543 
245 589 863 2082 1627 488 
246 627 834 2055 1628 506 
247 557 767 1942 1655 438 
248 576 722 1822 1576 430 
249 527 694 1798 1494 430 
250 524 683 1732 1409 410 
251 505 723 1749 1442 413 
252 499 628 1715 1303 348 
253 437 624 1583 1300 345 
254 445 625 1477 1222 343 
255 446 602 1425 1192 330 
256 441 557 1398 1142 300 
257 406 567 1394 1097 284 
258 391 491 1355 1058 290 
259 382 494 1296 989 268 
260 370 491 1171 995 257 
261 353 450 1123 947 253 
262 347 414 1150 923 237 
263 323 402 1094 880 225 
264 305 407 1014 836 207 
265 327 376 985 791 212 
266 318 366 869 798 209 
267 274 370 884 750 167 
268 270 357 843 715 190 
269 265 333 872 662 177 
270 277 298 811 706 172 
271 242 293 798 642 146 
272 241 284 724 661 149 
273 232 284 744 622 131 
274 210 261 756 569 155 
275 217 255 671 573 130 
276 208 248 676 567 123 
277 188 204 665 567 118 
278 180 204 599 530 136 
279 185 184 579 504 84 
280 195 192 528 476 89 
281 170 187 519 450 109 
282 169 184 475 400 90 
283 140 168 497 381 76 
284 144 169 473 380 75 
285 140 155 444 378 74 
286 139 190 442 372 65 
287 115 176 421 324 60 
288 120 149 397 292 73 
289 110 136 383 302 61 
290 108 123 338 289 47 
291 98 132 332 251 51 
292 84 134 307 224 48 
293 76 147 292 211 47 
294 89 106 303 226 30 
295 80 109 211 216 41 
296 84 119 247 201 42 
297 53 122 212 206 57 
298 60 104 198 203 37 
299 49 85 216 163 40 
300 71 80 227 175 39 
301 57 82 217 143 30 
302 60 66 195 153 32 
303 40 59 191 151 37 
304 45 66 190 143 32 
305 44 64 170 135 20 
306 43 48 165 124 30 
307 43 56 169 115 15 
308 39 65 154 118 18 
309 49 52 171 106 17 
310 36 66 127 115 15 
311 49 46 130 94 22 
312 43 44 135 84 22 
313 35 40 123 79 17 
314 39 38 129 77 14 
315 25 33 112 90 13 
316 24 40 106 67 11 
317 34 25 81 67 14 
318 36 39 81 59 11 
319 34 38 95 72 19 
320 22 32 88 65 13 
321 28 36 82 49 20 
322 28 33 62 69 24 
323 25 29 53 46 18 
324 21 35 59 58 12 
325 25 20 65 38 8 
326 21 17 39 41 7 
327 20 19 40 50 8 
328 19 17 50 41 5 
329 15 16 42 44 3 
330 18 20 40 41 3 
331 17 19 35 46 4 
332 15 17 34 40 7 
333 11 14 31 32 4 
334 3 12 35 53 3 
335 7 16 42 28 1 
336 8 23 21 28 5 
337 8 16 25 34 3 
338 8 14 26 31 2 
339 14 15 23 23 2 
340 13 13 23 28 2 
341 9 10 25 22 4 
342 8 20 15 27 7 
343 9 19 18 17 2 
344 6 16 12 27 1 
345 7 11 18 22 4 
346 8 20 11 27 1 
347 7 19 12 17 4 
348 6 23 12 18 2 
349 7 15 15 19 4 
350 2 12 8 21 2 
351 4 11 9 11 1 
352 3 12 10 12 2 
353 4 12 5 13 2 
354 2 12 6 12 2 
355 1 11 7 8 1 
356 2 4 8 7 1 
357 3 11 6 9 1 
358 1 3 8 15 1 
359 1 13 4 7 0 
360 0 7 5 9 2 
361 0 7 6 9 1 
362 1 7 6 5 0 
363 0 7 8 6 0 
364 1 6 6 5 0 
365 4 5 10 6 0 
366 2 8 1 6 0 
367 3 9 10 5 0 
368 1 12 8 4 0 
369 3 5 8 7 0 
370 0 4 5 8 0 
371 1 5 3 5 0 
372 1 4 4 5 0 
373 0 5 7 1 0 
374 1 4 11 1 0 
375 3 2 4 5 0 
376 0 5 3 2 0 
377 3 1 4 5 0 
378 1 1 3 3 0 
379 2 1 3 4 0 
380 0 1 0 5 0 
381 1 0 3 0 0 
382 3 4 2 3 0 
383 1 3 2 1 0 
384 1 5 2 1 0 
385 0 4 3 4 0 
386 3 5 2 0 0 
387 3 1 3 2 0 
388 1 2 2 0 0 
389 1 2 0 2 0 
390 1 2 1 3 0 
391 2 6 3 5 0 
392 1 0 1 1 0 
393 1 1 0 3 0 
394 1 0 2 2 0 
395 0 0 3 1 0 
396 0 0 1 2 0 
397 0 1 1 1 0 
398 0 0 0 0 1 
399 0 0 1 0 0 
400 0 0 1 2 0 
401 0 0 0 1 0 
402 0 0 1 0 0 
403 0 0 4 0 0 
404 0 0 1 2 0 
405 0 0 0 2 0 
406 0 1 2 3 0 
407 0 0 1 0 0 
408 0 1 3 0 0 
409 0 0 3 0 0 
410 0 0 2 0 0 
411 0 0 2 0 0 
412 0 0 2 1 0 
413 0 0 3 0 0 
414 1 0 1 0 0 
415 1 0 2 1 0 
416 0 0 3 0 0 
417 0 0 2 0 0 
418 1 0 1 1 0 
419 0 0 3 0 0 
420 0 0 3 0 0 
421 0 0 3 0 0 
422 0 0 2 0 0 
423 1 0 1 1 0 
424 1 0 0 0 0 
425 5 0 3 0 0 
426 1 0 0 0 0 
427 1 0 4 0 0 
428 4 5 0 1 0 
429 2 0 1 0 0 
430 1 0 3 2 0 
431 0 0 4 0 0 
432 3 0 8 0 0 
433 1 0 4 0 0 
434 2 0 0 1 0 
435 3 0 2 0 0 
436 0 0 1 1 0 
437 1 0 2 0 0 
438 1 0 2 0 0 
439 1 0 4 1 0 
440 0 0 2 0 0 
441 0 0 0 0 1 
442 0 1 4 0 0 
443 1 0 4 1 0 
444 0 0 0 0 0 
445 0 0 2 0 0 
446 0 0 1 0 0 
447 0 0 0 1 0 
448 0 0 2 0 0 
449 0 0 2 0 0 
450 0 0 0 1 0 
451 0 0 3 0 0 
452 0 0 2 0 0 
453 0 0 1 0 0 
454 0 0 4 0 0 
455 0 0 4 0 0 
456 0 0 9 0 1 
457 0 0 3 1 1 
458 0 0 9 0 0 
459 0 0 5 1 1 
460 2 0 5 0 0 
461 0 0 0 0 1 
462 0 0 8 0 0 
463 3 1 4 2 0 
464 2 0 3 0 0 
465 2 0 6 2 0 
466 1 1 2 0 0 
467 0 0 4 2 0 
468 1 0 1 1 0 
469 3 0 3 1 0 
470 5 0 4 2 1 
471 1 1 8 1 0 
472 2 0 4 5 0 
473 4 0 2 1 0 
474 2 2 5 1 0 
475 2 0 2 2 0 
476 4 0 2 1 0 
477 4 0 1 2 1 
478 2 0 1 3 0 
479 1 1 2 1 2 
480 3 0 3 2 0 
481 1 1 0 0 0 
482 2 0 0 1 0 
483 1 1 0 4 0 
484 0 1 0 1 0 
485 2 0 0 1 0 
486 1 0 0 0 0 
487 0 0 0 0 0 
488 6 0 1 0 0 
489 1 0 1 0 0 
490 1 1 0 0 0 
491 2 0 0 0 0 
492 1 0 1 0 0 
493 1 0 0 4 0 
494 1 0 0 2 0 
495 0 0 0 0 0 
496 2 0 0 1 0 
497 2 0 0 0 0 
498 0 0 1 0 0 
499 0 0 0 2 0 
500 0 0 2 5 0 
501 2 0 0 1 0 
502 0 0 1 0 0 
503 0 0 1 3 0 
504 0 0 0 1 0 
505 1 0 1 1 0 
506 0 0 0 1 0 
507 0 0 1 2 0 
508 0 0 0 0 0 
509 2 0 0 0 0 
510 0 1 1 0 0 
511 0 0 0 0 0 
512 0 0 1 0 0 
513 0 0 2 2 0 
514 0 0 1 0 0 
515 0 0 0 0 0 
516 0 0 2 0 0 
517 0 0 3 0 0 
518 0 0 1 0 0 
519 0 0 2 0 0 
520 0 0 0 0 0 
521 0 0 2 0 0 
522 0 0 2 0 0 
523 1 0 1 0 0 
524 0 0 0 0 0 
525 0 0 0 0 0 
526 0 0 0 0 0 
527 0 0 0 0 0 
528 0 0 1 0 0 
529 0 0 0 0 0 
530 0 0 0 0 0 
