1 0 11 0 0 0 
2 0 14 0 0 0 
3 0 13 1 0 0 
4 0 15 1 0 0 
5 0 16 1 0 0 
6 0 18 0 0 0 
7 0 21 0 0 0 
8 0 18 1 0 0 
9 0 15 1 0 0 
10 0 21 1 0 0 
11 0 26 3 0 0 
12 0 19 1 0 0 
13 0 15 2 0 0 
14 0 15 4 0 0 
15 0 17 5 0 0 
16 1 25 3 1 0 
17 0 26 3 1 0 
18 0 24 3 3 0 
19 0 25 2 4 0 
20 0 23 4 6 0 
21 0 25 1 9 0 
22 1 25 2 6 0 
23 1 26 2 4 0 
24 3 31 1 8 0 
25 2 34 1 6 0 
26 3 33 2 6 0 
27 3 35 2 5 0 
28 1 39 0 6 0 
29 2 35 0 7 0 
30 3 33 0 10 0 
31 4 38 0 5 0 
32 6 35 0 4 0 
33 3 41 0 3 0 
34 2 42 0 2 0 
35 2 45 1 4 0 
36 2 58 1 6 0 
37 5 57 2 9 0 
38 4 51 1 8 0 
39 3 50 2 7 0 
40 4 46 2 4 0 
41 6 46 1 3 0 
42 7 46 1 8 0 
43 7 51 2 8 0 
44 7 51 2 8 0 
45 6 53 3 5 0 
46 5 60 2 7 0 
47 5 67 3 8 0 
48 7 75 7 6 0 
49 8 78 10 9 0 
50 4 83 8 14 1 
51 4 69 12 16 1 
52 5 77 12 15 1 
53 7 70 13 13 1 
54 7 71 16 10 2 
55 9 79 15 16 1 
56 10 83 20 15 1 
57 11 97 19 11 0 
58 15 100 23 16 0 
59 17 107 27 16 1 
60 18 108 34 16 1 
61 16 107 34 18 2 
62 16 125 37 18 4 
63 24 137 35 23 5 
64 20 157 36 25 4 
65 25 178 41 27 4 
66 27 182 45 33 4 
67 32 198 53 33 4 
68 28 222 51 43 5 
69 21 233 53 44 6 
70 26 243 62 57 9 
71 27 254 71 68 8 
72 30 252 65 65 8 
73 31 243 67 70 9 
74 28 251 84 88 11 
75 32 257 90 93 10 
76 38 258 102 100 8 
77 39 276 104 105 8 
78 41 268 111 120 6 
79 58 267 117 123 5 
80 67 280 131 137 9 
81 68 281 128 138 12 
82 63 275 120 147 16 
83 67 320 134 158 19 
84 72 338 138 168 23 
85 80 352 128 176 28 
86 74 371 138 195 22 
87 59 384 157 189 32 
88 63 392 153 187 31 
89 60 419 183 199 31 
90 73 451 209 225 39 
91 76 496 231 230 49 
92 86 505 232 243 52 
93 97 524 244 251 62 
94 99 527 267 293 56 
95 104 558 289 326 51 
96 121 603 297 348 63 
97 141 640 328 356 65 
98 133 665 302 380 66 
99 144 685 318 391 83 
100 143 700 328 393 72 
101 154 730 329 424 82 
102 166 749 359 441 93 
103 181 776 376 449 100 
104 184 836 398 435 98 
105 198 856 431 457 107 
106 185 858 449 470 126 
107 172 908 513 500 113 
108 175 991 559 508 125 
109 185 1012 583 540 134 
110 194 1104 566 579 127 
111 209 1157 605 611 126 
112 238 1293 637 623 132 
113 243 1336 665 639 134 
114 270 1419 647 703 134 
115 303 1521 711 752 145 
116 293 1581 754 806 164 
117 264 1678 813 876 160 
118 294 1710 826 886 161 
119 312 1750 843 930 147 
120 333 1844 880 1012 165 
121 343 1971 901 1089 175 
122 362 2054 971 1149 176 
123 389 2158 966 1191 182 
124 423 2254 967 1269 194 
125 458 2319 999 1329 200 
126 476 2401 1045 1347 211 
127 511 2533 1082 1447 218 
128 510 2686 1140 1529 242 
129 549 2804 1190 1663 252 
130 578 2990 1262 1810 233 
131 644 3138 1304 1876 256 
132 678 3340 1403 2038 286 
133 706 3505 1515 2149 305 
134 724 3537 1596 2317 317 
135 780 3740 1659 2389 325 
136 807 3989 1792 2550 369 
137 871 4221 1890 2670 403 
138 903 4376 2038 2805 415 
139 886 4495 2164 2949 475 
140 963 4633 2267 3076 486 
141 1036 4934 2352 3286 500 
142 1066 5122 2443 3537 500 
143 1113 5227 2547 3681 488 
144 1142 5438 2700 3785 513 
145 1279 5569 2928 3910 557 
146 1302 5749 3089 4045 560 
147 1291 5915 3244 4242 549 
148 1369 6104 3469 4383 578 
149 1465 6251 3617 4584 609 
150 1501 6424 3700 4847 656 
151 1579 6599 3886 4972 680 
152 1624 6760 4131 5219 708 
153 1714 7094 4358 5527 759 
154 1758 7381 4603 5700 786 
155 1876 7584 4835 5997 804 
156 1961 7767 5086 6202 866 
157 2026 8095 5335 6306 901 
158 2045 8240 5593 6571 913 
159 2118 8535 5911 6853 947 
160 2200 8746 6085 7110 1023 
161 2272 9061 6360 7273 1042 
162 2343 9225 6665 7576 1062 
163 2425 9453 7025 7808 1104 
164 2546 9767 7345 8056 1173 
165 2634 10064 7656 8334 1277 
166 2707 10251 7961 8563 1347 
167 2780 10485 8368 9023 1313 
168 2917 10642 8565 9281 1361 
169 2989 10714 8875 9514 1374 
170 3036 10831 9171 9820 1418 
171 3193 10902 9491 10299 1467 
172 3350 11092 9751 10654 1497 
173 3448 11279 10236 10965 1578 
174 3524 11346 10511 11217 1619 
175 3651 11439 10814 11470 1688 
176 3651 11485 11076 11773 1753 
177 3636 11548 11414 12004 1780 
178 3689 11737 11814 12195 1804 
179 3817 11865 12000 12432 1865 
180 3864 11951 12374 12857 1846 
181 3945 12170 12621 13224 1895 
182 4095 12330 13086 13425 1983 
183 4254 12284 13290 13800 2076 
184 4409 12397 13621 14157 2108 
185 4437 12413 13839 14448 2140 
186 4590 12573 14187 14529 2175 
187 4597 12650 14610 14605 2282 
188 4650 12697 14988 14590 2372 
189 4709 12625 15109 14580 2397 
190 4712 12496 15255 14845 2425 
191 4833 12203 15367 15055 2526 
192 4854 12181 15523 15153 2629 
193 4822 12078 15569 15302 2651 
194 4966 11949 15752 15314 2693 
195 4957 11768 15747 15407 2695 
196 5034 11448 15824 15426 2733 
197 5069 11304 16171 15414 2770 
198 5102 10996 16409 15493 2787 
199 5147 10800 16386 15635 2796 
200 5183 10682 16347 15525 2832 
201 5125 10498 16184 15423 2899 
202 5090 10321 16106 15520 2914 
203 5049 10173 16094 15382 2942 
204 5004 10108 16011 15235 2893 
205 4914 9923 15901 15040 2915 
206 4794 9662 15865 15045 2917 
207 4832 9467 15791 14974 2920 
208 4784 9287 15562 14738 2864 
209 4730 9111 15493 14585 2866 
210 4711 8910 15276 14484 2906 
211 4612 8700 14996 14268 2823 
212 4568 8344 14755 13975 2816 
213 4582 8082 14667 13680 2767 
214 4539 7898 14411 13476 2783 
215 4516 7746 14308 13122 2796 
216 4430 7528 14004 12887 2720 
217 4358 7315 13766 12710 2695 
218 4255 7039 13426 12476 2711 
219 4165 6830 13158 12354 2672 
220 4013 6796 12901 12020 2600 
221 3963 6657 12751 11811 2604 
222 3828 6327 12368 11486 2547 
223 3745 6214 11961 11171 2463 
224 3689 5947 11747 10870 2418 
225 3569 5867 11534 10590 2394 
226 3506 5607 11313 10400 2398 
227 3549 5293 11129 10011 2312 
228 3471 5155 10885 9830 2328 
229 3375 5011 10627 9635 2245 
230 3254 4889 10397 9384 2185 
231 3228 4814 10225 9210 2198 
232 3142 4671 9982 8981 2185 
233 3032 4490 9758 8743 2153 
234 2905 4371 9383 8511 2148 
235 2796 4190 9156 8302 2116 
236 2752 4071 8859 7975 2102 
237 2665 3953 8596 7719 1951 
238 2606 3852 8413 7419 1884 
239 2486 3708 8194 7095 1869 
240 2397 3575 7934 6895 1871 
241 2362 3433 7851 6776 1812 
242 2264 3306 7699 6612 1781 
243 2163 3163 7360 6387 1721 
244 2067 3021 7166 6083 1644 
245 2010 2925 7048 5895 1566 
246 1917 2803 6718 5701 1469 
247 1879 2668 6561 5618 1380 
248 1854 2576 6282 5435 1344 
249 1737 2446 6081 5331 1306 
250 1645 2328 5841 5115 1269 
251 1622 2266 5621 4948 1204 
252 1613 2151 5345 4795 1153 
253 1629 2092 5205 4666 1069 
254 1538 1972 4923 4555 1068 
255 1507 1909 4703 4423 1031 
256 1432 1903 4449 4245 1034 
257 1383 1790 4253 4096 1014 
258 1385 1771 4089 3890 987 
259 1328 1733 3983 3722 991 
260 1320 1698 3883 3618 969 
261 1227 1589 3745 3381 919 
262 1157 1511 3621 3269 858 
263 1106 1420 3450 3200 849 
264 1063 1409 3318 3002 838 
265 1066 1371 3214 2865 798 
266 1023 1297 3077 2740 760 
267 1000 1266 2989 2653 739 
268 952 1218 2902 2524 749 
269 891 1162 2775 2410 717 
270 837 1091 2702 2338 688 
271 836 1103 2607 2237 659 
272 790 1038 2516 2121 637 
273 737 990 2393 2063 600 
274 757 936 2330 1931 572 
275 733 893 2235 1838 555 
276 716 877 2140 1771 545 
277 662 821 2068 1701 530 
278 633 797 1983 1597 504 
279 594 763 1900 1546 476 
280 547 774 1800 1491 473 
281 551 760 1753 1486 455 
282 531 708 1644 1434 454 
283 524 652 1561 1299 447 
284 518 598 1529 1249 412 
285 468 580 1454 1150 370 
286 416 543 1343 1037 373 
287 386 488 1256 987 352 
288 344 457 1195 956 314 
289 338 457 1127 948 302 
290 314 465 1108 916 290 
291 293 439 1064 873 277 
292 305 416 1034 834 272 
293 295 422 951 805 251 
294 286 415 909 768 239 
295 267 416 867 704 238 
296 257 400 851 685 232 
297 247 406 828 664 222 
298 237 408 787 656 217 
299 232 369 764 635 198 
300 230 359 721 603 188 
301 223 344 710 588 180 
302 206 333 699 587 179 
303 219 319 694 599 161 
304 204 331 645 586 173 
305 192 299 615 564 166 
306 177 283 593 542 168 
307 187 260 570 532 162 
308 163 253 535 492 154 
309 143 233 524 474 152 
310 144 232 509 459 140 
311 148 203 463 438 151 
312 162 189 450 426 141 
313 154 193 458 420 154 
314 154 182 423 401 143 
315 144 190 393 382 131 
316 130 166 380 351 108 
317 120 167 356 340 115 
318 128 161 328 355 113 
319 108 139 327 326 120 
320 98 132 306 322 116 
321 98 142 266 295 122 
322 82 125 267 292 136 
323 79 116 261 298 128 
324 76 113 241 267 115 
325 64 100 232 253 111 
326 59 84 248 244 113 
327 61 90 237 239 97 
328 59 77 234 227 96 
329 67 69 214 222 94 
330 65 61 206 221 93 
331 62 61 200 221 97 
332 67 55 186 207 88 
333 49 54 207 190 83 
334 49 52 198 191 76 
335 42 52 192 178 71 
336 40 44 173 192 68 
337 37 36 174 195 60 
338 31 28 160 189 63 
339 32 25 144 161 54 
340 30 31 146 150 45 
341 28 30 128 154 47 
342 32 35 132 142 48 
343 34 36 127 135 48 
344 36 30 120 136 47 
345 38 42 105 122 39 
346 35 37 115 109 41 
347 30 33 117 105 36 
348 26 28 111 93 41 
349 32 25 105 89 35 
350 31 24 108 98 34 
351 25 21 99 94 37 
352 23 18 103 89 43 
353 27 19 94 86 42 
354 32 15 80 89 41 
355 30 13 68 87 35 
356 27 15 57 85 31 
357 25 10 51 72 29 
358 25 10 43 69 29 
359 31 10 43 66 28 
360 25 10 48 53 22 
361 21 8 45 53 22 
362 17 8 45 46 19 
363 15 10 34 44 17 
364 10 12 35 43 19 
365 9 13 28 39 18 
366 6 11 31 40 15 
367 6 12 29 35 10 
368 8 10 26 26 15 
369 10 6 22 21 14 
370 8 3 20 27 11 
371 7 3 26 28 10 
372 8 3 26 23 7 
373 6 4 22 26 10 
374 2 3 23 29 10 
375 2 4 18 26 9 
376 2 2 20 29 9 
377 2 2 20 31 6 
378 2 0 13 26 4 
379 3 1 10 16 4 
380 1 0 12 28 4 
381 2 0 17 21 4 
382 0 0 18 19 4 
383 0 0 15 13 5 
384 0 0 16 14 4 
385 0 0 18 14 5 
386 0 0 22 12 5 
387 1 0 23 12 4 
388 1 0 18 7 3 
389 1 0 17 5 1 
390 0 0 15 3 0 
391 0 0 16 3 0 
392 0 0 13 1 0 
393 0 0 12 1 0 
394 0 0 9 1 0 
395 0 0 9 2 0 
396 0 0 10 2 0 
397 0 0 11 3 0 
398 0 0 12 3 0 
399 0 0 12 2 0 
400 0 0 8 1 0 
401 0 0 9 1 0 
402 0 1 10 1 0 
403 0 1 9 2 0 
404 0 0 11 3 0 
405 0 0 11 1 0 
406 0 0 10 1 0 
407 0 0 9 0 0 
408 3 0 11 0 0 
409 2 0 10 1 0 
410 2 0 8 3 0 
411 2 0 6 2 0 
412 2 0 7 3 0 
413 2 0 3 5 0 
414 3 0 1 5 0 
415 2 0 1 3 0 
416 2 0 1 2 0 
417 2 0 0 1 0 
418 2 0 0 0 0 
419 1 0 0 0 0 
420 0 0 0 0 0 
