1 0 1 0 0 0 
2 0 7 0 0 0 
3 1 11 0 0 0 
4 0 11 0 0 0 
5 3 13 0 0 0 
6 0 11 0 2 0 
7 0 10 0 1 0 
8 1 9 0 1 0 
9 0 4 0 2 0 
10 1 8 0 1 0 
11 1 6 2 1 0 
12 0 8 1 1 0 
13 2 9 1 1 0 
14 1 11 5 2 0 
15 0 12 6 3 0 
16 2 18 3 2 0 
17 2 16 4 1 0 
18 2 24 8 2 0 
19 2 17 4 3 0 
20 2 15 3 4 0 
21 1 19 5 8 0 
22 5 13 5 13 0 
23 6 15 3 8 0 
24 3 26 5 7 0 
25 9 24 4 6 0 
26 3 27 5 11 0 
27 3 33 6 7 0 
28 5 31 8 11 0 
29 2 34 5 11 0 
30 5 32 13 16 0 
31 2 42 13 19 0 
32 3 45 17 19 1 
33 9 55 18 20 2 
34 13 60 13 22 3 
35 4 69 15 24 3 
36 11 69 21 26 3 
37 11 73 22 33 1 
38 16 87 26 31 6 
39 20 99 24 49 3 
40 18 92 25 38 6 
41 15 102 22 42 5 
42 18 100 28 31 11 
43 18 112 38 48 6 
44 19 130 47 52 12 
45 19 120 29 46 13 
46 11 145 52 41 9 
47 22 161 32 57 10 
48 18 144 45 57 10 
49 18 165 51 66 19 
50 20 167 38 78 13 
51 20 186 49 60 22 
52 38 198 63 68 14 
53 24 213 57 77 7 
54 27 213 77 94 25 
55 28 225 74 96 13 
56 33 204 81 120 16 
57 36 232 91 102 15 
58 39 223 70 104 14 
59 49 259 94 108 17 
60 41 262 116 110 24 
61 42 277 107 123 24 
62 64 323 116 119 19 
63 50 332 132 139 17 
64 52 331 124 136 13 
65 63 365 173 158 19 
66 59 371 154 157 21 
67 83 400 150 139 22 
68 84 453 171 177 23 
69 67 489 182 163 19 
70 87 493 183 184 23 
71 85 506 206 221 29 
72 116 541 178 242 37 
73 103 514 195 243 33 
74 120 563 255 264 23 
75 111 633 236 265 25 
76 119 588 247 271 30 
77 128 715 296 292 36 
78 131 738 322 305 43 
79 177 821 343 358 39 
80 154 853 326 368 38 
81 158 891 364 362 37 
82 154 947 360 391 49 
83 165 972 386 433 42 
84 195 965 404 427 64 
85 198 968 424 457 69 
86 175 1030 479 487 57 
87 211 1115 475 499 74 
88 200 1190 449 526 79 
89 214 1251 529 540 88 
90 273 1290 500 574 65 
91 256 1372 540 668 86 
92 235 1437 585 733 72 
93 296 1512 586 723 84 
94 253 1595 607 768 69 
95 320 1649 678 817 72 
96 303 1629 691 879 75 
97 328 1735 741 862 96 
98 341 1768 777 950 100 
99 344 1914 813 1040 108 
100 348 1842 807 1093 112 
101 389 2003 909 1134 98 
102 411 2041 1040 1169 114 
103 402 2138 1006 1299 118 
104 454 2222 1043 1350 136 
105 478 2303 1093 1403 160 
106 488 2303 1226 1434 174 
107 492 2405 1253 1484 166 
108 524 2530 1261 1520 193 
109 588 2590 1294 1655 198 
110 578 2582 1468 1675 186 
111 624 2659 1482 1751 185 
112 620 2802 1461 1885 206 
113 639 2942 1624 1899 236 
114 643 2861 1813 2081 268 
115 724 3030 1810 2129 237 
116 744 3056 1991 2157 256 
117 806 3289 1966 2308 293 
118 810 3312 2134 2408 329 
119 876 3306 2124 2623 340 
120 868 3437 2383 2628 382 
121 852 3535 2387 2712 369 
122 917 3593 2494 2772 435 
123 1009 3643 2552 2956 396 
124 1001 3705 2651 2959 441 
125 1027 3796 2843 3087 478 
126 1059 3871 2936 3085 506 
127 1164 3828 3008 3177 511 
128 1092 3961 3207 3427 555 
129 1175 3942 3180 3431 581 
130 1163 4020 3341 3497 595 
131 1259 4101 3428 3564 588 
132 1225 4276 3524 3728 594 
133 1238 4089 3604 3923 652 
134 1272 4326 3662 3920 689 
135 1266 4243 3705 4001 721 
136 1309 4293 3890 4242 734 
137 1359 4242 3954 4205 763 
138 1397 4206 4135 4319 773 
139 1414 4233 4165 4304 736 
140 1446 4188 4164 4406 802 
141 1465 4164 4330 4561 856 
142 1492 4209 4339 4539 772 
143 1462 4119 4361 4767 851 
144 1558 4072 4458 4751 898 
145 1526 4023 4531 4854 882 
146 1610 4053 4792 4901 923 
147 1570 4024 4762 4922 908 
148 1581 3982 4889 4983 908 
149 1676 3849 5096 5036 963 
150 1644 3770 5050 5160 981 
151 1687 3807 5168 5141 979 
152 1629 3759 5073 5115 921 
153 1594 3685 5208 5071 987 
154 1677 3675 5302 5186 986 
155 1656 3583 5509 5050 1006 
156 1743 3519 5278 5222 956 
157 1663 3442 5345 5148 1011 
158 1710 3309 5362 5101 1029 
159 1721 3263 5237 5098 1044 
160 1727 3320 5177 5049 1002 
161 1706 3092 5259 4945 1044 
162 1692 3202 5258 4944 1066 
163 1625 2968 5414 5013 1074 
164 1635 2960 5181 4916 1061 
165 1642 3013 5172 4934 1107 
166 1613 2873 5231 4981 1046 
167 1667 2733 5098 4808 1080 
168 1614 2652 5047 4717 1034 
169 1482 2604 4985 4644 927 
170 1594 2492 4973 4576 905 
171 1558 2471 4946 4474 947 
172 1494 2428 4858 4299 941 
173 1391 2303 4766 4334 921 
174 1374 2227 4633 4234 950 
175 1449 2144 4501 4139 882 
176 1381 2014 4500 4097 892 
177 1420 2047 4313 3988 905 
178 1305 1915 4367 3784 866 
179 1353 1884 4178 3905 853 
180 1295 1800 4078 3734 861 
181 1351 1832 3991 3654 837 
182 1296 1754 4014 3640 794 
183 1238 1694 3698 3558 827 
184 1191 1642 3697 3512 801 
185 1196 1494 3657 3383 755 
186 1134 1492 3543 3260 741 
187 1122 1351 3534 3214 745 
188 1039 1359 3397 3139 743 
189 1041 1333 3320 3030 736 
190 1042 1296 3222 3039 664 
191 990 1227 3188 2879 683 
192 948 1209 3066 2757 626 
193 883 1095 2961 2658 640 
194 898 1125 2863 2562 599 
195 877 1077 2756 2386 590 
196 791 1030 2619 2445 539 
197 759 1051 2614 2246 605 
198 764 902 2485 2256 561 
199 776 926 2393 2114 573 
200 799 950 2348 1916 517 
201 693 826 2285 2025 501 
202 706 853 2166 2022 477 
203 692 808 2125 1952 436 
204 628 695 1956 1803 404 
205 588 709 1890 1709 398 
206 597 712 1950 1682 397 
207 604 679 1853 1561 379 
208 565 663 1707 1557 399 
209 526 638 1648 1527 387 
210 509 626 1575 1421 342 
211 508 609 1504 1430 316 
212 456 591 1536 1293 329 
213 432 564 1408 1251 331 
214 413 550 1358 1247 305 
215 408 578 1278 1145 296 
216 375 486 1272 1203 264 
217 368 506 1229 1056 244 
218 363 415 1180 1085 225 
219 331 433 1101 1015 218 
220 281 391 1063 975 203 
221 280 364 983 1010 218 
222 301 375 988 922 177 
223 310 375 944 906 207 
224 291 325 959 882 197 
225 285 347 894 817 165 
226 275 300 815 743 181 
227 256 295 786 708 189 
228 250 275 753 652 170 
229 221 230 709 644 175 
230 221 235 732 666 147 
231 219 222 692 670 132 
232 244 254 623 589 129 
233 207 246 635 587 122 
234 192 224 554 565 87 
235 184 197 569 521 118 
236 190 193 553 491 93 
237 150 184 535 476 76 
238 160 172 435 428 93 
239 132 154 474 427 90 
240 135 157 419 410 81 
241 139 144 428 361 75 
242 151 113 317 338 80 
243 121 120 369 367 75 
244 109 131 367 348 79 
245 90 123 340 314 68 
246 114 100 330 325 64 
247 108 115 310 304 81 
248 115 111 314 292 63 
249 104 105 271 280 63 
250 96 102 275 249 60 
251 91 85 285 257 48 
252 77 106 232 243 63 
253 80 74 232 225 36 
254 80 79 223 199 53 
255 76 66 227 217 39 
256 76 71 188 195 35 
257 67 52 178 193 33 
258 75 71 185 197 41 
259 35 56 172 182 32 
260 66 53 175 197 36 
261 38 59 164 181 39 
262 46 65 176 170 31 
263 34 62 154 160 35 
264 45 53 139 148 27 
265 54 47 142 144 27 
266 50 49 103 131 17 
267 49 42 111 127 30 
268 43 52 118 134 22 
269 59 44 117 118 42 
270 36 46 94 113 27 
271 38 40 113 105 29 
272 32 33 95 101 23 
273 26 36 95 81 22 
274 32 20 85 84 19 
275 31 25 91 80 18 
276 23 23 95 101 22 
277 25 21 70 85 25 
278 24 18 84 66 18 
279 22 19 68 63 13 
280 17 20 59 68 28 
281 11 22 54 56 22 
282 17 16 53 65 18 
283 16 25 55 59 27 
284 22 17 45 50 14 
285 15 16 61 64 16 
286 17 11 64 46 22 
287 19 12 48 53 13 
288 12 10 44 42 17 
289 11 15 40 43 12 
290 12 12 43 46 16 
291 13 8 32 38 9 
292 14 5 38 49 16 
293 11 10 40 34 15 
294 17 5 35 30 16 
295 12 8 38 50 14 
296 16 10 39 36 15 
297 13 10 36 41 11 
298 15 10 26 25 16 
299 13 8 36 35 14 
300 12 5 24 25 6 
301 10 5 26 32 13 
302 10 10 36 37 12 
303 8 7 25 20 8 
304 5 12 27 36 7 
305 6 12 30 29 10 
306 1 14 30 30 13 
307 6 5 31 17 5 
308 6 6 15 22 5 
309 4 11 22 19 11 
310 6 10 26 28 8 
311 6 6 14 17 13 
312 6 5 26 26 12 
313 8 6 28 21 8 
314 5 9 30 17 4 
315 9 7 32 17 5 
316 8 15 27 13 2 
317 4 12 18 11 6 
318 8 10 20 10 10 
319 5 9 20 20 4 
320 6 11 14 9 7 
321 8 7 15 5 4 
322 6 5 13 11 4 
323 5 7 12 7 2 
324 4 7 15 5 4 
325 4 5 15 6 3 
326 1 1 8 6 3 
327 6 4 3 4 3 
328 5 4 6 3 6 
329 1 8 6 2 5 
330 2 1 6 4 3 
331 0 1 4 4 3 
332 1 3 10 7 3 
333 2 3 9 2 1 
334 1 2 4 6 2 
335 1 3 11 3 4 
336 1 3 5 5 4 
337 0 4 11 3 3 
338 0 1 5 5 2 
339 1 5 4 1 0 
340 0 5 3 4 0 
341 0 3 9 4 0 
342 0 6 6 3 0 
343 0 0 7 1 2 
344 0 4 5 1 1 
345 1 2 3 1 1 
346 3 7 3 4 1 
347 2 7 3 2 3 
348 2 10 1 4 1 
349 0 9 6 4 0 
350 1 6 1 3 0 
351 1 5 2 1 0 
352 0 1 3 3 0 
353 1 1 1 0 1 
354 0 2 5 6 0 
355 1 1 6 3 0 
356 0 0 0 1 0 
357 0 2 1 3 0 
358 1 4 0 5 0 
359 2 1 1 4 0 
360 0 1 0 3 0 
361 0 3 3 1 0 
362 3 2 1 0 0 
363 3 1 1 2 0 
364 0 2 2 3 0 
365 1 2 1 2 0 
366 0 1 2 2 0 
367 0 0 0 4 0 
368 0 0 1 1 0 
369 0 0 0 3 0 
370 0 0 1 4 0 
371 0 0 2 0 0 
372 0 0 0 4 0 
373 0 0 0 3 0 
374 0 0 1 1 0 
375 0 0 2 1 0 
376 0 0 1 3 0 
377 0 0 0 1 0 
378 0 0 1 1 0 
379 0 0 0 3 0 
380 0 0 0 0 0 
381 0 0 0 0 0 
382 0 0 0 0 0 
383 0 0 0 0 0 
384 0 0 0 0 0 
385 0 0 0 0 0 
386 0 0 0 0 0 
387 0 0 0 0 0 
388 0 0 0 0 0 
