1 0 3 0 0 0 
2 0 4 0 0 0 
3 0 6 0 0 0 
4 0 1 0 0 0 
5 0 0 0 0 0 
6 0 1 0 0 0 
7 0 1 0 0 0 
8 0 1 0 0 0 
9 0 1 0 0 0 
10 0 0 0 0 0 
11 0 1 0 0 0 
12 0 2 0 0 0 
13 0 1 0 0 0 
14 0 0 0 0 0 
15 0 1 0 0 0 
16 0 1 0 0 0 
17 0 3 0 0 0 
18 0 2 0 0 0 
19 1 1 0 1 0 
20 1 3 0 0 0 
21 1 2 1 0 0 
22 1 4 0 0 0 
23 0 2 0 1 0 
24 0 0 0 0 0 
25 0 1 0 0 0 
26 0 3 0 0 0 
27 2 2 0 0 0 
28 0 2 0 1 0 
29 1 1 0 0 0 
30 2 1 0 2 0 
31 0 1 1 1 0 
32 1 2 0 3 0 
33 2 1 0 3 0 
34 2 3 0 4 0 
35 0 1 0 3 0 
36 0 1 0 3 0 
37 3 0 0 2 0 
38 0 3 0 3 0 
39 0 3 0 1 0 
40 0 4 1 2 0 
41 0 3 2 1 0 
42 2 1 0 1 0 
43 2 4 0 2 0 
44 2 2 0 1 0 
45 1 2 0 2 0 
46 1 6 2 4 0 
47 2 4 2 1 0 
48 1 3 0 2 0 
49 2 7 0 3 0 
50 2 6 1 3 0 
51 3 6 1 1 0 
52 0 3 0 0 0 
53 1 0 1 0 0 
54 1 4 0 1 0 
55 0 5 1 4 0 
56 0 4 2 2 0 
57 0 5 2 0 0 
58 0 11 0 4 0 
59 1 1 2 0 0 
60 1 1 2 1 0 
61 0 3 2 0 0 
62 1 3 0 1 0 
63 1 6 1 1 0 
64 1 10 1 1 0 
65 1 12 1 0 0 
66 1 17 3 4 0 
67 2 11 3 1 0 
68 1 13 1 3 0 
69 2 8 1 7 0 
70 0 8 1 4 0 
71 3 13 6 1 0 
72 1 16 4 7 0 
73 0 16 1 3 0 
74 1 14 4 4 0 
75 3 9 6 6 0 
76 1 10 2 3 0 
77 3 17 1 4 0 
78 3 20 0 5 1 
79 3 21 0 5 0 
80 2 31 6 9 0 
81 6 28 0 4 1 
82 7 33 2 5 0 
83 4 36 2 8 1 
84 8 36 3 6 0 
85 6 43 3 3 0 
86 5 43 4 5 4 
87 7 29 1 4 4 
88 6 38 5 5 3 
89 14 34 4 5 3 
90 18 48 10 7 4 
91 15 40 9 14 0 
92 7 42 9 8 3 
93 4 55 13 15 1 
94 8 33 14 14 1 
95 6 44 3 22 2 
96 11 49 15 12 3 
97 12 48 5 10 2 
98 7 51 13 17 4 
99 5 38 9 15 2 
100 9 45 12 17 2 
101 13 44 9 16 3 
102 12 59 18 28 5 
103 14 45 14 30 3 
104 8 54 16 35 5 
105 10 51 18 30 0 
106 10 52 24 51 1 
107 11 57 28 30 3 
108 16 73 40 37 2 
109 13 102 22 49 3 
110 14 108 32 48 4 
111 11 96 37 40 2 
112 20 113 36 59 5 
113 17 111 41 52 2 
114 17 131 43 50 2 
115 19 135 53 61 4 
116 19 148 43 71 7 
117 10 127 50 63 7 
118 19 192 61 69 11 
119 19 183 74 75 6 
120 20 174 64 84 8 
121 21 190 65 89 5 
122 20 201 63 96 4 
123 31 201 71 87 5 
124 32 261 71 111 8 
125 41 272 90 112 10 
126 25 259 87 108 6 
127 27 283 83 129 5 
128 44 277 93 131 13 
129 27 342 104 151 7 
130 56 311 133 177 9 
131 48 329 133 138 7 
132 64 352 142 172 8 
133 59 360 154 196 7 
134 70 404 124 207 13 
135 53 376 193 204 9 
136 60 423 173 214 18 
137 72 446 173 242 16 
138 98 478 208 239 12 
139 83 529 218 269 14 
140 97 591 269 267 11 
141 110 617 277 305 11 
142 120 690 262 325 24 
143 116 693 296 351 26 
144 136 736 306 360 18 
145 138 707 297 374 23 
146 137 747 321 387 20 
147 159 798 342 446 20 
148 158 821 363 476 26 
149 150 805 421 514 25 
150 198 812 396 533 37 
151 199 883 486 564 33 
152 202 879 495 575 46 
153 192 879 488 557 45 
154 192 961 534 597 58 
155 236 980 543 605 65 
156 233 1104 595 656 61 
157 231 1151 610 724 73 
158 252 1187 695 777 57 
159 241 1236 673 778 85 
160 264 1304 721 819 89 
161 274 1362 769 917 93 
162 344 1418 798 948 104 
163 315 1463 786 1019 115 
164 374 1471 841 1030 124 
165 366 1601 902 1047 139 
166 373 1631 891 1124 122 
167 414 1754 955 1141 163 
168 410 1835 1041 1210 151 
169 453 1883 1008 1165 132 
170 472 1985 1119 1273 158 
171 460 2013 1163 1360 161 
172 504 2084 1273 1370 176 
173 545 2153 1374 1532 149 
174 535 2158 1412 1581 176 
175 547 2307 1412 1664 165 
176 600 2397 1457 1647 195 
177 627 2466 1538 1803 186 
178 665 2579 1698 1820 207 
179 660 2515 1773 1976 208 
180 638 2691 1824 2046 201 
181 739 2799 1920 2059 243 
182 711 2830 1995 2113 234 
183 724 3028 2070 2194 254 
184 774 3081 2112 2298 273 
185 821 2990 2262 2336 282 
186 882 3091 2343 2450 301 
187 853 3188 2415 2524 324 
188 894 3297 2492 2680 333 
189 869 3215 2674 2701 316 
190 960 3515 2702 2840 367 
191 941 3573 2794 2862 343 
192 1007 3656 2866 2994 388 
193 975 3637 3090 3124 421 
194 1073 3677 3181 3187 443 
195 1122 3818 3343 3277 434 
196 1091 3869 3306 3359 492 
197 1134 3879 3506 3512 481 
198 1247 4041 3646 3636 490 
199 1279 3977 3676 3688 509 
200 1324 3976 3811 3772 546 
201 1213 3917 3795 3897 544 
202 1281 4020 3881 4014 631 
203 1324 4125 4101 3978 587 
204 1344 4064 4166 4225 594 
205 1324 4126 4233 4127 637 
206 1389 4071 4504 4321 699 
207 1418 4133 4424 4498 651 
208 1517 4131 4648 4437 668 
209 1551 4005 4715 4521 717 
210 1509 4130 4763 4680 769 
211 1538 4167 4772 4807 722 
212 1476 4037 4834 4754 854 
213 1582 3977 4923 4837 867 
214 1554 3998 5032 4949 858 
215 1541 3959 5086 4771 879 
216 1552 3867 5069 4995 935 
217 1626 3855 5177 4960 936 
218 1671 3886 5282 5179 976 
219 1610 3812 5099 5132 922 
220 1625 3766 5267 5043 1010 
221 1720 3760 5250 5082 1001 
222 1719 3635 5098 4957 1014 
223 1665 3547 5210 4992 1050 
224 1689 3466 5206 5076 996 
225 1701 3385 5355 4989 1072 
226 1743 3477 5020 5114 1043 
227 1677 3341 5245 5048 1055 
228 1715 3207 5233 4958 1049 
229 1669 3308 5138 5043 1057 
230 1682 3065 5071 5043 1102 
231 1671 2970 5056 4977 1109 
232 1581 2921 4897 4905 1080 
233 1669 2879 4910 4812 1069 
234 1577 2757 4965 4828 1016 
235 1564 2808 4988 4819 1025 
236 1629 2685 4786 4706 1029 
237 1564 2629 4845 4582 1037 
238 1527 2532 4526 4446 1035 
239 1400 2494 4678 4516 1073 
240 1481 2342 4714 4373 1032 
241 1541 2369 4599 4237 1022 
242 1447 2253 4490 4105 988 
243 1471 2242 4457 4106 914 
244 1405 2143 4422 4027 941 
245 1329 2089 4307 4004 990 
246 1328 1964 4148 3946 955 
247 1277 1876 4082 3871 953 
248 1223 1897 4083 3858 950 
249 1197 1859 4037 3607 956 
250 1212 1836 3854 3596 920 
251 1170 1770 3942 3490 879 
252 1152 1707 3798 3436 872 
253 1112 1687 3767 3310 874 
254 1118 1549 3532 3211 818 
255 1096 1505 3460 3158 829 
256 977 1511 3420 3098 754 
257 1090 1472 3185 2981 772 
258 1068 1403 3263 2934 752 
259 1040 1327 3116 2814 752 
260 951 1316 3073 2780 741 
261 963 1277 2906 2566 693 
262 945 1175 2872 2567 724 
263 904 1200 2711 2512 633 
264 919 1132 2588 2397 676 
265 866 1104 2520 2339 662 
266 793 1062 2370 2266 665 
267 823 980 2345 2164 637 
268 801 948 2358 2149 615 
269 686 910 2212 2094 619 
270 744 917 2141 2019 558 
271 706 911 2050 1865 515 
272 693 901 1878 1790 508 
273 619 812 1889 1807 499 
274 582 800 1798 1595 490 
275 594 791 1730 1628 476 
276 541 736 1663 1582 479 
277 518 725 1584 1508 435 
278 521 678 1559 1441 459 
279 453 625 1451 1441 398 
280 491 616 1388 1328 391 
281 408 578 1462 1286 367 
282 437 525 1393 1187 333 
283 458 522 1266 1198 353 
284 435 501 1220 1103 307 
285 373 500 1232 1062 294 
286 368 447 1179 1022 277 
287 310 443 1080 1018 235 
288 332 413 1040 916 272 
289 320 438 1023 940 212 
290 257 364 970 902 237 
291 328 378 1001 909 220 
292 326 367 929 855 180 
293 303 364 933 764 202 
294 301 317 816 794 166 
295 287 320 837 774 171 
296 252 299 787 731 145 
297 266 257 747 663 149 
298 230 247 689 628 119 
299 224 275 695 671 112 
300 183 261 706 621 114 
301 155 252 612 602 107 
302 146 251 590 586 94 
303 166 237 596 564 101 
304 146 256 562 531 93 
305 130 223 527 486 93 
306 131 242 460 497 93 
307 153 201 480 458 88 
308 137 229 512 368 92 
309 133 215 434 360 82 
310 172 193 419 393 87 
311 124 164 424 380 72 
312 125 169 425 354 83 
313 144 171 407 330 76 
314 121 165 356 333 80 
315 123 154 375 313 76 
316 115 154 363 264 74 
317 106 150 341 287 57 
318 110 126 352 285 54 
319 90 134 334 255 56 
320 92 115 316 257 59 
321 92 120 308 248 59 
322 90 118 301 222 59 
323 87 106 259 220 46 
324 93 118 253 222 44 
325 78 93 236 188 41 
326 65 84 231 212 37 
327 83 78 198 196 36 
328 69 88 225 198 21 
329 87 83 206 192 37 
330 58 87 153 208 37 
331 63 78 182 164 26 
332 55 71 169 171 22 
333 54 65 175 168 33 
334 56 65 151 160 31 
335 46 57 138 170 28 
336 37 56 137 148 28 
337 34 54 127 130 20 
338 47 70 122 138 30 
339 42 65 127 117 15 
340 37 64 122 103 16 
341 32 67 112 110 32 
342 27 50 113 110 30 
343 27 48 106 115 24 
344 20 55 127 91 21 
345 29 51 108 98 18 
346 36 49 83 78 16 
347 25 31 113 80 18 
348 26 49 80 85 14 
349 23 32 85 71 17 
350 15 28 90 65 19 
351 12 28 78 61 18 
352 15 24 63 64 23 
353 12 35 69 61 19 
354 22 33 62 46 14 
355 15 32 63 49 24 
356 14 28 75 49 18 
357 19 29 65 42 15 
358 16 32 61 36 17 
359 14 23 49 39 10 
360 10 25 80 56 11 
361 10 18 61 43 7 
362 17 22 63 36 10 
363 15 30 53 45 11 
364 16 23 52 34 14 
365 22 23 54 34 10 
366 13 21 54 29 5 
367 14 20 36 31 7 
368 17 14 35 35 3 
369 17 7 32 37 6 
370 7 16 45 30 5 
371 15 20 38 23 7 
372 13 19 33 28 6 
373 12 18 29 26 2 
374 6 12 28 20 2 
375 7 11 37 43 1 
376 8 15 27 32 3 
377 13 6 32 25 3 
378 15 8 30 26 0 
379 10 17 25 27 2 
380 12 12 29 21 0 
381 8 15 21 26 0 
382 3 6 10 17 0 
383 8 11 13 15 0 
384 7 7 11 13 1 
385 5 5 14 18 0 
386 9 7 2 12 0 
387 10 7 11 13 1 
388 5 5 5 5 0 
389 9 5 7 3 0 
390 3 1 8 5 0 
391 3 1 11 5 1 
392 2 2 12 4 0 
393 2 1 7 10 0 
394 2 1 6 11 1 
395 2 1 9 14 0 
396 2 0 9 4 0 
397 2 1 6 1 2 
398 3 3 6 3 0 
399 2 2 3 5 1 
400 1 1 4 2 0 
401 1 1 7 1 0 
402 0 0 2 1 0 
403 0 0 4 4 0 
404 0 1 4 4 0 
405 0 0 4 2 0 
406 0 0 4 5 0 
407 0 0 1 2 0 
408 0 1 2 5 0 
409 0 0 7 4 0 
410 0 1 4 2 0 
411 0 1 4 3 0 
412 0 0 6 1 0 
413 0 0 4 2 0 
414 1 0 6 2 0 
415 1 0 4 5 0 
416 0 0 8 1 1 
417 0 0 6 4 0 
418 1 0 5 2 0 
419 0 0 7 3 0 
420 0 0 6 3 0 
421 1 0 5 3 0 
422 0 0 9 1 0 
423 0 0 10 0 0 
424 0 0 4 2 0 
425 0 0 2 3 0 
426 0 0 5 1 0 
427 0 1 2 2 0 
428 0 0 2 2 0 
429 0 0 5 1 0 
430 0 0 2 3 0 
431 0 0 2 2 0 
432 0 0 0 0 0 
433 0 0 0 1 0 
434 1 0 1 2 0 
435 1 0 1 0 0 
436 1 0 0 0 0 
437 0 0 0 0 0 
438 2 0 0 0 0 
439 0 0 1 0 0 
440 0 0 1 0 0 
441 0 0 0 0 0 
442 0 0 3 0 0 
443 0 0 4 0 0 
444 0 0 1 0 0 
445 1 0 0 0 0 
446 0 0 0 0 0 
447 0 0 0 0 0 
448 0 0 0 0 0 
449 0 0 0 0 0 
450 0 0 2 0 0 
451 0 0 1 0 0 
452 0 0 0 0 0 
453 0 0 0 0 0 
454 0 0 0 0 0 
455 0 0 0 0 0 
456 0 0 1 0 0 
457 0 0 0 0 0 
458 0 0 0 0 0 
459 0 0 1 0 0 
460 0 0 1 0 0 
461 0 0 0 0 0 
462 0 0 0 0 0 
463 0 0 2 0 0 
464 0 0 0 0 0 
465 0 0 0 0 0 
