1 0 5 0 0 0 
2 0 6 0 0 0 
3 0 4 0 0 0 
4 0 12 0 0 0 
5 2 15 0 0 0 
6 0 10 0 0 0 
7 0 9 0 0 0 
8 0 12 0 1 0 
9 0 13 0 2 0 
10 2 11 0 2 0 
11 1 19 2 2 0 
12 0 21 1 1 0 
13 0 13 0 3 0 
14 3 13 3 2 0 
15 1 20 0 4 0 
16 4 14 0 3 0 
17 3 13 2 3 0 
18 3 18 1 2 0 
19 5 17 0 3 0 
20 3 18 2 2 2 
21 1 21 2 0 0 
22 1 18 0 0 0 
23 1 21 0 2 0 
24 3 21 0 6 0 
25 3 27 0 1 0 
26 1 21 2 3 2 
27 2 31 1 1 1 
28 5 41 2 3 0 
29 4 32 3 2 0 
30 9 28 5 1 1 
31 8 35 1 1 0 
32 10 27 2 4 0 
33 8 47 8 5 0 
34 7 49 4 3 0 
35 9 48 6 4 0 
36 7 51 7 7 0 
37 10 58 7 6 0 
38 9 68 9 3 0 
39 13 69 7 9 1 
40 11 63 7 7 2 
41 6 63 6 8 3 
42 9 86 7 8 1 
43 16 82 9 9 0 
44 13 84 11 5 0 
45 6 104 10 8 4 
46 12 95 11 15 4 
47 12 83 18 17 4 
48 12 100 21 17 8 
49 22 94 7 15 3 
50 11 85 14 26 3 
51 17 114 22 24 2 
52 13 117 17 28 3 
53 18 146 17 27 0 
54 14 126 24 21 0 
55 20 136 29 31 1 
56 14 155 35 32 0 
57 24 155 33 30 0 
58 30 172 28 37 3 
59 20 198 39 21 2 
60 21 211 44 34 2 
61 28 210 35 33 1 
62 24 227 41 43 1 
63 21 225 43 40 5 
64 29 244 41 49 0 
65 27 226 53 40 4 
66 16 232 69 72 2 
67 17 246 57 63 1 
68 29 256 68 67 3 
69 40 262 74 64 1 
70 29 315 70 80 3 
71 34 285 83 95 0 
72 39 304 81 109 4 
73 54 340 103 113 4 
74 44 348 83 119 0 
75 53 338 89 117 3 
76 50 404 122 131 5 
77 53 418 120 127 5 
78 49 422 137 118 5 
79 68 472 123 151 8 
80 81 524 120 146 6 
81 84 515 139 146 7 
82 92 544 146 170 10 
83 86 556 165 178 10 
84 78 576 198 203 13 
85 71 608 213 164 8 
86 86 647 209 192 17 
87 101 664 226 204 17 
88 125 715 258 218 23 
89 115 738 301 219 31 
90 118 771 286 277 24 
91 150 836 308 244 16 
92 145 866 293 272 27 
93 145 930 334 304 29 
94 171 971 346 316 35 
95 165 1047 367 346 32 
96 170 1080 421 374 35 
97 166 1102 434 359 62 
98 202 1138 428 426 58 
99 194 1222 477 426 59 
100 231 1227 475 472 55 
101 208 1286 545 516 55 
102 202 1263 554 546 67 
103 240 1347 564 555 80 
104 259 1380 603 584 83 
105 258 1421 614 594 96 
106 227 1535 661 630 95 
107 290 1611 732 696 96 
108 323 1677 737 747 109 
109 310 1722 774 818 124 
110 318 1790 782 847 128 
111 356 1872 848 947 117 
112 373 1953 901 947 126 
113 375 1994 931 1001 135 
114 412 2039 1018 1107 156 
115 405 2289 1059 1123 151 
116 471 2245 1087 1155 162 
117 453 2271 1200 1261 168 
118 485 2312 1204 1332 169 
119 572 2320 1318 1362 173 
120 517 2572 1391 1497 194 
121 562 2578 1414 1574 202 
122 554 2673 1493 1681 213 
123 613 2691 1609 1688 241 
124 586 2803 1670 1799 225 
125 652 2954 1717 1844 220 
126 709 3019 1851 1990 243 
127 740 2950 1928 2044 251 
128 772 3075 1966 2127 283 
129 815 3146 2063 2257 293 
130 864 3280 2252 2356 303 
131 867 3303 2230 2433 327 
132 894 3267 2358 2505 330 
133 910 3375 2449 2455 367 
134 937 3538 2523 2727 356 
135 973 3432 2642 2779 438 
136 1048 3470 2775 2856 443 
137 1001 3678 2910 3039 428 
138 1126 3637 2954 3120 488 
139 1135 3565 3147 3185 509 
140 1219 3665 3305 3246 489 
141 1284 3754 3423 3381 519 
142 1263 3739 3476 3400 585 
143 1294 3728 3585 3557 534 
144 1304 3723 3682 3736 578 
145 1258 3824 3771 3912 582 
146 1334 3764 3890 3999 615 
147 1395 3974 4004 4037 637 
148 1428 3971 4057 4206 643 
149 1413 3972 4001 4347 662 
150 1465 4009 4285 4301 657 
151 1467 4036 4201 4577 813 
152 1514 3950 4352 4637 754 
153 1592 3916 4537 4659 783 
154 1583 3947 4473 4850 813 
155 1529 3944 4705 4821 828 
156 1585 3886 4765 4858 846 
157 1575 3993 4779 5141 889 
158 1627 3891 4935 5089 881 
159 1749 3908 4897 5041 926 
160 1651 3875 4799 5199 923 
161 1734 3846 4950 5174 945 
162 1694 3843 5007 5105 978 
163 1721 3740 4993 5148 972 
164 1703 3750 5027 5272 979 
165 1688 3748 5142 5332 972 
166 1756 3642 5120 5356 1003 
167 1843 3536 5193 5350 991 
168 1834 3413 5252 5380 977 
169 1785 3351 5251 5245 1030 
170 1722 3350 5245 5214 1005 
171 1726 3335 5146 5377 988 
172 1609 3162 5211 5432 1044 
173 1775 3214 5031 5262 984 
174 1700 3140 5238 5081 1002 
175 1718 3034 5091 5138 1108 
176 1698 3050 5097 5065 1037 
177 1625 2998 5107 4906 1062 
178 1626 2891 5031 4986 1073 
179 1568 2779 5039 5044 1019 
180 1583 2871 4984 4835 1071 
181 1520 2698 4994 4867 1022 
182 1510 2670 4884 4650 1027 
183 1515 2562 4846 4712 1010 
184 1521 2538 4704 4644 922 
185 1443 2363 4779 4430 903 
186 1406 2391 4652 4417 917 
187 1435 2345 4743 4361 931 
188 1465 2213 4748 4127 847 
189 1469 2234 4546 3980 865 
190 1394 2090 4378 4177 848 
191 1311 2055 4288 4124 790 
192 1282 1995 4116 3926 805 
193 1269 1936 4143 3838 783 
194 1253 1750 4065 3754 742 
195 1258 1821 3921 3713 736 
196 1173 1734 3806 3442 755 
197 1113 1668 3776 3405 710 
198 1185 1650 3613 3303 725 
199 1108 1582 3659 3203 657 
200 1099 1531 3471 3222 713 
201 1015 1495 3331 3081 665 
202 1028 1435 3369 3075 617 
203 1021 1346 3146 2779 591 
204 969 1298 2948 2852 566 
205 962 1302 2916 2754 552 
206 885 1190 2951 2560 573 
207 910 1143 2854 2684 555 
208 823 1119 2820 2575 517 
209 899 1068 2619 2441 506 
210 816 1080 2567 2330 465 
211 770 1008 2381 2318 449 
212 789 996 2423 2238 412 
213 738 977 2283 2105 453 
214 731 903 2236 2127 454 
215 682 937 2145 2047 454 
216 642 873 2070 1924 448 
217 649 821 2032 1982 392 
218 662 744 1925 1919 390 
219 596 749 1879 1809 387 
220 585 696 1804 1763 376 
221 559 681 1780 1592 367 
222 551 645 1702 1564 342 
223 477 605 1658 1538 335 
224 507 548 1586 1523 318 
225 540 541 1543 1408 278 
226 493 553 1416 1322 327 
227 467 544 1391 1262 280 
228 424 463 1386 1188 286 
229 438 487 1263 1177 291 
230 406 470 1286 1132 272 
231 377 426 1261 1042 251 
232 372 475 1095 990 241 
233 371 445 1188 957 248 
234 364 386 1051 904 238 
235 341 373 1048 870 240 
236 353 352 982 859 225 
237 317 342 966 812 209 
238 327 355 882 789 214 
239 279 371 890 797 189 
240 243 292 845 773 181 
241 278 305 757 710 181 
242 288 311 808 701 170 
243 236 245 731 689 149 
244 250 232 735 640 172 
245 231 248 694 579 151 
246 214 229 705 606 162 
247 199 239 626 569 131 
248 221 252 596 542 140 
249 213 206 559 510 142 
250 178 216 560 498 122 
251 169 204 510 460 135 
252 157 183 522 483 127 
253 157 205 487 402 124 
254 151 174 451 422 110 
255 120 188 427 414 109 
256 136 168 441 384 101 
257 117 175 357 374 91 
258 124 135 377 375 88 
259 138 138 338 329 98 
260 115 129 356 316 100 
261 135 122 342 315 91 
262 97 140 273 316 86 
263 120 105 299 281 69 
264 135 96 259 264 71 
265 108 88 252 257 68 
266 118 101 241 266 62 
267 89 111 244 224 81 
268 85 82 225 241 50 
269 91 77 249 219 59 
270 76 94 225 185 44 
271 74 91 242 192 47 
272 79 98 219 163 49 
273 68 76 212 183 46 
274 72 74 185 148 45 
275 62 68 156 151 48 
276 76 63 160 166 40 
277 51 67 160 154 35 
278 62 72 142 141 34 
279 45 54 166 146 29 
280 59 63 129 130 31 
281 53 68 156 122 24 
282 47 52 126 125 27 
283 42 44 127 128 26 
284 38 38 140 111 16 
285 45 42 105 84 16 
286 52 44 115 84 17 
287 41 37 95 90 27 
288 29 39 95 95 25 
289 21 37 89 95 29 
290 35 23 79 67 32 
291 39 30 85 88 28 
292 23 37 64 95 35 
293 32 35 83 82 25 
294 26 27 80 79 30 
295 26 25 95 57 23 
296 38 25 69 71 21 
297 23 29 74 68 25 
298 24 38 70 58 16 
299 28 31 81 54 21 
300 19 23 64 49 18 
301 11 43 69 42 10 
302 21 23 86 36 22 
303 14 24 58 38 10 
304 13 23 47 31 10 
305 18 27 53 19 6 
306 19 17 37 28 7 
307 16 10 35 22 10 
308 21 22 39 15 5 
309 14 21 37 23 5 
310 10 23 50 18 4 
311 11 21 61 27 1 
312 9 13 50 14 4 
313 4 16 51 14 1 
314 7 10 50 9 2 
315 6 15 42 16 2 
316 3 15 29 15 0 
317 11 10 36 12 3 
318 8 9 38 18 6 
319 7 8 38 19 6 
320 10 6 32 12 4 
321 1 12 42 8 1 
322 7 5 31 17 4 
323 3 5 34 9 2 
324 3 5 32 18 1 
325 5 5 27 12 2 
326 3 4 21 11 2 
327 4 6 21 7 1 
328 5 5 21 7 1 
329 2 7 24 7 3 
330 3 5 25 3 4 
331 2 5 30 9 2 
332 6 6 22 7 3 
333 5 10 25 9 1 
334 0 7 28 15 2 
335 7 5 15 13 0 
336 2 4 20 10 3 
337 4 3 12 11 1 
338 1 3 15 14 2 
339 2 3 10 11 1 
340 3 2 11 14 1 
341 3 0 10 17 3 
342 4 3 5 15 4 
343 2 0 7 15 2 
344 2 2 9 4 1 
345 4 4 12 12 0 
346 3 1 11 8 0 
347 4 6 18 4 0 
348 3 4 4 11 0 
349 4 6 5 5 0 
350 1 6 5 5 0 
351 0 5 7 4 0 
352 1 3 3 7 0 
353 2 4 3 9 0 
354 3 4 3 9 1 
355 2 3 3 6 0 
356 3 6 4 9 0 
357 2 7 2 5 0 
358 2 5 2 5 0 
359 2 7 9 8 0 
360 4 5 3 4 0 
361 1 7 8 6 0 
362 0 11 0 4 0 
363 2 7 2 6 0 
364 1 9 0 5 1 
365 0 6 4 3 0 
366 0 4 4 2 0 
367 0 2 0 6 0 
368 0 5 3 5 0 
369 0 0 3 2 0 
370 0 0 0 6 0 
371 1 4 0 4 0 
372 0 0 0 5 0 
373 0 3 1 1 0 
374 0 1 0 4 0 
375 1 3 0 2 0 
376 0 2 0 2 0 
377 1 0 1 2 0 
378 1 2 2 0 0 
379 0 1 0 0 0 
380 0 2 0 1 0 
381 0 1 1 1 0 
382 0 2 0 0 0 
383 1 2 0 0 0 
384 1 2 0 0 0 
385 0 0 0 0 0 
386 0 0 0 0 0 
387 0 5 0 0 0 
388 0 3 0 0 0 
389 1 4 0 1 0 
390 1 4 0 1 0 
391 2 4 0 0 0 
392 1 6 0 1 0 
393 1 8 0 1 0 
394 0 4 0 0 0 
395 0 4 0 1 0 
396 1 3 0 3 0 
397 0 4 1 3 0 
398 0 3 0 1 0 
399 0 0 1 1 1 
400 3 0 0 2 0 
401 0 1 0 1 0 
402 0 0 0 2 0 
403 0 2 0 0 0 
404 0 1 0 1 0 
405 0 0 0 0 0 
406 0 3 0 2 0 
407 0 0 0 2 0 
408 0 4 0 3 0 
409 0 1 0 3 0 
410 0 3 0 1 0 
411 0 1 0 1 0 
412 0 2 0 2 0 
413 0 1 0 4 0 
414 0 2 1 2 0 
415 0 3 0 1 0 
416 0 1 0 0 0 
417 0 1 1 0 0 
418 0 3 2 0 0 
419 2 3 0 0 0 
420 1 0 1 0 0 
421 0 0 0 0 0 
422 0 1 0 0 0 
423 0 0 2 0 0 
424 0 0 0 1 0 
425 0 0 0 1 0 
426 0 0 0 0 0 
427 0 0 0 1 0 
428 1 0 0 1 0 
429 0 0 0 0 0 
430 0 0 0 0 0 
431 0 0 0 0 0 
