1 0 6 0 0 0 
2 0 0 0 0 0 
3 0 4 0 1 0 
4 0 4 0 0 0 
5 0 1 0 0 0 
6 0 2 0 1 0 
7 0 2 0 0 0 
8 0 4 0 0 0 
9 0 3 0 0 0 
10 1 2 0 0 0 
11 0 1 0 0 0 
12 0 1 0 0 0 
13 0 0 0 0 0 
14 0 0 0 0 0 
15 1 0 0 1 0 
16 1 1 0 2 0 
17 1 0 0 2 0 
18 2 0 0 0 0 
19 1 1 0 0 0 
20 0 0 0 0 0 
21 0 1 0 0 0 
22 0 1 0 1 0 
23 0 0 0 2 0 
24 0 2 0 1 0 
25 0 1 0 3 0 
26 0 0 1 2 0 
27 0 0 1 2 0 
28 0 0 1 3 0 
29 0 0 1 3 0 
30 0 0 3 1 0 
31 0 0 1 2 0 
32 0 0 0 0 0 
33 0 0 0 0 0 
34 0 0 1 4 0 
35 0 0 1 4 0 
36 2 0 1 1 0 
37 0 0 0 0 2 
38 0 0 0 1 0 
39 0 0 2 1 0 
40 0 0 2 1 1 
41 1 0 1 0 2 
42 0 0 2 0 0 
43 0 0 1 0 2 
44 0 0 5 0 2 
45 0 0 2 0 0 
46 2 0 0 0 3 
47 0 0 1 0 0 
48 0 0 0 0 2 
49 0 0 0 0 0 
50 0 0 0 0 0 
51 0 0 0 0 0 
52 0 0 2 0 0 
53 0 0 1 0 0 
54 1 0 2 0 0 
55 0 0 4 0 1 
56 0 0 5 0 0 
57 0 0 6 3 0 
58 1 0 3 0 0 
59 0 0 5 0 0 
60 0 0 2 0 0 
61 0 0 2 0 0 
62 1 0 2 0 0 
63 0 1 2 0 0 
64 0 0 4 0 0 
65 1 0 3 0 0 
66 1 0 4 1 0 
67 1 0 2 1 0 
68 0 0 2 0 0 
69 1 0 5 1 0 
70 0 0 5 1 0 
71 0 0 6 1 0 
72 0 0 6 4 0 
73 1 0 7 2 0 
74 0 0 1 4 0 
75 1 0 8 2 0 
76 1 0 5 3 0 
77 0 1 5 3 0 
78 0 0 6 2 0 
79 0 0 6 2 0 
80 0 1 5 2 0 
81 0 0 3 1 0 
82 0 0 5 1 0 
83 0 0 3 0 0 
84 0 0 7 0 0 
85 0 1 4 0 0 
86 1 0 4 1 0 
87 1 1 3 0 0 
88 1 1 5 0 0 
89 0 0 4 1 0 
90 0 1 4 0 0 
91 1 0 7 0 0 
92 1 0 4 0 0 
93 1 0 11 0 1 
94 3 0 9 0 0 
95 1 0 9 1 1 
96 0 1 9 4 0 
97 1 0 10 4 0 
98 0 1 4 1 0 
99 0 0 4 3 0 
100 0 1 4 3 0 
101 1 0 7 3 0 
102 0 0 8 3 0 
103 0 0 6 3 0 
104 0 0 10 1 0 
105 2 0 11 2 0 
106 1 0 12 0 0 
107 1 0 11 5 0 
108 1 0 13 3 0 
109 0 1 13 1 0 
110 0 2 19 4 0 
111 2 0 18 2 1 
112 2 2 26 5 0 
113 1 0 15 12 0 
114 2 0 12 7 0 
115 2 0 22 6 0 
116 1 0 24 7 1 
117 3 0 20 6 0 
118 2 1 25 7 1 
119 0 0 27 6 1 
120 4 0 31 8 0 
121 3 3 29 6 1 
122 6 2 45 8 1 
123 1 0 31 9 3 
124 3 2 27 13 2 
125 4 2 33 14 5 
126 3 6 39 15 1 
127 4 5 46 23 1 
128 8 7 56 27 2 
129 4 6 61 18 2 
130 6 9 54 32 0 
131 8 12 66 17 6 
132 14 13 77 24 4 
133 12 11 69 25 6 
134 15 12 80 37 1 
135 12 12 104 39 6 
136 12 12 104 42 4 
137 11 13 116 41 6 
138 21 16 87 45 9 
139 20 22 83 41 8 
140 28 35 115 45 5 
141 31 26 100 52 5 
142 37 31 104 54 7 
143 24 29 110 58 5 
144 26 48 123 65 8 
145 24 29 143 61 9 
146 30 32 129 55 10 
147 31 32 124 66 12 
148 29 32 151 63 17 
149 32 58 134 64 17 
150 27 49 155 70 14 
151 28 44 162 75 14 
152 32 57 147 83 23 
153 22 59 150 93 19 
154 37 62 187 86 17 
155 34 65 161 78 17 
156 43 58 157 111 19 
157 41 67 182 110 21 
158 38 59 173 114 25 
159 34 66 180 99 19 
160 33 86 164 110 28 
161 43 85 197 133 15 
162 39 81 187 146 19 
163 38 87 176 145 23 
164 44 106 182 149 25 
165 44 110 186 174 29 
166 40 116 209 197 27 
167 58 126 233 207 36 
168 61 128 213 234 37 
169 52 136 235 227 52 
170 63 119 255 233 48 
171 71 148 257 273 32 
172 86 154 229 276 48 
173 80 176 258 295 55 
174 85 183 245 281 56 
175 86 192 283 291 46 
176 96 194 313 316 66 
177 83 222 305 289 62 
178 92 215 328 361 68 
179 99 255 346 386 58 
180 96 253 319 388 64 
181 120 258 357 424 63 
182 107 277 376 425 71 
183 134 272 394 488 54 
184 127 293 415 495 56 
185 119 314 396 492 66 
186 130 323 436 484 81 
187 126 358 449 549 71 
188 159 347 465 534 59 
189 156 361 475 561 83 
190 164 430 561 624 75 
191 139 446 565 637 78 
192 182 498 595 656 93 
193 177 477 593 677 114 
194 171 508 628 740 112 
195 216 532 663 779 114 
196 226 518 708 774 128 
197 213 604 784 776 137 
198 231 651 791 792 102 
199 220 683 864 906 129 
200 218 699 870 909 130 
201 277 722 889 923 136 
202 316 785 901 962 131 
203 304 820 970 1009 147 
204 336 850 1055 1111 138 
205 330 863 1016 1088 135 
206 352 917 981 1169 147 
207 371 986 1080 1175 148 
208 401 1057 1165 1231 180 
209 396 1069 1202 1217 152 
210 426 1189 1267 1280 188 
211 410 1268 1281 1364 196 
212 465 1312 1349 1418 187 
213 505 1447 1395 1503 234 
214 442 1459 1424 1639 205 
215 508 1550 1440 1667 230 
216 530 1600 1484 1606 235 
217 570 1741 1577 1683 268 
218 569 1756 1720 1789 286 
219 618 1832 1695 1891 275 
220 591 1918 1798 1898 279 
221 595 2041 1855 1995 289 
222 695 2040 1954 2190 313 
223 667 2195 2023 2195 355 
224 727 2262 2090 2253 384 
225 789 2311 2116 2213 376 
226 810 2492 2234 2314 389 
227 783 2579 2325 2543 447 
228 779 2706 2345 2639 380 
229 906 2809 2504 2703 457 
230 923 2928 2540 2875 459 
231 962 2938 2717 2913 490 
232 962 3199 2716 3153 498 
233 1011 3263 2858 3275 520 
234 1040 3348 2954 3344 539 
235 1037 3359 3046 3356 578 
236 1122 3455 3154 3536 568 
237 1127 3714 3242 3600 616 
238 1270 3689 3214 3685 628 
239 1141 3808 3317 3708 651 
240 1263 3988 3461 3878 653 
241 1312 4034 3591 3992 654 
242 1347 4069 3644 4110 715 
243 1344 4219 3754 4258 687 
244 1334 4174 3859 4288 697 
245 1371 4294 3878 4288 736 
246 1515 4355 3990 4238 766 
247 1479 4379 4115 4401 772 
248 1526 4593 4269 4535 803 
249 1525 4450 4287 4526 803 
250 1520 4471 4450 4667 793 
251 1621 4444 4490 4656 768 
252 1682 4554 4501 4900 835 
253 1673 4600 4704 4896 852 
254 1715 4512 4754 4732 840 
255 1693 4508 4726 4948 853 
256 1742 4576 4813 4943 778 
257 1765 4563 4807 4986 841 
258 1763 4632 4753 5012 826 
259 1693 4647 4911 4936 838 
260 1719 4528 4814 5071 847 
261 1784 4322 4891 4940 848 
262 1770 4356 4998 5080 881 
263 1745 4390 4888 5055 898 
264 1781 4355 4908 5043 864 
265 1750 4166 5185 5026 910 
266 1791 4203 5119 5161 899 
267 1731 4163 4947 5168 906 
268 1766 4128 5043 4840 898 
269 1759 4308 5018 5060 860 
270 1767 4012 5045 5082 908 
271 1691 3967 4980 4978 900 
272 1677 3862 4973 4875 906 
273 1735 3776 4953 4945 879 
274 1705 3630 4891 4829 919 
275 1690 3735 4778 4722 918 
276 1581 3727 4897 4688 924 
277 1647 3371 4805 4608 919 
278 1535 3532 4735 4586 868 
279 1512 3449 4565 4386 850 
280 1569 3273 4630 4533 928 
281 1486 3130 4501 4461 865 
282 1533 3031 4456 4382 822 
283 1515 3011 4378 4234 895 
284 1489 2912 4217 4169 829 
285 1399 2879 4178 4067 831 
286 1455 2764 4093 4023 772 
287 1359 2725 4009 3838 817 
288 1413 2545 4024 3858 728 
289 1325 2586 3929 3754 719 
290 1268 2402 3854 3560 713 
291 1201 2320 3827 3598 636 
292 1219 2306 3710 3343 657 
293 1187 2083 3466 3296 659 
294 1162 2066 3532 3291 666 
295 1121 1969 3501 3175 643 
296 1118 1921 3420 3042 573 
297 995 1781 3343 3030 610 
298 957 1680 3194 2880 561 
299 1021 1561 3114 2872 597 
300 908 1637 2937 2793 573 
301 934 1569 2896 2659 595 
302 922 1470 2733 2631 523 
303 896 1482 2711 2485 482 
304 846 1481 2591 2466 557 
305 748 1297 2675 2389 497 
306 824 1348 2523 2287 535 
307 770 1225 2435 2242 498 
308 775 1197 2359 2110 504 
309 733 1183 2389 2041 481 
310 721 1114 2219 1983 424 
311 739 1121 2237 1900 419 
312 676 1046 2041 1861 411 
313 629 923 2026 1722 399 
314 615 894 1939 1701 424 
315 601 920 1869 1661 395 
316 543 864 1809 1616 346 
317 570 797 1630 1558 412 
318 552 709 1565 1427 334 
319 496 716 1619 1337 353 
320 488 656 1487 1314 340 
321 473 659 1415 1235 328 
322 437 615 1442 1216 321 
323 450 584 1321 1118 282 
324 401 589 1310 1082 274 
325 398 549 1272 1056 249 
326 388 498 1200 1030 279 
327 402 529 1087 996 258 
328 382 494 1085 966 245 
329 354 457 1055 926 252 
330 348 453 999 855 245 
331 345 462 941 816 216 
332 301 417 900 792 191 
333 288 425 907 761 219 
334 323 383 824 735 186 
335 302 393 794 762 185 
336 286 396 769 710 178 
337 259 351 730 672 176 
338 255 359 689 622 181 
339 239 315 667 581 195 
340 234 335 657 568 188 
341 208 352 611 571 185 
342 232 288 618 559 169 
343 188 280 561 506 176 
344 196 264 560 483 137 
345 172 273 517 449 143 
346 170 211 526 448 146 
347 168 207 511 460 140 
348 146 194 494 392 133 
349 153 217 483 398 118 
350 146 191 488 373 124 
351 137 178 470 376 112 
352 130 178 402 352 126 
353 135 202 390 315 102 
354 117 178 396 299 110 
355 122 174 338 325 101 
356 108 141 358 303 77 
357 105 120 363 302 106 
358 91 141 334 265 83 
359 113 141 317 306 96 
360 86 156 333 246 91 
361 77 106 300 273 64 
362 90 125 288 235 63 
363 82 134 266 208 75 
364 80 99 246 212 71 
365 67 93 217 221 75 
366 74 122 237 179 72 
367 67 94 249 190 51 
368 57 93 215 193 48 
369 63 81 207 150 33 
370 73 85 201 150 30 
371 53 83 183 141 29 
372 62 71 185 129 41 
373 66 64 182 130 26 
374 70 82 164 112 28 
375 56 59 157 124 31 
376 64 56 154 115 25 
377 64 58 155 109 24 
378 53 53 149 97 29 
379 50 59 120 116 23 
380 37 54 137 101 30 
381 38 45 124 95 22 
382 44 51 121 83 25 
383 34 41 122 83 13 
384 40 45 111 95 27 
385 28 45 89 75 25 
386 34 42 86 63 22 
387 34 42 80 70 11 
388 26 35 94 68 22 
389 23 38 83 77 28 
390 27 36 80 85 25 
391 20 33 82 67 12 
392 24 32 64 65 12 
393 33 44 67 54 21 
394 18 43 68 46 13 
395 21 41 63 55 12 
396 16 34 62 46 13 
397 16 44 46 50 14 
398 15 33 50 49 4 
399 12 29 54 43 9 
400 17 25 43 43 7 
401 20 23 45 34 12 
402 17 19 30 43 12 
403 14 27 42 36 10 
404 14 19 29 36 19 
405 20 18 47 28 9 
406 22 18 30 39 11 
407 11 13 27 36 11 
408 10 27 22 37 9 
409 14 14 28 30 8 
410 9 14 45 29 6 
411 15 14 23 30 6 
412 11 7 21 36 8 
413 12 13 27 37 9 
414 11 6 15 23 6 
415 8 9 22 15 5 
416 13 14 21 23 9 
417 19 13 11 25 5 
418 8 11 14 18 11 
419 10 8 14 25 6 
420 11 20 13 19 1 
421 8 9 12 20 5 
422 6 19 10 20 7 
423 11 10 9 27 2 
424 14 10 14 17 3 
425 11 12 12 15 7 
426 13 8 9 15 4 
427 8 5 13 16 3 
428 12 6 5 15 7 
429 4 6 19 22 3 
430 5 7 9 16 7 
431 8 5 7 26 2 
432 4 8 9 19 2 
433 6 5 13 15 1 
434 7 2 7 12 2 
435 2 5 7 12 0 
436 3 6 12 11 0 
437 4 6 6 11 0 
438 2 2 9 10 0 
439 4 5 10 9 0 
440 1 4 6 12 0 
441 1 1 9 9 2 
442 0 1 9 6 1 
443 1 2 8 6 0 
444 2 2 8 6 0 
445 0 4 4 6 0 
446 2 5 6 6 1 
447 2 2 10 10 0 
448 4 2 7 3 1 
449 7 4 9 10 1 
450 2 3 16 6 0 
451 3 1 3 8 0 
452 1 3 4 2 0 
453 0 3 4 3 0 
454 2 2 2 3 0 
455 0 0 1 1 0 
456 0 3 1 5 0 
457 0 3 0 3 0 
458 2 4 1 1 0 
459 0 2 2 1 0 
460 0 3 1 3 0 
461 1 3 3 4 0 
462 0 6 2 1 0 
463 1 5 2 3 0 
464 1 3 0 2 0 
465 0 0 2 2 0 
466 0 3 0 2 0 
467 1 1 3 0 0 
468 0 0 0 2 0 
469 1 1 1 2 0 
470 1 3 2 3 0 
471 0 2 3 3 0 
472 1 1 0 1 0 
473 0 3 2 0 0 
474 0 0 1 1 0 
475 0 0 2 3 0 
476 0 1 1 0 1 
477 0 0 0 0 0 
478 1 1 2 0 0 
479 1 3 1 0 0 
480 0 5 0 0 0 
481 0 4 2 0 0 
482 0 2 2 0 0 
483 0 4 1 0 0 
484 1 0 3 1 0 
485 0 2 1 1 0 
486 0 2 3 0 0 
487 0 2 0 0 0 
488 0 2 0 0 0 
489 0 1 0 1 1 
490 1 1 0 0 0 
491 0 2 1 0 0 
492 0 1 0 0 0 
493 0 0 1 0 0 
494 0 2 0 0 0 
495 0 0 0 0 0 
496 0 0 0 0 0 
497 0 0 0 0 0 
498 0 0 0 0 0 
499 0 0 0 0 0 
500 0 0 0 0 0 
501 0 0 0 0 0 
502 0 0 0 0 0 
