1 0 13 0 0 0 
2 0 20 0 0 0 
3 0 20 0 0 0 
4 0 20 0 0 0 
5 0 19 0 0 0 
6 0 21 0 0 0 
7 0 25 0 0 0 
8 0 32 0 0 0 
9 0 33 0 0 0 
10 0 37 0 0 0 
11 0 34 0 0 0 
12 0 33 0 0 0 
13 0 44 1 0 0 
14 2 41 2 0 0 
15 7 41 3 2 0 
16 5 40 3 2 0 
17 8 43 4 4 0 
18 6 40 4 4 0 
19 10 42 3 6 0 
20 11 52 4 4 1 
21 4 62 3 5 1 
22 6 68 2 6 1 
23 8 76 3 8 1 
24 5 81 4 7 0 
25 5 77 4 7 0 
26 6 75 5 10 0 
27 8 73 3 8 0 
28 8 69 2 8 0 
29 11 64 5 5 1 
30 9 70 3 6 2 
31 5 73 2 6 4 
32 9 78 5 7 5 
33 8 86 9 11 4 
34 11 92 11 11 5 
35 12 98 11 7 9 
36 16 106 6 7 10 
37 10 90 6 8 8 
38 8 92 6 14 11 
39 9 105 10 15 8 
40 9 118 7 17 7 
41 11 133 9 20 5 
42 18 149 9 23 6 
43 15 158 7 24 7 
44 18 169 10 28 8 
45 18 204 11 32 6 
46 17 198 13 19 8 
47 15 202 18 18 9 
48 25 196 17 13 11 
49 25 207 20 14 9 
50 24 206 21 15 9 
51 25 206 21 14 8 
52 17 225 16 14 8 
53 21 229 11 20 7 
54 25 234 16 19 8 
55 28 232 23 18 8 
56 31 217 25 14 11 
57 29 220 23 19 11 
58 32 216 26 24 10 
59 36 222 28 32 11 
60 40 227 38 37 9 
61 44 229 48 54 8 
62 51 259 48 62 9 
63 48 295 56 69 13 
64 50 314 66 78 21 
65 48 325 87 85 27 
66 59 376 83 103 22 
67 60 379 99 110 25 
68 57 422 106 117 25 
69 65 444 115 137 31 
70 78 446 115 155 24 
71 89 493 133 150 16 
72 81 527 146 168 20 
73 73 552 144 179 20 
74 69 562 163 189 24 
75 80 615 199 214 16 
76 91 630 202 225 18 
77 111 657 205 247 16 
78 116 716 229 268 15 
79 103 749 269 295 15 
80 124 780 289 310 10 
81 156 829 288 337 8 
82 159 904 317 377 13 
83 176 978 342 396 17 
84 195 1043 381 445 14 
85 205 1080 408 457 21 
86 204 1181 429 493 23 
87 236 1246 465 525 36 
88 260 1332 464 593 40 
89 275 1484 488 615 46 
90 310 1556 534 647 50 
91 308 1704 540 677 54 
92 307 1786 571 749 49 
93 295 1824 587 785 53 
94 315 1925 641 800 62 
95 349 1986 684 844 78 
96 346 2110 724 916 97 
97 395 2264 767 972 99 
98 388 2411 742 1040 115 
99 368 2556 792 1111 115 
100 379 2687 874 1133 126 
101 420 2787 908 1182 130 
102 435 2858 985 1225 133 
103 477 2959 1047 1325 138 
104 494 3078 1137 1354 169 
105 531 3204 1192 1438 166 
106 558 3263 1283 1518 163 
107 596 3395 1362 1561 180 
108 648 3558 1443 1628 209 
109 651 3696 1514 1691 240 
110 724 3873 1633 1733 249 
111 733 4072 1684 1863 254 
112 738 4172 1747 1945 281 
113 761 4341 1869 2086 314 
114 763 4417 1943 2142 326 
115 818 4613 2016 2246 315 
116 846 4695 2163 2324 313 
117 884 4821 2294 2391 322 
118 935 4999 2331 2516 338 
119 994 5050 2409 2619 368 
120 991 5279 2526 2733 419 
121 1051 5486 2696 2831 444 
122 1087 5667 2838 2961 468 
123 1117 5829 2994 3133 529 
124 1159 6096 3134 3221 563 
125 1249 6345 3302 3478 572 
126 1285 6530 3489 3613 585 
127 1369 6750 3592 3809 633 
128 1474 6965 3783 4085 663 
129 1520 7353 3930 4207 666 
130 1545 7414 4230 4340 688 
131 1602 7627 4472 4571 765 
132 1653 7800 4643 4825 811 
133 1761 8001 4765 5009 831 
134 1728 8232 4972 5305 877 
135 1826 8397 5209 5561 932 
136 1889 8512 5406 5860 983 
137 2045 8771 5664 6065 949 
138 2063 9005 6001 6272 955 
139 2191 9193 6234 6597 984 
140 2313 9304 6500 6831 1032 
141 2407 9393 6806 7185 1103 
142 2498 9691 7105 7552 1114 
143 2615 9912 7462 7840 1169 
144 2669 10135 7744 8080 1205 
145 2767 10251 8056 8424 1261 
146 2859 10358 8388 8709 1372 
147 2918 10583 8662 9009 1469 
148 2974 10729 9021 9514 1529 
149 3122 10904 9263 9718 1641 
150 3221 11030 9487 9991 1741 
151 3387 11156 9818 10176 1849 
152 3493 11186 10039 10410 1899 
153 3586 11259 10311 10896 1877 
154 3647 11322 10581 11183 1954 
155 3723 11454 10880 11469 2007 
156 3753 11611 11087 11742 2080 
157 3764 11696 11365 12026 2186 
158 3845 11750 11573 12201 2250 
159 4008 11573 11793 12511 2237 
160 3991 11618 12048 12878 2298 
161 4082 11573 12425 12890 2343 
162 4081 11596 12584 13125 2441 
163 4172 11607 12786 13407 2498 
164 4167 11614 13096 13676 2516 
165 4177 11655 13315 13803 2515 
166 4373 11643 13428 13815 2581 
167 4373 11710 13724 14018 2629 
168 4424 11623 13915 14290 2598 
169 4458 11543 13982 14429 2631 
170 4523 11238 14132 14686 2670 
171 4663 11178 14361 14744 2735 
172 4707 11148 14296 14753 2804 
173 4819 10973 14413 14763 2782 
174 4977 10855 14491 14843 2816 
175 4943 10780 14662 14911 2819 
176 4965 10568 14836 15042 2893 
177 4980 10272 14809 15134 2953 
178 4961 10053 14872 14983 2977 
179 4958 9924 15131 15052 2943 
180 5028 9668 15218 15063 2995 
181 5010 9532 15221 15006 3000 
182 5038 9421 15314 14976 3029 
183 4966 9221 15237 14986 3034 
184 4941 9211 15201 15022 2976 
185 4842 9039 15167 14985 2981 
186 4849 8774 15106 14864 2953 
187 4805 8554 15024 14865 2953 
188 4735 8332 14981 14764 2903 
189 4748 8108 14961 14744 2836 
190 4680 7918 14744 14378 2806 
191 4560 7670 14618 14067 2722 
192 4593 7558 14435 13962 2685 
193 4426 7294 14444 13870 2624 
194 4393 7027 14376 13668 2562 
195 4234 6957 14237 13516 2551 
196 4332 6823 14071 13355 2480 
197 4226 6793 13913 13106 2441 
198 4131 6697 13760 12858 2454 
199 4008 6488 13465 12537 2450 
200 3960 6204 13214 12493 2423 
201 3890 6036 12968 12169 2436 
202 3799 5812 12601 12032 2398 
203 3621 5629 12274 11753 2356 
204 3496 5413 12054 11440 2371 
205 3434 5317 11999 11135 2301 
206 3321 5125 11820 10891 2253 
207 3323 4994 11519 10762 2193 
208 3274 4925 11313 10505 2165 
209 3203 4767 10996 10288 2085 
210 3097 4678 10736 10111 2016 
211 3091 4555 10487 9755 1991 
212 2963 4421 10217 9344 1947 
213 2948 4240 9807 9063 1866 
214 2924 4021 9464 8787 1834 
215 2823 3785 9145 8547 1802 
216 2655 3683 8755 8354 1773 
217 2584 3585 8638 8133 1736 
218 2541 3417 8388 7885 1645 
219 2465 3304 8116 7521 1554 
220 2467 3173 7896 7226 1502 
221 2439 3090 7627 6957 1452 
222 2330 2962 7407 6773 1367 
223 2205 2789 7246 6558 1320 
224 2040 2692 7068 6359 1299 
225 1961 2611 6792 6105 1293 
226 1840 2417 6539 5899 1285 
227 1802 2343 6368 5747 1222 
228 1797 2203 6133 5440 1160 
229 1737 2108 5903 5244 1105 
230 1745 2061 5645 5067 1090 
231 1683 1997 5483 4859 1013 
232 1665 1916 5364 4607 963 
233 1619 1832 5186 4457 948 
234 1557 1796 5011 4320 867 
235 1522 1744 4794 4209 814 
236 1468 1687 4574 4057 803 
237 1390 1601 4420 3848 757 
238 1324 1544 4280 3638 752 
239 1278 1502 4206 3515 720 
240 1233 1411 4085 3417 720 
241 1172 1386 3845 3360 673 
242 1117 1396 3660 3224 664 
243 1077 1346 3551 3152 627 
244 1024 1317 3440 3020 551 
245 977 1288 3262 2879 511 
246 950 1236 3128 2690 502 
247 931 1190 2981 2562 476 
248 894 1116 2849 2500 478 
249 881 1092 2768 2401 456 
250 805 1107 2627 2360 435 
251 806 1063 2517 2274 411 
252 766 980 2378 2174 390 
253 725 952 2295 2104 351 
254 701 932 2245 1990 329 
255 666 883 2156 1938 321 
256 600 856 2057 1818 301 
257 576 837 1971 1721 302 
258 569 835 1923 1625 308 
259 547 765 1871 1506 282 
260 526 723 1779 1476 251 
261 510 713 1722 1399 264 
262 508 702 1721 1338 270 
263 489 675 1656 1330 277 
264 451 653 1611 1257 275 
265 427 613 1544 1206 259 
266 396 557 1456 1207 252 
267 366 544 1357 1165 241 
268 360 521 1293 1126 235 
269 358 514 1226 1068 220 
270 330 496 1197 1019 204 
271 320 456 1112 956 201 
272 309 427 1017 914 208 
273 292 414 994 900 199 
274 305 405 966 869 188 
275 286 378 946 860 183 
276 270 361 892 808 153 
277 252 341 871 753 155 
278 225 321 799 687 154 
279 193 292 743 662 142 
280 185 280 739 595 134 
281 195 277 701 557 119 
282 197 261 681 527 105 
283 190 265 634 477 103 
284 181 255 598 467 96 
285 174 248 556 437 96 
286 172 259 579 449 92 
287 157 269 561 433 98 
288 159 259 556 418 97 
289 155 264 540 396 104 
290 154 268 514 390 90 
291 145 241 496 362 90 
292 130 225 485 345 89 
293 125 225 447 342 74 
294 126 197 418 334 75 
295 125 182 427 321 70 
296 125 166 398 306 78 
297 127 157 352 284 73 
298 113 144 354 279 64 
299 118 143 376 274 55 
300 109 131 372 240 50 
301 105 118 369 230 43 
302 99 110 350 207 36 
303 94 97 347 221 36 
304 81 82 334 210 36 
305 73 71 325 200 33 
306 73 59 300 182 29 
307 72 53 272 166 31 
308 67 42 256 160 27 
309 64 42 237 157 24 
310 60 41 208 147 21 
311 62 42 198 139 24 
312 53 51 204 136 27 
313 55 56 193 113 26 
314 57 42 182 105 24 
315 53 35 189 108 19 
316 54 31 174 101 16 
317 47 25 179 96 17 
318 39 26 157 90 23 
319 47 23 138 77 28 
320 48 27 135 81 20 
321 52 21 129 94 18 
322 48 18 130 92 17 
323 40 18 126 79 11 
324 33 14 126 86 8 
325 26 12 115 84 7 
326 22 13 109 77 9 
327 23 6 115 72 7 
328 22 6 102 73 7 
329 26 3 98 76 9 
330 27 5 99 82 5 
331 22 6 104 84 5 
332 24 5 100 91 4 
333 25 3 87 78 5 
334 27 5 90 83 5 
335 26 4 99 77 3 
336 29 8 96 73 3 
337 23 6 99 75 2 
338 19 5 80 81 2 
339 10 1 79 67 2 
340 10 1 72 56 4 
341 7 2 54 56 2 
342 11 2 54 52 1 
343 8 3 46 55 1 
344 8 3 52 49 1 
345 12 4 46 48 1 
346 7 8 48 39 1 
347 7 7 49 34 0 
348 7 6 44 25 0 
349 8 3 41 28 0 
350 8 3 38 27 0 
351 6 4 36 18 0 
352 9 3 28 19 0 
353 6 1 28 25 0 
354 4 1 30 22 0 
355 4 1 25 27 0 
356 2 2 22 22 0 
357 3 3 23 14 0 
358 3 5 22 10 0 
359 3 6 19 13 0 
360 3 8 20 11 0 
361 3 10 22 9 0 
362 2 10 15 8 0 
363 0 12 13 5 0 
364 0 13 10 5 0 
365 0 16 12 3 0 
366 0 15 11 3 0 
367 0 13 9 3 0 
368 0 9 9 2 0 
369 0 12 9 3 0 
370 0 11 11 2 0 
371 1 9 11 2 0 
372 1 8 8 2 0 
373 0 6 8 1 0 
374 0 6 8 1 0 
375 0 3 8 3 0 
376 0 4 7 2 0 
377 0 4 3 1 0 
378 0 4 5 3 0 
379 0 5 6 2 0 
380 0 4 9 2 0 
381 0 6 10 2 0 
382 0 3 6 2 0 
383 0 4 7 2 0 
384 0 3 6 2 0 
385 0 1 7 2 0 
386 0 2 6 2 0 
387 0 2 7 2 0 
388 1 3 7 2 0 
389 1 3 12 2 0 
390 1 2 10 5 0 
391 3 1 11 3 0 
392 3 0 7 4 0 
393 2 0 5 6 0 
394 3 0 5 6 0 
395 2 0 5 8 0 
396 2 0 4 7 0 
397 5 0 4 8 0 
398 4 0 4 3 0 
399 4 0 5 2 0 
400 5 0 5 0 0 
401 5 0 6 2 0 
402 3 0 5 1 0 
403 2 0 6 1 0 
404 1 0 6 0 0 
405 1 0 5 0 0 
406 0 0 7 0 0 
407 0 0 6 0 0 
408 0 0 4 0 0 
409 0 0 4 0 0 
410 0 0 5 0 0 
411 0 0 7 0 0 
412 1 0 5 0 0 
413 2 0 8 0 0 
414 1 0 8 0 0 
415 1 0 9 0 0 
416 1 0 8 0 0 
417 1 0 8 0 0 
418 1 0 12 0 0 
419 1 0 10 0 0 
420 2 0 12 0 0 
421 1 0 10 0 0 
422 2 0 8 0 0 
423 2 0 8 0 0 
424 5 0 9 0 0 
425 5 0 12 1 0 
426 5 0 11 2 0 
427 5 0 13 1 0 
428 2 0 14 1 0 
429 2 0 9 2 0 
430 0 0 8 1 0 
431 0 0 8 2 0 
432 0 0 10 2 0 
433 0 0 10 3 0 
434 0 0 12 3 0 
435 0 0 6 2 0 
436 0 0 4 1 0 
437 0 0 4 0 0 
438 0 0 3 0 0 
439 0 0 2 0 0 
440 0 0 2 0 0 
441 0 0 2 0 0 
442 0 0 1 0 0 
443 0 0 0 0 0 
