1 0 9 0 0 0 
2 0 10 0 0 0 
3 0 13 0 0 0 
4 0 12 0 0 0 
5 0 9 0 0 0 
6 0 9 0 0 0 
7 0 17 0 0 0 
8 0 20 0 0 0 
9 0 16 0 0 0 
10 1 20 0 0 0 
11 2 19 0 0 0 
12 3 15 0 0 0 
13 3 18 0 0 0 
14 4 18 1 0 1 
15 3 16 1 1 1 
16 6 14 1 1 0 
17 6 19 1 0 0 
18 4 13 1 0 0 
19 5 18 2 0 0 
20 7 18 2 1 0 
21 6 17 2 1 0 
22 5 17 2 0 0 
23 5 20 1 2 0 
24 4 16 4 2 0 
25 4 15 3 2 0 
26 1 12 5 2 0 
27 1 11 12 2 0 
28 1 16 16 1 0 
29 1 16 13 0 0 
30 1 9 12 0 0 
31 0 8 11 0 0 
32 0 11 12 0 0 
33 1 10 18 1 0 
34 1 7 19 3 0 
35 1 8 20 2 0 
36 1 9 22 3 0 
37 1 12 19 2 1 
38 1 9 17 4 1 
39 1 8 23 7 1 
40 2 7 20 5 1 
41 2 5 25 8 1 
42 3 4 26 6 0 
43 3 5 31 5 0 
44 4 5 28 5 0 
45 5 6 28 5 0 
46 4 12 26 3 0 
47 4 13 30 5 0 
48 4 8 28 6 1 
49 5 6 29 7 0 
50 3 5 27 7 0 
51 3 6 26 7 0 
52 3 9 26 11 0 
53 3 16 18 16 0 
54 1 20 19 13 0 
55 3 26 20 20 1 
56 6 32 21 18 3 
57 8 34 21 22 1 
58 6 33 25 24 1 
59 5 38 26 22 2 
60 4 31 18 21 3 
61 4 35 12 16 4 
62 4 27 12 15 3 
63 5 29 13 19 3 
64 7 35 11 16 3 
65 7 34 13 9 2 
66 5 43 16 12 3 
67 8 56 12 14 4 
68 10 64 7 18 7 
69 13 63 7 13 5 
70 10 72 7 20 6 
71 9 64 9 18 4 
72 9 58 12 16 6 
73 5 75 9 22 7 
74 6 88 12 27 6 
75 10 100 17 34 6 
76 17 108 20 43 7 
77 17 128 19 45 9 
78 22 131 20 48 7 
79 18 133 24 59 7 
80 19 142 33 54 6 
81 15 154 31 51 7 
82 20 154 31 54 6 
83 22 152 39 51 6 
84 20 158 52 53 7 
85 26 160 57 53 9 
86 31 176 52 55 12 
87 34 182 58 68 11 
88 36 171 65 82 12 
89 39 180 73 90 15 
90 39 196 74 77 20 
91 40 188 82 82 18 
92 43 198 88 99 19 
93 45 198 76 99 22 
94 40 210 81 119 25 
95 41 226 91 123 32 
96 39 224 93 116 27 
97 38 217 105 127 27 
98 40 222 125 141 27 
99 48 236 139 152 27 
100 57 232 135 151 25 
101 59 240 136 161 21 
102 48 272 151 168 20 
103 47 309 148 192 21 
104 48 323 144 194 24 
105 59 357 149 187 23 
106 69 363 156 209 27 
107 74 385 162 209 24 
108 84 399 158 216 25 
109 88 393 169 247 29 
110 85 415 196 260 22 
111 103 417 201 263 31 
112 94 480 221 275 31 
113 105 477 215 316 27 
114 116 533 203 324 32 
115 126 553 224 334 36 
116 143 587 236 362 36 
117 155 617 249 383 47 
118 174 659 257 399 50 
119 177 701 271 428 45 
120 183 713 291 458 39 
121 191 754 294 471 46 
122 204 781 330 512 59 
123 230 849 359 537 53 
124 245 880 384 571 76 
125 232 962 405 574 91 
126 224 1014 441 577 91 
127 218 1043 454 596 96 
128 214 1111 478 630 97 
129 223 1161 536 664 108 
130 225 1231 573 674 119 
131 250 1317 602 726 123 
132 266 1405 623 778 128 
133 271 1466 650 806 150 
134 304 1527 694 893 154 
135 332 1628 710 982 169 
136 345 1716 742 1066 178 
137 349 1775 748 1154 180 
138 356 1863 805 1207 186 
139 358 1985 887 1260 204 
140 391 2047 984 1333 203 
141 412 2161 1037 1381 220 
142 420 2349 1059 1452 229 
143 447 2523 1156 1481 245 
144 492 2644 1210 1551 243 
145 533 2789 1258 1645 259 
146 557 2967 1353 1761 256 
147 588 3190 1422 1853 267 
148 606 3298 1527 1960 264 
149 614 3463 1652 2064 292 
150 643 3555 1784 2182 316 
151 706 3784 1844 2311 302 
152 787 3891 1958 2395 315 
153 795 4035 2021 2518 339 
154 837 4308 2096 2580 351 
155 904 4412 2194 2690 372 
156 952 4635 2273 2843 389 
157 960 4771 2419 2969 404 
158 1025 5022 2478 3081 408 
159 1075 5255 2667 3146 462 
160 1132 5488 2890 3267 489 
161 1176 5716 3018 3492 520 
162 1155 5951 3095 3706 489 
163 1202 6203 3279 3897 539 
164 1236 6442 3371 4109 543 
165 1340 6720 3532 4261 549 
166 1460 6914 3639 4485 591 
167 1484 7163 3776 4634 583 
168 1490 7336 3971 4728 609 
169 1594 7467 4096 4944 629 
170 1694 7638 4331 5072 622 
171 1742 7909 4487 5360 650 
172 1787 8152 4675 5579 667 
173 1904 8423 4842 5879 692 
174 1970 8668 5163 6166 728 
175 2015 8830 5404 6356 744 
176 2127 8992 5699 6566 772 
177 2158 9199 5868 6852 811 
178 2218 9419 6068 7140 841 
179 2398 9649 6300 7434 916 
180 2443 9837 6532 7664 971 
181 2497 10050 6843 7895 1000 
182 2579 10203 6999 8255 1030 
183 2622 10434 7159 8639 1089 
184 2766 10709 7490 9003 1170 
185 2795 11018 7921 9299 1202 
186 2954 11149 8190 9586 1282 
187 2995 11318 8486 9827 1350 
188 3000 11612 8970 10021 1396 
189 3152 11867 9206 10297 1436 
190 3276 12013 9417 10643 1475 
191 3375 11960 9730 10986 1537 
192 3483 12020 10039 11336 1585 
193 3557 12127 10448 11709 1654 
194 3605 12246 10742 11986 1765 
195 3712 12299 10967 12252 1798 
196 3828 12444 11313 12455 1878 
197 3875 12546 11626 12746 1908 
198 3962 12627 11834 12987 1939 
199 4056 12573 11936 13372 2066 
200 4238 12649 12070 13621 2138 
201 4245 12702 12419 13973 2128 
202 4356 12610 12593 14327 2200 
203 4464 12574 12937 14567 2247 
204 4494 12476 13203 14895 2299 
205 4480 12476 13409 15070 2392 
206 4468 12465 13467 15187 2507 
207 4511 12253 13670 15355 2558 
208 4571 12192 13900 15402 2588 
209 4623 12199 14102 15495 2639 
210 4723 12162 14308 15545 2700 
211 4758 12076 14433 15560 2727 
212 4848 11876 14607 15532 2780 
213 4914 11784 14712 15631 2852 
214 4873 11423 14931 15555 2939 
215 4889 11212 15035 15692 2920 
216 4971 11011 15240 15555 2954 
217 4958 10818 15234 15593 2966 
218 4970 10715 15244 15497 3029 
219 4916 10416 15218 15397 3041 
220 4831 10112 15192 15319 3027 
221 4681 9944 15185 15264 2997 
222 4631 9878 15064 15161 2995 
223 4602 9803 15042 15005 3086 
224 4467 9524 14930 14970 3057 
225 4580 9283 14780 14858 3083 
226 4612 9040 14535 14806 3062 
227 4578 8721 14594 14716 3008 
228 4524 8486 14452 14608 2972 
229 4569 8297 14334 14337 3044 
230 4534 8100 14233 14294 2963 
231 4555 8017 14243 13878 2948 
232 4483 7726 14080 13680 2898 
233 4459 7438 13770 13525 2869 
234 4394 7303 13503 13304 2895 
235 4214 7101 13396 13145 2802 
236 4059 7015 13138 12820 2742 
237 4030 6806 13040 12581 2768 
238 4039 6579 13000 12277 2762 
239 3936 6386 12872 12001 2667 
240 3875 6157 12630 11830 2630 
241 3802 5869 12443 11667 2545 
242 3648 5753 12175 11308 2482 
243 3538 5598 11955 11002 2453 
244 3408 5398 11645 10634 2420 
245 3359 5199 11416 10445 2351 
246 3301 5104 11063 10323 2344 
247 3175 5041 10734 9950 2307 
248 3112 4850 10526 9698 2258 
249 3061 4663 10272 9473 2159 
250 3044 4479 9993 9113 2102 
251 2918 4248 9739 8665 2064 
252 2941 4136 9547 8363 1977 
253 2898 3953 9252 8234 1903 
254 2818 3854 9062 7922 1859 
255 2649 3823 8840 7752 1769 
256 2642 3687 8772 7523 1689 
257 2579 3494 8565 7289 1625 
258 2483 3302 8378 6989 1562 
259 2429 3249 8017 6712 1506 
260 2365 3099 7895 6419 1470 
261 2274 2974 7614 6185 1394 
262 2279 2799 7329 5923 1325 
263 2198 2670 7112 5680 1329 
264 2075 2564 6861 5561 1335 
265 1975 2489 6567 5364 1266 
266 1881 2339 6326 5223 1249 
267 1783 2287 6237 4990 1203 
268 1718 2215 5988 4769 1161 
269 1653 2153 5718 4582 1100 
270 1587 2059 5496 4348 1082 
271 1537 1973 5240 4204 1054 
272 1509 1835 5016 4025 1082 
273 1484 1731 4752 3948 1041 
274 1423 1685 4570 3791 1032 
275 1359 1609 4356 3617 1004 
276 1250 1577 4264 3437 974 
277 1183 1477 4068 3297 935 
278 1094 1399 3865 3175 912 
279 1026 1358 3724 3009 847 
280 1005 1325 3601 2878 840 
281 960 1296 3460 2821 806 
282 945 1252 3375 2719 795 
283 899 1243 3312 2619 750 
284 871 1177 3208 2501 713 
285 792 1123 3104 2389 697 
286 786 1094 2999 2365 658 
287 745 1060 2944 2232 580 
288 735 1009 2825 2160 565 
289 756 1009 2822 2066 546 
290 751 965 2655 1985 519 
291 702 931 2544 1899 519 
292 670 924 2432 1845 501 
293 625 836 2357 1858 488 
294 587 784 2205 1790 454 
295 597 752 2117 1715 434 
296 567 722 2040 1649 400 
297 555 676 1942 1546 366 
298 532 646 1898 1528 348 
299 523 647 1860 1458 328 
300 520 623 1735 1413 312 
301 498 582 1674 1339 329 
302 446 555 1581 1278 309 
303 448 532 1519 1240 324 
304 441 473 1461 1153 313 
305 433 491 1440 1109 286 
306 407 470 1356 1034 268 
307 389 455 1321 1001 262 
308 357 454 1225 966 251 
309 340 451 1156 957 249 
310 338 410 1114 911 232 
311 356 383 1081 915 208 
312 332 364 1037 901 191 
313 306 364 999 873 199 
314 286 367 1007 809 204 
315 288 330 991 751 192 
316 279 285 931 679 180 
317 269 257 905 656 169 
318 260 262 849 655 167 
319 254 258 802 630 155 
320 232 260 754 631 145 
321 214 259 733 609 126 
322 207 242 729 570 119 
323 201 228 672 565 113 
324 191 210 628 569 115 
325 177 209 617 510 117 
326 176 191 564 485 119 
327 173 180 554 456 111 
328 168 184 518 409 105 
329 173 179 483 375 89 
330 166 178 419 378 78 
331 164 167 413 360 69 
332 155 153 415 327 70 
333 134 142 390 304 76 
334 131 120 355 316 60 
335 110 113 323 300 53 
336 110 97 304 281 54 
337 105 102 286 298 58 
338 103 92 268 252 68 
339 101 83 245 244 63 
340 104 69 228 240 65 
341 103 69 229 230 55 
342 93 73 221 227 55 
343 94 64 226 211 53 
344 80 75 235 181 53 
345 83 73 209 176 50 
346 78 75 192 175 47 
347 77 80 207 174 51 
348 79 67 195 152 46 
349 70 58 184 142 44 
350 66 63 184 141 46 
351 54 46 195 120 36 
352 45 37 182 118 35 
353 47 44 156 102 36 
354 48 41 160 95 41 
355 41 35 154 89 36 
356 43 34 138 81 34 
357 33 34 130 72 34 
358 39 33 130 63 38 
359 42 37 125 56 29 
360 44 32 114 64 25 
361 40 36 99 65 26 
362 27 31 98 65 21 
363 25 30 85 71 20 
364 21 25 81 68 12 
365 17 20 75 55 14 
366 15 18 68 57 16 
367 13 19 60 56 15 
368 16 17 61 52 16 
369 14 14 62 50 12 
370 14 12 58 47 7 
371 19 12 60 39 8 
372 19 7 57 44 6 
373 20 6 51 40 6 
374 16 5 43 33 4 
375 11 7 45 41 6 
376 12 5 40 40 2 
377 11 10 34 46 5 
378 9 9 33 38 4 
379 8 6 29 44 7 
380 7 7 27 47 7 
381 7 8 22 42 6 
382 8 13 22 48 4 
383 11 12 20 42 3 
384 9 9 23 38 4 
385 11 10 20 28 4 
386 12 5 22 31 0 
387 11 8 26 28 0 
388 9 8 36 25 0 
389 12 7 36 25 0 
390 17 6 26 26 0 
391 15 8 21 25 1 
392 11 7 23 21 1 
393 13 5 24 21 0 
394 13 3 18 20 0 
395 10 5 23 21 0 
396 12 3 20 23 0 
397 10 4 19 30 0 
398 8 6 22 29 0 
399 6 4 19 23 0 
400 4 2 18 26 0 
401 2 2 16 24 0 
402 2 3 20 26 0 
403 2 4 20 24 0 
404 2 2 19 21 0 
405 2 4 17 20 0 
406 2 6 15 22 0 
407 7 9 20 20 0 
408 5 6 22 21 0 
409 6 4 21 19 0 
410 8 5 22 16 0 
411 8 6 20 22 0 
412 10 4 24 21 0 
413 4 4 27 24 0 
414 6 4 27 20 0 
415 7 5 23 17 0 
416 8 3 26 19 0 
417 10 2 29 26 0 
418 11 3 21 28 0 
419 6 4 23 26 0 
420 6 2 18 21 0 
421 7 2 18 14 0 
422 7 2 16 12 0 
423 5 1 15 13 0 
424 4 0 14 9 0 
425 5 0 7 9 0 
426 8 0 6 8 0 
427 6 0 6 7 0 
428 7 0 8 11 0 
429 5 1 7 11 0 
430 6 1 7 10 0 
431 5 1 5 7 0 
432 2 1 5 7 0 
433 1 0 6 7 0 
434 1 0 4 6 0 
435 1 0 7 6 0 
436 0 0 6 4 0 
437 0 0 5 5 0 
438 1 0 5 5 0 
439 3 0 5 4 0 
440 3 0 9 5 0 
441 3 0 9 3 0 
442 4 0 8 4 0 
443 2 0 9 4 0 
444 6 0 7 5 0 
445 7 2 8 5 0 
446 8 2 7 6 0 
447 5 2 11 7 0 
448 4 3 9 5 0 
449 4 3 7 5 0 
450 5 4 8 3 0 
451 5 3 6 5 0 
452 7 3 4 5 0 
453 5 3 4 6 0 
454 5 3 6 9 0 
455 4 2 10 6 0 
456 6 3 11 6 0 
457 6 2 9 6 0 
458 6 2 10 7 0 
459 3 2 6 11 0 
460 3 1 7 10 0 
461 7 1 7 11 0 
462 5 2 4 9 0 
463 3 2 4 8 0 
464 3 1 5 12 0 
465 3 1 5 12 0 
466 4 1 5 9 1 
467 4 2 2 7 0 
468 3 4 0 6 0 
469 2 3 2 4 0 
470 2 2 0 3 0 
471 3 4 0 0 0 
472 2 5 1 0 0 
473 1 4 0 0 0 
474 3 4 0 0 0 
475 4 4 0 0 0 
476 2 5 0 1 0 
477 2 6 0 0 0 
478 2 5 0 0 0 
479 1 5 0 0 0 
480 0 4 0 0 0 
481 0 3 0 0 0 
482 1 2 0 0 0 
483 1 2 0 0 0 
484 1 2 0 0 0 
485 1 2 0 0 0 
486 1 4 0 0 0 
487 1 1 0 0 0 
488 1 1 0 0 0 
489 2 2 0 0 0 
490 0 2 0 0 0 
491 0 2 0 0 0 
492 2 2 0 0 0 
493 1 1 0 0 0 
494 1 3 0 0 0 
495 0 3 0 0 0 
496 0 4 0 0 0 
497 0 3 0 0 0 
498 0 4 0 0 0 
499 0 3 0 0 0 
500 0 4 0 0 0 
501 1 2 0 1 0 
502 0 3 0 0 0 
503 0 3 0 0 0 
504 0 4 0 0 0 
505 0 4 0 0 0 
506 0 5 0 0 0 
507 0 5 0 0 0 
508 0 6 0 0 0 
509 0 6 0 0 0 
510 0 5 0 0 0 
511 0 4 0 0 0 
512 0 2 0 0 0 
513 0 1 0 0 0 
514 0 2 0 0 0 
515 0 2 0 0 0 
516 0 4 0 0 0 
517 0 6 0 0 0 
518 0 5 0 0 0 
519 0 7 0 0 0 
520 0 5 0 0 0 
521 0 6 0 0 0 
522 2 3 0 0 0 
523 2 4 2 0 0 
524 3 2 1 0 0 
525 1 2 1 0 0 
526 1 3 1 0 0 
527 1 3 2 0 0 
528 0 3 2 1 0 
529 0 3 1 0 0 
530 0 3 0 0 0 
531 0 1 0 0 0 
532 0 1 0 0 0 
533 0 1 0 0 0 
534 0 3 0 0 0 
535 0 2 0 0 0 
536 0 1 0 0 0 
537 0 1 0 0 0 
538 0 0 0 0 0 
