1 0 6 0 0 0 
2 1 5 0 0 0 
3 0 5 0 0 0 
4 0 7 0 0 0 
5 0 9 0 0 0 
6 0 5 0 0 0 
7 0 5 0 2 0 
8 0 5 0 2 0 
9 1 6 0 0 0 
10 0 7 0 4 0 
11 0 7 0 2 0 
12 0 10 0 7 0 
13 1 13 0 5 0 
14 0 16 1 6 0 
15 2 9 0 7 0 
16 0 9 2 6 0 
17 1 17 2 9 0 
18 1 12 4 8 0 
19 1 9 3 12 0 
20 3 9 0 13 0 
21 1 8 2 11 0 
22 0 6 2 7 0 
23 1 7 2 7 0 
24 1 12 4 9 0 
25 0 7 6 10 0 
26 3 11 2 8 1 
27 1 7 3 9 0 
28 2 8 2 5 0 
29 1 11 2 7 0 
30 1 14 4 5 0 
31 2 14 4 4 0 
32 3 22 7 5 0 
33 4 15 7 8 0 
34 4 19 2 5 0 
35 3 17 5 2 1 
36 4 25 0 6 0 
37 3 17 2 5 0 
38 2 19 3 2 0 
39 3 27 2 4 0 
40 5 17 0 4 1 
41 7 19 4 7 1 
42 6 22 6 5 0 
43 4 21 4 6 0 
44 0 26 8 7 3 
45 3 29 5 10 4 
46 5 33 4 7 6 
47 3 26 4 8 1 
48 3 26 6 11 1 
49 4 29 7 6 2 
50 14 44 7 9 3 
51 1 45 13 8 2 
52 6 50 12 2 3 
53 7 58 10 5 4 
54 2 41 13 6 3 
55 5 45 15 10 2 
56 2 43 11 10 2 
57 7 32 16 6 2 
58 4 58 13 10 4 
59 5 54 13 13 1 
60 5 60 17 12 3 
61 7 49 21 17 5 
62 9 64 17 18 3 
63 9 51 18 22 2 
64 8 57 23 20 9 
65 7 61 35 22 7 
66 11 58 29 35 5 
67 17 65 45 33 4 
68 16 80 50 37 8 
69 22 78 44 42 8 
70 20 73 50 47 4 
71 22 64 50 35 6 
72 20 70 45 56 6 
73 15 77 68 67 13 
74 16 90 63 57 9 
75 25 103 49 69 9 
76 24 101 60 57 12 
77 28 105 53 57 13 
78 24 117 63 49 15 
79 28 136 64 70 15 
80 30 139 78 71 9 
81 23 165 66 75 12 
82 19 160 77 105 8 
83 18 144 86 84 9 
84 31 129 73 83 15 
85 40 153 93 104 19 
86 38 150 112 90 23 
87 28 203 102 81 15 
88 30 186 96 104 22 
89 38 208 110 95 22 
90 43 223 99 125 21 
91 57 215 118 122 18 
92 42 259 124 138 29 
93 38 255 136 128 27 
94 57 306 148 147 23 
95 62 284 156 159 28 
96 69 300 163 174 25 
97 67 314 162 157 30 
98 63 321 167 181 25 
99 78 329 164 178 28 
100 74 351 210 208 37 
101 85 400 186 209 27 
102 80 363 176 243 30 
103 86 432 213 257 34 
104 94 386 252 244 38 
105 103 394 253 246 32 
106 93 435 247 250 30 
107 104 468 253 252 29 
108 106 500 295 262 32 
109 108 527 288 277 37 
110 108 562 330 288 33 
111 111 576 353 336 51 
112 139 598 324 333 32 
113 137 602 378 356 33 
114 113 697 382 371 38 
115 150 666 403 379 36 
116 140 683 432 420 37 
117 150 687 441 458 31 
118 163 798 480 480 57 
119 165 819 545 488 39 
120 176 804 521 514 55 
121 184 840 571 497 54 
122 201 982 601 568 55 
123 211 999 634 540 58 
124 192 1108 670 552 63 
125 240 1100 698 609 91 
126 238 1091 711 697 82 
127 287 1166 736 669 77 
128 279 1229 733 730 80 
129 315 1307 810 756 109 
130 342 1410 846 783 112 
131 305 1429 928 858 124 
132 367 1499 924 860 136 
133 326 1570 971 962 137 
134 400 1590 944 1027 158 
135 410 1703 1016 1048 134 
136 424 1783 988 1159 142 
137 454 1796 1039 1192 157 
138 493 1933 1186 1220 144 
139 466 1932 1244 1282 185 
140 550 2013 1232 1404 164 
141 506 2055 1274 1454 181 
142 529 2146 1322 1504 191 
143 606 2269 1467 1613 191 
144 588 2229 1490 1642 210 
145 546 2389 1579 1647 225 
146 533 2426 1671 1702 252 
147 614 2465 1635 1780 276 
148 607 2471 1791 1808 279 
149 640 2547 1852 2014 282 
150 678 2702 1902 2014 292 
151 637 2770 1922 2036 302 
152 721 2743 2039 2099 297 
153 708 2943 2130 2217 326 
154 756 2955 2161 2338 336 
155 751 3061 2214 2408 352 
156 779 3165 2277 2381 408 
157 848 3228 2376 2481 386 
158 857 3170 2509 2545 383 
159 861 3275 2400 2750 429 
160 867 3377 2635 2730 446 
161 895 3430 2728 2908 438 
162 900 3436 2768 2958 500 
163 918 3572 2751 3047 506 
164 977 3646 2940 3048 436 
165 1031 3619 3021 3157 475 
166 1039 3721 3210 3319 528 
167 1123 3762 3264 3395 496 
168 1077 3867 3334 3532 540 
169 1102 3789 3469 3544 563 
170 1093 3882 3521 3638 623 
171 1196 3792 3570 3877 605 
172 1303 3730 3596 3920 625 
173 1311 3858 3769 3931 664 
174 1254 3913 3879 4038 690 
175 1311 3901 3948 4111 700 
176 1417 3963 4054 4163 740 
177 1421 3879 4203 4204 714 
178 1429 4035 4240 4406 799 
179 1409 3832 4242 4387 752 
180 1450 3985 4356 4541 780 
181 1445 3896 4361 4531 774 
182 1459 3965 4528 4518 816 
183 1511 3930 4470 4615 866 
184 1511 3864 4736 4902 787 
185 1540 3815 4581 4721 889 
186 1489 3838 4743 4788 879 
187 1518 3796 4698 4682 866 
188 1577 3870 4685 4941 907 
189 1555 3727 4660 4741 916 
190 1537 3610 4656 4978 916 
191 1630 3578 4859 4940 886 
192 1538 3466 4878 4844 956 
193 1642 3521 4815 4939 988 
194 1632 3490 4832 4914 966 
195 1627 3279 4930 5033 898 
196 1669 3240 5059 4868 949 
197 1630 3285 4894 5007 962 
198 1630 3174 4906 4998 967 
199 1611 3055 4961 5007 962 
200 1567 3016 4846 4866 936 
201 1645 2961 4832 4916 964 
202 1502 2918 4785 4907 955 
203 1518 2862 4833 4760 933 
204 1494 2745 4810 4669 929 
205 1480 2816 4695 4541 930 
206 1482 2594 4780 4648 909 
207 1516 2562 4580 4419 922 
208 1358 2408 4619 4326 855 
209 1377 2418 4452 4368 833 
210 1342 2348 4430 4288 861 
211 1383 2293 4427 4235 834 
212 1279 2244 4317 4141 834 
213 1317 2160 4195 4100 790 
214 1323 2186 4153 4010 817 
215 1332 2095 4157 3933 820 
216 1291 1975 4006 3959 817 
217 1251 1965 4059 3724 801 
218 1199 1970 3998 3546 713 
219 1173 1799 3930 3595 770 
220 1190 1842 3850 3520 748 
221 1161 1753 3919 3562 753 
222 1125 1656 3616 3360 711 
223 1123 1603 3552 3403 690 
224 1058 1587 3527 3216 687 
225 1043 1552 3389 3103 677 
226 1023 1544 3364 3098 672 
227 964 1490 3155 3049 595 
228 983 1441 3119 2961 671 
229 986 1429 2977 2821 564 
230 931 1398 3085 2759 583 
231 872 1328 2826 2643 550 
232 875 1261 2841 2544 546 
233 889 1283 2864 2516 584 
234 833 1141 2856 2451 551 
235 774 1140 2604 2450 563 
236 849 1070 2586 2333 527 
237 742 972 2605 2285 542 
238 772 1000 2474 2136 458 
239 726 950 2408 2108 483 
240 719 899 2295 2047 466 
241 679 840 2275 2070 412 
242 682 881 2200 1838 431 
243 645 816 1971 1813 416 
244 606 818 2042 1595 365 
245 590 763 1928 1630 365 
246 566 758 1872 1576 364 
247 541 678 1788 1555 338 
248 555 656 1830 1557 340 
249 523 650 1662 1476 321 
250 503 648 1694 1419 280 
251 519 560 1569 1391 279 
252 486 558 1486 1272 285 
253 429 532 1334 1261 284 
254 429 518 1257 1247 256 
255 447 511 1241 1190 261 
256 438 530 1177 1086 261 
257 383 457 1175 1023 237 
258 363 440 1090 1085 243 
259 365 406 1099 1034 244 
260 336 403 1038 1035 225 
261 351 377 988 990 199 
262 366 377 942 925 202 
263 322 385 947 852 219 
264 318 395 938 811 167 
265 283 340 890 826 168 
266 287 349 850 763 167 
267 305 355 831 752 147 
268 253 334 813 699 152 
269 267 319 686 627 163 
270 255 330 711 679 142 
271 227 315 678 608 134 
272 197 266 649 537 134 
273 209 307 568 550 139 
274 183 275 609 537 100 
275 170 261 572 506 97 
276 181 245 538 499 109 
277 174 241 529 448 92 
278 179 229 511 429 112 
279 168 247 484 459 86 
280 148 218 527 389 83 
281 144 196 482 420 79 
282 145 206 438 371 87 
283 158 171 389 369 89 
284 126 157 403 359 76 
285 142 165 409 320 76 
286 129 139 374 296 94 
287 112 143 335 292 80 
288 132 148 329 269 76 
289 109 150 347 243 73 
290 92 131 325 259 73 
291 100 145 292 236 54 
292 99 126 283 237 73 
293 84 111 270 219 76 
294 94 92 255 227 74 
295 77 116 239 232 63 
296 95 118 225 203 68 
297 92 105 216 160 63 
298 72 107 212 171 58 
299 77 92 215 158 49 
300 62 90 199 172 60 
301 68 94 160 154 51 
302 70 80 151 176 40 
303 80 83 195 158 48 
304 57 69 152 133 52 
305 60 74 189 149 46 
306 62 73 141 110 43 
307 55 74 142 114 35 
308 52 57 125 104 43 
309 53 72 108 99 50 
310 45 60 128 88 42 
311 47 60 95 110 42 
312 49 56 115 79 30 
313 32 59 103 81 29 
314 41 43 108 84 39 
315 36 41 106 67 38 
316 35 49 93 84 37 
317 38 27 98 64 27 
318 26 37 103 73 33 
319 31 36 114 50 25 
320 32 38 87 50 25 
321 14 33 60 50 26 
322 19 29 70 37 27 
323 23 20 60 51 21 
324 21 19 59 42 17 
325 20 17 42 30 11 
326 20 18 47 42 11 
327 15 18 47 37 6 
328 19 13 41 33 5 
329 12 13 43 24 9 
330 13 11 48 31 7 
331 12 14 39 26 10 
332 11 13 34 27 3 
333 5 10 34 33 1 
334 11 12 24 24 3 
335 4 15 34 36 1 
336 8 12 35 29 2 
337 5 12 32 30 6 
338 3 11 23 19 2 
339 9 14 20 24 3 
340 10 13 13 22 1 
341 4 13 16 17 1 
342 7 11 14 17 2 
343 6 10 21 17 7 
344 7 7 21 11 6 
345 5 10 9 14 4 
346 6 7 18 14 1 
347 5 5 14 16 1 
348 7 13 4 15 3 
349 3 7 13 16 2 
350 2 6 8 14 0 
351 7 3 12 17 5 
352 7 1 16 17 1 
353 3 1 5 5 3 
354 2 0 10 13 3 
355 1 1 7 13 3 
356 1 3 6 8 1 
357 1 4 7 11 0 
358 4 2 7 13 1 
359 2 2 9 9 0 
360 3 1 3 10 0 
361 5 0 9 13 1 
362 2 4 4 10 3 
363 2 3 5 6 1 
364 3 2 6 8 3 
365 1 1 6 11 0 
366 0 1 4 4 0 
367 1 1 3 7 0 
368 4 3 1 4 0 
369 3 1 5 2 0 
370 2 3 1 0 0 
371 1 1 5 5 1 
372 1 1 3 1 0 
373 0 3 2 6 0 
374 0 1 1 1 0 
375 0 0 5 3 0 
376 0 2 2 3 0 
377 0 0 3 5 0 
378 0 0 1 3 0 
379 0 0 2 0 0 
380 0 0 2 4 0 
381 0 0 2 4 0 
382 0 0 1 1 1 
383 0 0 3 1 0 
384 0 0 3 2 0 
385 0 0 1 5 0 
386 0 0 3 1 0 
387 0 0 4 2 0 
388 0 0 1 4 0 
389 0 0 0 1 0 
390 0 0 2 1 0 
391 0 0 2 1 0 
392 1 0 1 2 0 
393 1 0 0 0 0 
394 1 1 0 0 0 
395 0 1 2 1 0 
396 0 0 2 2 0 
397 0 0 2 0 0 
398 0 0 0 1 0 
399 0 0 0 0 0 
400 0 0 0 0 0 
401 0 0 0 0 0 
402 0 0 1 0 0 
403 0 0 1 0 0 
404 0 0 1 0 0 
405 0 0 0 0 0 
406 0 0 1 0 0 
407 0 0 0 0 0 
408 0 0 1 0 0 
409 0 0 0 0 0 
410 0 0 0 0 0 
411 0 0 0 0 0 
412 0 0 0 0 0 
413 0 0 0 0 0 
414 0 0 0 0 0 
415 0 0 0 0 0 
416 0 0 2 0 0 
417 0 0 3 0 0 
418 0 0 3 0 0 
419 0 0 3 0 0 
420 0 0 0 0 0 
421 0 0 4 0 0 
422 0 0 2 0 0 
423 0 0 0 0 0 
424 0 0 3 0 0 
425 1 0 5 0 0 
426 0 0 4 0 0 
427 0 0 0 0 0 
428 0 0 1 0 0 
429 0 0 1 0 0 
430 0 0 0 0 0 
431 0 0 2 0 0 
432 0 0 0 0 0 
433 0 0 1 0 0 
434 0 0 0 0 0 
435 0 0 0 0 0 
436 0 0 0 0 0 
437 0 0 0 0 0 
438 0 0 0 0 0 
