1 0 6 0 0 0 
2 0 4 0 0 0 
3 0 5 0 0 0 
4 0 6 0 0 0 
5 0 7 0 0 0 
6 2 5 0 0 0 
7 0 6 0 0 0 
8 4 5 0 0 0 
9 4 5 0 0 2 
10 2 2 0 1 2 
11 1 3 0 0 1 
12 2 6 0 0 2 
13 3 1 0 0 2 
14 1 7 0 0 0 
15 3 5 0 1 1 
16 0 6 2 1 1 
17 0 5 1 0 1 
18 1 1 0 0 2 
19 2 7 0 0 0 
20 0 6 0 1 0 
21 2 8 4 0 0 
22 1 9 1 0 0 
23 1 5 1 2 0 
24 5 14 4 1 0 
25 2 9 2 0 0 
26 2 7 3 0 0 
27 4 17 4 2 0 
28 3 12 1 1 0 
29 2 15 1 1 0 
30 0 12 0 2 0 
31 1 16 0 0 0 
32 1 17 1 3 0 
33 1 22 3 6 0 
34 0 24 2 5 0 
35 0 26 2 2 0 
36 4 25 4 3 0 
37 6 38 3 4 0 
38 4 30 3 5 0 
39 4 29 1 2 0 
40 8 37 3 7 0 
41 7 27 8 8 0 
42 6 32 5 5 0 
43 3 39 9 4 0 
44 4 29 8 8 0 
45 5 34 7 8 0 
46 7 35 13 11 0 
47 4 42 8 2 3 
48 6 39 10 8 1 
49 7 41 7 10 0 
50 3 58 9 8 1 
51 3 42 6 13 0 
52 4 54 13 11 1 
53 6 56 8 18 0 
54 6 48 7 21 0 
55 2 64 7 15 2 
56 8 65 16 23 1 
57 4 59 11 22 2 
58 9 48 20 32 3 
59 9 59 23 24 1 
60 6 78 18 36 0 
61 8 91 15 27 2 
62 11 86 13 40 2 
63 13 78 28 32 3 
64 6 108 26 37 3 
65 16 97 23 34 1 
66 8 114 25 44 4 
67 12 120 16 28 3 
68 13 123 16 51 0 
69 16 139 25 49 4 
70 14 157 28 54 4 
71 12 162 31 69 3 
72 24 169 40 59 4 
73 33 170 41 79 9 
74 27 205 45 90 2 
75 20 191 42 90 3 
76 33 199 42 80 14 
77 30 187 43 83 7 
78 26 211 53 113 13 
79 32 206 63 107 10 
80 36 210 85 112 7 
81 28 261 61 107 11 
82 38 275 60 150 8 
83 50 245 70 143 15 
84 39 270 88 149 7 
85 43 305 96 157 19 
86 38 303 102 172 20 
87 49 331 94 176 23 
88 58 334 125 150 17 
89 53 364 129 187 29 
90 65 407 140 210 31 
91 54 397 136 180 33 
92 62 415 162 215 27 
93 68 405 190 224 26 
94 74 418 169 224 42 
95 80 434 195 261 52 
96 82 456 194 270 60 
97 84 471 209 241 52 
98 89 506 246 283 50 
99 93 547 220 274 62 
100 108 597 233 298 66 
101 93 631 270 316 81 
102 120 584 265 305 67 
103 98 669 268 334 79 
104 125 643 272 395 66 
105 150 694 315 363 67 
106 149 724 319 416 76 
107 148 758 361 439 70 
108 163 825 375 462 85 
109 186 790 385 529 81 
110 183 929 394 509 78 
111 202 885 422 584 97 
112 181 916 462 580 92 
113 205 991 438 612 91 
114 210 1008 480 576 81 
115 219 1155 520 707 90 
116 241 1177 527 675 94 
117 248 1253 589 801 83 
118 276 1308 611 838 109 
119 270 1417 627 847 103 
120 303 1404 738 833 129 
121 308 1413 702 923 117 
122 291 1475 797 923 119 
123 362 1624 885 976 134 
124 349 1615 922 1004 135 
125 375 1714 984 1006 146 
126 428 1751 1050 1068 143 
127 448 1920 1049 1119 153 
128 429 1915 1155 1169 165 
129 435 2023 1198 1279 184 
130 449 2185 1213 1292 204 
131 495 2171 1249 1390 214 
132 509 2336 1311 1423 234 
133 555 2300 1329 1543 243 
134 591 2433 1472 1542 256 
135 558 2437 1556 1615 258 
136 634 2534 1575 1746 298 
137 641 2604 1689 1832 287 
138 648 2651 1708 1899 305 
139 751 2706 1866 2030 317 
140 761 2871 1913 2092 354 
141 739 2864 2028 2102 372 
142 804 3004 2169 2233 357 
143 811 3055 2207 2331 337 
144 895 3113 2293 2454 378 
145 867 3278 2331 2613 385 
146 880 3287 2581 2680 406 
147 917 3308 2725 2701 427 
148 990 3490 2691 2879 448 
149 985 3564 2887 3041 500 
150 1003 3600 2883 3084 502 
151 989 3641 3034 3094 500 
152 1104 3781 3081 3342 561 
153 1067 3890 3253 3349 540 
154 1117 3717 3318 3540 552 
155 1189 3958 3450 3623 607 
156 1209 4033 3638 3775 636 
157 1164 4047 3643 3823 635 
158 1214 4063 3799 3958 711 
159 1323 4139 3861 3949 718 
160 1337 4065 3999 4158 703 
161 1378 4127 4037 4221 744 
162 1422 4083 4239 4116 746 
163 1397 4112 4349 4356 758 
164 1439 4207 4376 4426 789 
165 1528 4298 4451 4632 853 
166 1528 4150 4520 4708 828 
167 1558 4184 4701 4842 908 
168 1452 4217 4899 4841 865 
169 1605 4036 4899 4952 888 
170 1629 4062 4987 4926 944 
171 1705 4185 5021 5007 889 
172 1586 4079 5102 5067 945 
173 1608 4001 5064 5091 944 
174 1630 4026 5191 5137 983 
175 1636 3847 5174 5101 937 
176 1680 3913 5381 5253 971 
177 1758 3901 5281 5279 975 
178 1745 3751 5443 5207 994 
179 1748 3803 5436 5233 986 
180 1645 3752 5387 5241 1001 
181 1745 3741 5409 5215 958 
182 1795 3780 5487 5353 960 
183 1730 3530 5468 5313 932 
184 1747 3547 5475 5313 925 
185 1791 3385 5441 5313 930 
186 1826 3247 5398 5288 952 
187 1785 3161 5266 5160 951 
188 1797 3218 5371 5107 1000 
189 1823 3122 5327 4988 943 
190 1753 3113 5274 4985 930 
191 1843 3145 5317 4779 899 
192 1684 3063 5251 4775 846 
193 1733 3035 5039 4703 927 
194 1711 2948 5005 4543 907 
195 1661 2819 4976 4514 915 
196 1589 2787 4738 4460 871 
197 1455 2594 4847 4227 881 
198 1515 2507 4725 4251 874 
199 1456 2442 4722 4159 887 
200 1431 2470 4641 4018 892 
201 1426 2310 4560 4013 887 
202 1364 2247 4449 4071 881 
203 1398 2220 4463 3883 851 
204 1403 2109 4224 3897 856 
205 1356 2098 4314 3809 856 
206 1286 2000 4108 3622 912 
207 1280 1934 4094 3620 838 
208 1235 1908 3927 3564 787 
209 1169 1857 3829 3432 809 
210 1189 1678 3725 3331 755 
211 1179 1690 3699 3325 757 
212 1075 1574 3457 3157 733 
213 1064 1621 3476 3173 735 
214 964 1450 3300 3187 686 
215 1056 1386 3165 2885 689 
216 964 1347 3113 2845 586 
217 966 1279 3020 2808 586 
218 942 1247 2954 2718 579 
219 892 1217 2923 2627 586 
220 869 1162 2755 2550 624 
221 870 1160 2682 2406 565 
222 800 1059 2664 2410 510 
223 767 1026 2559 2230 507 
224 713 974 2385 2220 494 
225 750 975 2346 2080 473 
226 703 935 2252 1955 430 
227 647 904 2217 1934 491 
228 665 847 2140 1866 439 
229 616 822 2010 1741 421 
230 606 846 1973 1780 402 
231 602 800 1926 1694 398 
232 578 715 1819 1566 399 
233 545 693 1769 1563 374 
234 529 680 1674 1445 347 
235 534 637 1653 1367 345 
236 485 571 1580 1425 338 
237 501 560 1550 1319 345 
238 461 561 1432 1323 317 
239 467 546 1384 1214 270 
240 408 536 1371 1168 308 
241 409 507 1353 1086 270 
242 426 491 1307 1047 281 
243 388 467 1203 1025 228 
244 368 459 1164 1032 254 
245 342 422 1077 949 208 
246 345 406 1044 930 236 
247 336 418 1013 926 183 
248 329 412 1035 806 232 
249 301 378 959 798 187 
250 274 358 901 767 204 
251 269 362 872 747 183 
252 264 328 791 677 186 
253 249 334 810 670 176 
254 282 322 821 657 156 
255 217 289 790 638 130 
256 246 286 711 627 153 
257 209 278 715 578 120 
258 192 253 638 565 139 
259 193 262 661 532 134 
260 218 217 577 503 100 
261 136 247 550 482 108 
262 171 205 549 459 112 
263 165 190 522 499 125 
264 146 181 494 435 113 
265 145 183 467 421 107 
266 172 173 464 424 106 
267 139 167 420 389 101 
268 156 154 390 359 93 
269 116 159 401 325 96 
270 137 170 362 340 105 
271 113 134 341 305 87 
272 117 143 337 331 85 
273 85 123 355 248 72 
274 95 126 328 268 82 
275 95 102 296 249 71 
276 95 94 310 260 63 
277 90 98 315 250 55 
278 73 94 299 189 60 
279 72 82 259 214 48 
280 71 92 242 205 56 
281 87 64 250 188 67 
282 100 66 225 175 53 
283 63 94 206 179 47 
284 66 86 207 149 43 
285 58 70 199 150 49 
286 67 69 198 135 40 
287 61 63 177 140 41 
288 44 59 185 148 44 
289 44 52 225 123 43 
290 49 56 202 111 31 
291 46 46 186 102 43 
292 44 50 154 105 27 
293 47 47 163 116 39 
294 46 40 144 101 33 
295 47 37 137 94 25 
296 43 37 121 106 28 
297 38 33 130 84 25 
298 45 30 128 91 26 
299 48 36 99 70 35 
300 23 23 99 84 29 
301 29 40 91 90 32 
302 28 33 63 68 23 
303 33 29 71 84 38 
304 31 41 76 75 34 
305 28 37 76 76 24 
306 26 32 62 75 26 
307 16 35 51 63 18 
308 22 30 46 75 26 
309 16 30 62 67 24 
310 21 32 59 81 21 
311 17 25 53 56 15 
312 24 15 59 61 12 
313 24 29 40 52 18 
314 17 23 36 64 17 
315 23 22 51 65 18 
316 20 18 49 61 12 
317 18 16 50 68 17 
318 23 16 45 37 11 
319 20 19 52 51 15 
320 21 16 58 42 8 
321 26 19 33 51 9 
322 21 14 30 43 9 
323 18 19 40 38 4 
324 13 14 37 36 9 
325 21 14 33 26 8 
326 10 14 18 29 8 
327 13 22 27 27 9 
328 16 18 29 39 6 
329 6 11 20 35 8 
330 7 13 23 32 6 
331 12 13 24 25 8 
332 7 14 33 25 5 
333 4 12 18 37 10 
334 8 14 18 16 9 
335 9 12 17 16 5 
336 6 12 14 20 5 
337 5 14 15 17 4 
338 5 10 4 16 10 
339 8 11 10 12 7 
340 6 9 11 14 4 
341 6 8 9 14 7 
342 3 9 6 12 7 
343 4 3 7 15 3 
344 3 4 11 10 6 
345 4 6 5 12 7 
346 3 9 11 8 3 
347 4 7 5 10 3 
348 2 3 8 10 2 
349 2 12 12 13 3 
350 5 4 10 10 2 
351 9 5 7 13 3 
352 5 1 7 12 7 
353 4 1 8 9 2 
354 4 3 4 7 4 
355 2 3 7 9 4 
356 4 3 4 12 3 
357 3 2 7 8 0 
358 3 6 2 10 1 
359 3 6 4 12 2 
360 0 2 6 9 0 
361 1 7 5 9 1 
362 2 4 2 9 0 
363 1 2 7 7 0 
364 2 2 3 13 0 
365 0 7 1 9 0 
366 4 7 0 6 0 
367 3 4 3 5 0 
368 2 6 0 9 0 
369 3 4 0 7 0 
370 0 3 2 7 0 
371 1 2 0 4 0 
372 3 4 1 2 0 
373 1 5 1 6 1 
374 1 2 2 3 0 
375 0 1 7 8 0 
376 2 3 6 4 0 
377 2 1 3 3 1 
378 0 0 4 6 1 
379 2 0 6 5 0 
380 0 1 4 2 0 
381 1 0 3 3 0 
382 0 0 0 2 0 
383 0 1 4 4 0 
384 0 0 6 5 0 
385 0 0 0 3 1 
386 0 0 1 5 0 
387 2 0 4 0 0 
388 1 0 4 0 0 
389 0 0 4 6 0 
390 0 0 2 1 0 
391 0 0 3 3 0 
392 1 0 1 4 0 
393 2 0 2 0 0 
394 1 0 4 2 0 
395 0 0 0 2 0 
396 0 0 3 1 0 
397 0 0 3 1 0 
398 0 0 1 1 0 
399 0 0 3 1 0 
400 0 0 1 1 1 
401 0 0 2 1 0 
402 0 0 0 0 0 
403 0 0 0 1 0 
404 0 0 0 1 0 
405 0 0 1 0 0 
406 0 0 0 0 0 
407 1 0 1 1 0 
408 0 0 1 0 1 
409 0 0 0 1 0 
410 0 0 0 0 0 
411 0 0 0 1 0 
412 1 0 0 0 0 
413 0 0 0 0 0 
414 0 0 0 0 0 
