1 0 10 0 0 0 
2 0 15 0 0 0 
3 0 13 0 0 0 
4 0 15 0 0 0 
5 0 10 0 1 0 
6 0 9 0 1 0 
7 0 12 0 1 0 
8 0 11 0 1 0 
9 0 10 0 0 0 
10 0 10 0 0 0 
11 0 14 0 0 0 
12 0 15 0 0 0 
13 0 15 0 0 0 
14 0 17 0 0 0 
15 3 17 0 0 0 
16 2 26 1 0 0 
17 2 25 2 0 0 
18 3 28 2 0 0 
19 2 20 3 0 0 
20 1 27 3 1 0 
21 3 30 4 1 0 
22 2 27 5 0 0 
23 2 30 8 1 0 
24 2 31 10 2 0 
25 2 31 6 5 0 
26 2 37 8 6 0 
27 2 33 9 4 0 
28 3 26 13 5 0 
29 3 37 19 6 0 
30 4 30 15 6 0 
31 4 36 15 8 0 
32 8 43 14 12 0 
33 9 40 10 10 0 
34 9 45 11 8 0 
35 6 39 9 12 0 
36 4 40 8 8 0 
37 3 42 8 3 0 
38 2 33 9 4 0 
39 2 24 10 2 0 
40 1 18 6 2 0 
41 4 19 6 1 0 
42 3 20 8 4 0 
43 7 21 7 4 0 
44 6 26 5 3 1 
45 3 30 6 2 1 
46 5 25 6 2 1 
47 6 30 7 1 2 
48 5 30 8 4 2 
49 6 38 7 3 4 
50 8 44 8 6 8 
51 6 48 10 9 12 
52 3 53 9 9 16 
53 5 60 8 12 18 
54 4 68 5 9 14 
55 4 69 5 10 16 
56 6 71 9 11 13 
57 10 82 10 8 15 
58 11 105 10 11 17 
59 9 98 11 9 14 
60 12 101 14 6 13 
61 10 104 16 10 13 
62 10 104 20 13 13 
63 9 112 20 10 10 
64 8 121 20 14 17 
65 8 143 14 19 22 
66 7 147 16 15 29 
67 12 148 16 16 36 
68 13 150 18 19 38 
69 17 149 20 16 34 
70 26 147 33 23 28 
71 21 160 32 33 26 
72 21 159 41 45 26 
73 23 165 43 44 19 
74 21 163 52 49 18 
75 16 198 47 47 24 
76 21 201 49 48 27 
77 20 214 55 47 28 
78 21 233 59 41 32 
79 24 251 55 39 31 
80 25 261 49 43 28 
81 26 263 58 47 39 
82 27 283 62 50 34 
83 27 309 72 51 35 
84 31 343 77 55 36 
85 35 349 82 60 35 
86 51 368 91 60 46 
87 46 376 90 60 44 
88 46 403 104 75 50 
89 52 415 116 70 48 
90 64 440 119 87 48 
91 72 495 117 101 58 
92 72 514 152 120 47 
93 80 532 164 136 48 
94 88 553 198 133 49 
95 87 589 194 116 52 
96 85 609 198 125 52 
97 75 648 188 132 52 
98 73 617 197 149 47 
99 74 673 210 170 47 
100 87 696 228 186 50 
101 100 723 236 218 45 
102 97 766 226 255 49 
103 101 795 233 274 58 
104 111 808 250 302 61 
105 117 823 261 332 64 
106 117 894 262 362 67 
107 132 938 284 383 77 
108 152 1005 304 403 84 
109 158 1021 333 428 84 
110 174 1067 391 457 92 
111 195 1089 417 483 105 
112 208 1186 451 505 98 
113 220 1246 453 543 112 
114 238 1290 471 569 130 
115 264 1313 530 622 141 
116 283 1445 587 639 173 
117 299 1536 629 654 178 
118 302 1635 728 690 180 
119 294 1730 755 747 195 
120 310 1787 850 833 189 
121 320 1897 901 867 209 
122 358 1980 945 883 211 
123 362 2078 967 977 215 
124 369 2157 1037 1039 228 
125 386 2253 1072 1088 232 
126 401 2372 1140 1127 249 
127 450 2510 1201 1237 260 
128 488 2615 1242 1348 257 
129 515 2715 1337 1423 252 
130 524 2891 1444 1532 252 
131 553 2977 1485 1612 269 
132 582 3104 1592 1697 275 
133 617 3163 1623 1785 294 
134 640 3316 1697 1869 329 
135 677 3421 1785 1940 354 
136 687 3557 1855 2000 411 
137 710 3766 1948 2120 439 
138 719 3933 2052 2213 446 
139 780 4068 2144 2308 436 
140 813 4195 2222 2367 475 
141 844 4312 2386 2472 509 
142 885 4390 2435 2578 550 
143 966 4546 2613 2693 569 
144 1013 4820 2702 2851 580 
145 1092 5105 2847 2997 633 
146 1119 5386 3021 3164 650 
147 1151 5615 3169 3293 656 
148 1261 5874 3368 3495 670 
149 1304 6186 3550 3827 706 
150 1383 6344 3752 4068 744 
151 1452 6508 3860 4280 785 
152 1555 6693 3960 4490 821 
153 1566 6925 4225 4683 831 
154 1644 7111 4328 4856 839 
155 1717 7369 4511 5037 850 
156 1830 7745 4726 5292 938 
157 1877 8010 4867 5487 996 
158 1912 8313 5047 5795 1036 
159 2032 8536 5325 6061 1054 
160 2109 8761 5658 6295 1108 
161 2182 9033 5917 6483 1182 
162 2253 9461 6150 6792 1204 
163 2349 9809 6509 7111 1223 
164 2430 10006 6660 7244 1280 
165 2586 10150 6889 7524 1293 
166 2678 10301 7146 7842 1341 
167 2734 10532 7510 7999 1347 
168 2869 10767 7741 8234 1394 
169 2935 10925 7972 8410 1475 
170 2980 11086 8231 8835 1508 
171 3120 11239 8585 9130 1568 
172 3140 11482 8928 9467 1657 
173 3307 11631 9321 9819 1687 
174 3384 11902 9553 10253 1732 
175 3445 11981 9829 10487 1835 
176 3632 12055 10251 10771 1874 
177 3690 12309 10582 11273 1877 
178 3676 12299 10813 11612 1871 
179 3730 12394 11126 12013 1919 
180 3724 12425 11421 12299 1941 
181 3860 12579 11626 12569 2047 
182 3943 12637 11771 12737 2109 
183 4047 12735 12080 13010 2115 
184 4182 12745 12515 13276 2183 
185 4256 12820 12820 13648 2247 
186 4348 12846 13043 13960 2323 
187 4488 12633 13278 14101 2363 
188 4653 12553 13403 14195 2452 
189 4679 12463 13440 14449 2490 
190 4724 12274 13740 14525 2465 
191 4781 12124 14018 14512 2514 
192 4841 12043 14183 14637 2489 
193 4876 11961 14257 14818 2568 
194 4884 11765 14473 15024 2579 
195 4856 11497 14673 14976 2624 
196 4860 11528 14920 15034 2627 
197 4929 11368 15072 14883 2630 
198 4969 11227 15072 14961 2699 
199 5043 10936 15347 14901 2661 
200 5046 10893 15457 14816 2630 
201 5020 10757 15442 14890 2666 
202 4991 10699 15461 14868 2648 
203 5020 10509 15275 14806 2701 
204 4937 10249 15258 14623 2713 
205 4902 10065 15370 14515 2749 
206 4835 9851 15283 14525 2740 
207 4869 9625 15230 14364 2781 
208 4867 9357 15075 14181 2820 
209 4845 9085 15098 14067 2770 
210 4780 8953 15096 13875 2739 
211 4723 8819 14929 13745 2716 
212 4709 8603 14785 13724 2726 
213 4671 8377 14430 13686 2668 
214 4579 8178 14194 13540 2611 
215 4507 7911 13938 13355 2571 
216 4422 7815 13630 13242 2523 
217 4382 7649 13473 13159 2560 
218 4313 7340 13431 12967 2544 
219 4218 7211 13103 12867 2528 
220 4062 6977 12922 12706 2519 
221 4060 6657 12704 12458 2434 
222 4022 6345 12534 12138 2427 
223 3817 6210 12480 11788 2350 
224 3765 5972 12295 11564 2311 
225 3695 5796 12102 11226 2282 
226 3554 5596 11745 11113 2292 
227 3501 5457 11488 11000 2226 
228 3421 5259 11217 10854 2129 
229 3382 5103 10992 10657 2048 
230 3274 4987 10807 10229 1991 
231 3266 4792 10741 9974 1947 
232 3180 4615 10436 9612 1886 
233 3071 4555 10013 9357 1816 
234 3030 4415 9795 9040 1742 
235 2917 4239 9465 8706 1626 
236 2807 4183 9263 8448 1553 
237 2734 4137 9017 8201 1559 
238 2685 3930 8876 7954 1463 
239 2666 3800 8556 7746 1427 
240 2621 3743 8305 7424 1417 
241 2538 3628 8025 7197 1355 
242 2470 3513 7799 7041 1313 
243 2362 3415 7614 6807 1325 
244 2334 3243 7339 6486 1256 
245 2280 3088 7170 6220 1229 
246 2144 2996 6985 5936 1154 
247 2104 2842 6699 5727 1196 
248 2019 2699 6564 5483 1178 
249 1953 2596 6341 5282 1136 
250 1881 2459 6123 5036 1131 
251 1785 2379 5835 4849 1057 
252 1710 2199 5653 4633 1014 
253 1602 2122 5503 4409 1003 
254 1563 2015 5260 4303 995 
255 1478 1926 5080 4158 978 
256 1495 1852 4930 4067 935 
257 1396 1860 4729 3927 962 
258 1308 1776 4592 3805 905 
259 1253 1668 4298 3637 872 
260 1188 1548 4153 3475 845 
261 1163 1492 3932 3342 813 
262 1110 1386 3829 3213 786 
263 1101 1374 3703 3032 780 
264 994 1339 3551 2904 766 
265 950 1321 3445 2837 734 
266 947 1285 3437 2733 720 
267 930 1210 3347 2592 679 
268 889 1163 3248 2454 685 
269 861 1083 3152 2441 659 
270 845 1065 3018 2354 629 
271 835 1045 2910 2230 589 
272 809 998 2818 2108 588 
273 801 986 2631 2053 549 
274 804 974 2585 2035 542 
275 780 949 2495 1987 518 
276 756 931 2398 1929 479 
277 719 897 2300 1847 447 
278 704 837 2209 1756 448 
279 659 830 2042 1710 404 
280 662 817 1961 1632 384 
281 658 781 1960 1596 376 
282 629 761 1948 1536 374 
283 621 725 1842 1466 342 
284 584 691 1777 1430 328 
285 584 663 1682 1397 296 
286 580 650 1597 1370 264 
287 549 625 1526 1272 263 
288 532 580 1490 1218 242 
289 489 564 1458 1200 248 
290 460 536 1338 1138 232 
291 441 504 1315 1060 241 
292 421 498 1246 1006 224 
293 382 452 1138 956 204 
294 357 447 1092 909 188 
295 371 421 1017 874 168 
296 350 408 1000 846 171 
297 312 390 992 795 169 
298 292 364 983 788 157 
299 272 351 951 764 154 
300 251 324 871 720 135 
301 244 308 837 699 128 
302 218 313 797 692 112 
303 223 283 772 697 105 
304 226 289 723 683 101 
305 218 262 705 676 85 
306 224 257 698 629 91 
307 211 257 655 605 84 
308 190 267 630 602 90 
309 206 256 581 553 86 
310 205 248 561 526 82 
311 203 254 559 514 69 
312 212 225 536 510 79 
313 201 230 519 487 85 
314 197 213 485 444 80 
315 196 211 476 422 77 
316 183 186 475 375 70 
317 165 166 457 344 75 
318 139 178 444 324 68 
319 117 183 399 309 69 
320 109 185 369 272 63 
321 97 179 351 265 62 
322 87 174 335 246 51 
323 88 176 320 211 48 
324 88 164 312 212 45 
325 75 161 297 196 50 
326 64 164 288 173 52 
327 66 152 290 163 49 
328 59 131 268 155 54 
329 56 131 276 145 45 
330 59 122 257 130 37 
331 46 112 223 127 40 
332 42 106 217 130 37 
333 52 91 208 132 44 
334 47 83 188 141 43 
335 52 78 187 133 33 
336 60 71 163 135 32 
337 60 72 162 124 26 
338 43 61 146 118 28 
339 39 61 128 115 21 
340 40 61 118 108 22 
341 31 65 114 98 19 
342 27 67 102 94 20 
343 28 76 93 88 19 
344 26 70 86 87 16 
345 34 60 73 92 14 
346 33 55 74 93 19 
347 23 53 72 85 22 
348 24 54 74 80 17 
349 30 51 73 66 15 
350 26 51 63 64 11 
351 26 54 56 71 11 
352 28 54 58 69 6 
353 27 50 55 59 4 
354 21 58 49 57 2 
355 18 51 39 56 7 
356 21 54 49 50 4 
357 26 49 37 45 2 
358 26 47 28 45 3 
359 26 37 29 42 1 
360 23 31 27 44 0 
361 17 25 32 43 0 
362 10 23 34 37 0 
363 13 23 29 42 1 
364 13 19 23 40 1 
365 12 18 24 37 1 
366 16 17 23 42 1 
367 15 13 21 41 1 
368 12 12 15 45 0 
369 13 10 14 46 0 
370 8 7 16 42 0 
371 10 5 16 35 0 
372 5 2 15 25 0 
373 5 1 21 24 0 
374 3 3 21 18 1 
375 3 4 21 18 1 
376 2 5 20 12 0 
377 4 4 18 11 0 
378 3 2 20 19 0 
379 4 3 17 13 0 
380 4 2 16 11 0 
381 3 2 17 10 0 
382 2 1 15 9 0 
383 3 1 17 8 0 
384 3 0 13 9 0 
385 3 0 8 9 0 
386 2 1 9 8 0 
387 2 1 8 8 0 
388 1 1 7 12 0 
389 1 0 8 9 0 
390 1 0 7 12 0 
391 2 0 6 13 0 
392 2 0 5 11 0 
393 1 1 6 10 0 
394 1 2 6 6 0 
395 2 2 4 5 0 
396 3 3 3 4 0 
397 3 4 2 3 0 
398 2 3 1 3 0 
399 2 3 2 2 0 
400 0 3 2 2 0 
401 0 3 1 1 0 
402 0 3 1 1 0 
403 0 3 1 1 0 
404 0 3 2 1 0 
405 0 1 0 1 0 
406 0 2 0 1 0 
407 0 3 0 0 0 
408 0 3 0 0 0 
409 0 4 0 0 0 
410 0 4 0 0 0 
411 0 5 0 0 0 
412 0 3 0 0 0 
413 0 1 0 0 0 
414 0 1 0 1 0 
415 0 1 0 0 0 
416 0 0 0 0 0 
