1 0 9 0 0 0 
2 0 15 0 0 0 
3 0 14 0 0 0 
4 0 16 0 0 0 
5 0 14 0 0 0 
6 0 14 0 0 0 
7 0 15 0 0 0 
8 0 13 0 0 0 
9 0 15 0 0 0 
10 0 14 0 0 0 
11 0 10 0 0 0 
12 0 15 0 0 0 
13 0 21 0 0 0 
14 0 21 0 0 0 
15 0 22 0 0 0 
16 0 24 1 0 0 
17 0 28 0 0 0 
18 5 33 0 1 0 
19 8 38 0 2 0 
20 11 34 1 3 0 
21 8 37 0 3 0 
22 8 34 0 1 0 
23 8 44 2 1 0 
24 7 47 2 0 0 
25 6 45 2 0 0 
26 8 37 2 1 1 
27 7 34 4 2 0 
28 8 38 6 1 0 
29 8 42 6 3 0 
30 7 46 10 5 0 
31 6 44 15 9 0 
32 3 40 10 17 0 
33 4 45 14 11 0 
34 6 39 14 7 0 
35 6 38 17 8 0 
36 9 33 19 7 0 
37 7 37 18 4 0 
38 6 48 18 4 0 
39 8 55 22 5 0 
40 9 71 19 4 0 
41 9 65 24 3 0 
42 7 65 23 3 1 
43 9 68 21 2 1 
44 14 72 18 3 2 
45 10 74 16 5 4 
46 8 67 21 6 2 
47 9 59 21 9 2 
48 12 58 18 8 1 
49 14 72 15 9 1 
50 17 81 21 10 1 
51 16 85 14 12 3 
52 16 97 13 15 1 
53 16 111 11 8 1 
54 12 126 7 6 2 
55 14 110 9 4 3 
56 16 103 7 4 4 
57 17 112 5 12 2 
58 16 119 6 12 3 
59 15 130 9 15 3 
60 15 135 7 13 4 
61 14 141 5 12 2 
62 13 153 3 14 4 
63 16 152 5 12 3 
64 17 176 4 13 3 
65 14 201 6 14 4 
66 14 213 6 17 5 
67 16 225 8 22 4 
68 14 219 10 23 5 
69 18 228 13 21 5 
70 25 267 16 25 5 
71 29 260 16 35 6 
72 34 275 21 40 9 
73 36 287 22 51 9 
74 33 293 26 64 8 
75 31 309 29 71 10 
76 34 310 30 71 9 
77 41 333 43 87 9 
78 45 338 49 92 13 
79 53 343 47 79 11 
80 76 374 58 81 15 
81 82 375 79 103 17 
82 83 381 97 108 21 
83 83 406 103 133 20 
84 64 441 120 117 20 
85 62 470 118 109 21 
86 62 499 122 106 21 
87 75 512 130 122 19 
88 85 532 139 132 21 
89 84 536 143 141 23 
90 101 566 143 155 30 
91 103 659 139 157 33 
92 102 690 155 158 37 
93 133 746 181 159 33 
94 123 806 185 164 32 
95 115 855 220 192 37 
96 127 891 260 176 38 
97 154 926 282 213 42 
98 156 1016 294 246 52 
99 184 1069 304 251 44 
100 174 1117 346 277 51 
101 182 1149 374 320 57 
102 188 1215 367 311 72 
103 200 1303 386 351 75 
104 190 1343 413 359 75 
105 208 1385 423 369 81 
106 218 1454 455 408 90 
107 213 1457 460 471 105 
108 242 1499 453 520 116 
109 239 1540 473 535 124 
110 238 1635 547 577 119 
111 238 1696 585 602 135 
112 251 1768 645 655 142 
113 270 1923 686 717 167 
114 264 2042 749 787 201 
115 274 2099 792 869 206 
116 282 2148 814 910 208 
117 317 2222 894 938 203 
118 334 2327 968 1026 208 
119 372 2455 1081 1083 203 
120 395 2547 1121 1146 213 
121 431 2749 1205 1208 217 
122 480 2904 1287 1253 215 
123 509 2991 1299 1314 246 
124 527 3134 1322 1411 268 
125 561 3220 1378 1486 277 
126 610 3329 1445 1529 285 
127 678 3417 1500 1621 294 
128 751 3479 1569 1710 320 
129 767 3665 1685 1791 322 
130 763 3807 1822 1899 322 
131 798 3888 1912 2023 344 
132 879 4080 2010 2182 372 
133 903 4283 2113 2263 389 
134 905 4477 2278 2404 392 
135 949 4651 2403 2574 419 
136 1008 4842 2572 2691 435 
137 1066 5014 2725 2799 487 
138 1096 5159 2869 2979 496 
139 1144 5481 3031 3198 542 
140 1225 5722 3171 3395 556 
141 1267 5962 3296 3604 577 
142 1337 6128 3429 3856 599 
143 1364 6370 3603 4019 640 
144 1409 6647 3752 4183 660 
145 1456 7000 3857 4319 705 
146 1551 7230 4045 4515 749 
147 1611 7389 4264 4659 787 
148 1659 7633 4502 4828 812 
149 1778 7965 4743 5045 815 
150 1881 8146 4992 5254 884 
151 1986 8279 5221 5488 927 
152 2014 8602 5460 5675 986 
153 2105 8959 5750 5917 1039 
154 2183 9238 5967 6256 1064 
155 2300 9600 6224 6495 1091 
156 2402 10051 6522 6755 1114 
157 2482 10228 6743 7089 1152 
158 2555 10439 6990 7433 1236 
159 2611 10526 7367 7636 1319 
160 2746 10781 7680 7926 1432 
161 2894 10944 7994 8202 1542 
162 2974 11183 8235 8384 1607 
163 2983 11457 8591 8679 1681 
164 3096 11652 8805 9131 1717 
165 3231 11819 9069 9574 1774 
166 3257 11964 9443 9915 1846 
167 3443 11965 9729 10313 1887 
168 3554 12102 10075 10582 1884 
169 3641 12081 10382 10910 1929 
170 3709 12100 10674 11138 1971 
171 3722 12047 10977 11542 1989 
172 3865 12113 11316 11939 2059 
173 3873 12328 11563 12218 2075 
174 3942 12428 11848 12416 2127 
175 4073 12377 12055 12560 2187 
176 4187 12497 12342 12851 2185 
177 4343 12364 12650 13046 2292 
178 4370 12480 13002 13283 2331 
179 4416 12377 13313 13515 2328 
180 4587 12322 13389 13877 2392 
181 4676 12311 13640 14119 2476 
182 4730 12343 13919 14335 2542 
183 4782 12234 14291 14528 2562 
184 4850 12164 14528 14909 2603 
185 4865 11962 14702 15148 2678 
186 4853 11936 14792 15396 2721 
187 4919 11729 15175 15643 2761 
188 4885 11567 15234 15652 2819 
189 4931 11462 15396 15577 2826 
190 4982 11294 15362 15636 2901 
191 4986 11211 15514 15789 2975 
192 5049 11120 15575 16023 3074 
193 5005 11014 15526 15967 3094 
194 5010 10779 15503 15857 3113 
195 4988 10463 15495 15788 3095 
196 5051 10293 15592 15865 3109 
197 5077 10165 15553 16024 3065 
198 5089 9857 15557 15912 3068 
199 5036 9676 15539 16041 3107 
200 5024 9535 15560 16057 3029 
201 4965 9297 15621 15901 3080 
202 4968 9153 15564 15607 3012 
203 5001 8982 15603 15258 2952 
204 4906 8744 15498 15118 2926 
205 4683 8539 15400 14860 2918 
206 4574 8252 15246 14730 2929 
207 4646 8056 15122 14657 2898 
208 4658 7747 14887 14321 2906 
209 4567 7634 14761 14133 2818 
210 4466 7440 14508 14060 2756 
211 4400 7279 14304 13785 2721 
212 4230 7068 14154 13456 2692 
213 4109 6838 13969 13112 2667 
214 4031 6824 13676 12750 2584 
215 4035 6545 13491 12574 2515 
216 4081 6381 13303 12289 2452 
217 3917 6093 13062 12074 2417 
218 3843 5896 12877 11647 2319 
219 3741 5736 12495 11524 2274 
220 3584 5589 12163 11215 2106 
221 3530 5330 11809 10901 2015 
222 3397 5073 11629 10518 1945 
223 3316 4852 11598 10356 1941 
224 3249 4757 11164 10052 1924 
225 3206 4597 10679 9803 1905 
226 3260 4465 10467 9390 1909 
227 3138 4307 10197 9154 1880 
228 3132 4257 9970 8746 1829 
229 3109 4114 9691 8563 1759 
230 3056 3935 9425 8222 1701 
231 2939 3754 9029 7996 1671 
232 2813 3575 8776 7711 1668 
233 2600 3381 8553 7557 1622 
234 2423 3293 8382 7236 1538 
235 2386 3114 8072 7021 1449 
236 2313 3041 7787 6796 1413 
237 2199 2971 7550 6560 1384 
238 2113 2819 7271 6305 1347 
239 2070 2718 7088 6198 1319 
240 2006 2685 6890 6008 1250 
241 1946 2586 6630 5841 1240 
242 1846 2581 6470 5567 1191 
243 1785 2458 6209 5315 1166 
244 1740 2309 5963 5235 1143 
245 1749 2285 5713 5114 1113 
246 1749 2222 5547 4883 1040 
247 1655 2171 5432 4721 1030 
248 1569 2153 5268 4622 989 
249 1534 2041 5056 4403 948 
250 1482 1909 4936 4208 893 
251 1389 1829 4685 4112 866 
252 1350 1739 4423 3996 832 
253 1319 1685 4206 3861 801 
254 1284 1669 3985 3727 769 
255 1214 1574 3878 3603 718 
256 1158 1460 3762 3480 679 
257 1132 1364 3637 3366 680 
258 1090 1351 3496 3278 670 
259 1016 1325 3295 3101 646 
260 980 1276 3186 2975 631 
261 914 1246 3068 2840 627 
262 871 1215 2951 2753 605 
263 886 1147 2832 2636 597 
264 853 1092 2700 2504 570 
265 807 1033 2665 2421 545 
266 762 961 2579 2357 549 
267 707 905 2451 2253 539 
268 711 865 2365 2110 523 
269 702 823 2304 1999 504 
270 693 794 2212 1931 459 
271 642 749 2129 1839 425 
272 598 718 2003 1782 404 
273 581 673 1942 1744 389 
274 580 639 1827 1651 382 
275 550 604 1741 1557 374 
276 516 577 1709 1533 356 
277 467 524 1607 1455 331 
278 453 473 1524 1369 325 
279 408 437 1462 1331 314 
280 397 394 1374 1234 293 
281 364 417 1307 1187 277 
282 357 395 1316 1182 278 
283 348 386 1279 1149 256 
284 338 385 1178 1135 244 
285 303 353 1136 1096 221 
286 295 336 1122 1018 198 
287 298 314 1049 940 200 
288 285 292 994 856 182 
289 272 271 915 796 193 
290 243 239 884 752 192 
291 234 237 852 719 188 
292 233 231 770 654 171 
293 222 226 768 631 156 
294 215 221 722 610 135 
295 209 220 713 560 116 
296 204 199 704 534 110 
297 216 199 671 494 124 
298 178 179 633 508 124 
299 178 164 603 511 130 
300 155 154 554 477 129 
301 157 131 535 460 113 
302 146 140 534 424 105 
303 141 132 507 393 103 
304 144 147 457 364 93 
305 132 136 434 350 87 
306 129 154 436 332 91 
307 134 131 429 293 99 
308 121 135 388 275 97 
309 123 130 371 270 84 
310 101 127 380 271 79 
311 95 113 362 264 92 
312 78 114 324 250 85 
313 72 114 320 233 78 
314 68 116 318 234 65 
315 69 120 333 241 59 
316 70 135 335 246 54 
317 69 133 330 222 60 
318 69 127 295 201 50 
319 82 105 281 192 50 
320 81 101 281 196 46 
321 68 96 260 183 43 
322 74 86 260 178 46 
323 63 78 247 184 45 
324 62 69 238 181 48 
325 62 58 230 158 51 
326 68 60 207 148 45 
327 57 55 189 147 41 
328 56 57 170 148 43 
329 57 67 152 133 40 
330 49 71 146 135 44 
331 54 65 117 127 37 
332 45 59 131 112 41 
333 48 60 145 123 42 
334 47 55 134 122 35 
335 46 56 126 131 39 
336 38 59 122 121 27 
337 29 58 125 128 26 
338 29 53 115 126 26 
339 25 54 123 126 28 
340 23 57 122 122 30 
341 27 54 117 121 24 
342 31 51 117 122 25 
343 30 44 107 126 23 
344 25 39 99 116 21 
345 21 29 103 102 23 
346 20 23 91 96 22 
347 17 21 90 88 22 
348 15 23 89 104 26 
349 18 25 86 100 23 
350 10 29 73 106 24 
351 12 27 66 99 22 
352 10 22 60 109 20 
353 14 25 54 96 18 
354 18 17 54 90 16 
355 18 20 48 75 14 
356 13 20 39 69 15 
357 16 16 32 63 13 
358 15 20 33 49 18 
359 15 23 29 56 15 
360 9 28 28 52 17 
361 9 25 18 45 15 
362 9 24 20 40 16 
363 13 31 17 40 11 
364 10 30 21 33 11 
365 11 29 20 36 14 
366 9 22 27 34 12 
367 8 18 25 39 12 
368 8 17 26 27 14 
369 8 15 28 29 9 
370 8 13 22 23 8 
371 7 8 23 19 11 
372 5 10 24 15 8 
373 6 10 25 10 12 
374 5 9 26 10 10 
375 5 10 24 6 10 
376 7 10 27 7 12 
377 8 8 22 9 9 
378 9 7 17 8 11 
379 6 8 12 15 9 
380 6 7 14 12 7 
381 4 1 7 11 6 
382 4 1 7 13 3 
383 4 2 4 13 2 
384 3 3 5 7 3 
385 3 2 6 7 4 
386 3 2 4 9 5 
387 3 2 3 11 3 
388 3 1 3 11 1 
389 4 0 2 7 1 
390 5 0 2 5 1 
391 5 0 1 5 0 
392 5 0 1 4 0 
393 4 0 1 2 0 
394 3 0 2 1 0 
395 4 0 2 1 0 
396 3 2 2 1 0 
397 3 1 2 0 0 
398 3 1 2 0 0 
399 3 1 1 1 0 
400 2 0 1 1 0 
401 4 0 1 1 0 
402 3 0 1 0 0 
403 4 0 1 0 0 
404 2 0 3 1 0 
405 0 0 2 1 0 
406 0 0 1 1 0 
407 1 0 1 1 0 
408 0 0 0 0 0 
