1 0 9 0 0 0 
2 0 12 0 0 0 
3 0 11 0 0 0 
4 0 17 0 0 0 
5 0 19 0 0 0 
6 0 19 1 0 0 
7 0 17 1 0 0 
8 0 21 2 0 0 
9 0 20 2 0 0 
10 0 16 1 3 0 
11 0 12 1 2 0 
12 0 11 1 1 0 
13 0 13 0 3 0 
14 0 13 0 3 0 
15 0 13 0 2 0 
16 0 17 3 2 0 
17 0 16 2 1 0 
18 0 12 2 3 0 
19 0 16 2 1 0 
20 0 25 1 0 0 
21 0 29 0 0 0 
22 1 29 0 0 0 
23 1 29 0 0 0 
24 1 30 0 1 0 
25 1 28 1 1 0 
26 0 36 2 3 0 
27 1 35 2 3 0 
28 3 38 2 1 0 
29 4 40 1 3 0 
30 3 47 3 4 0 
31 6 53 2 6 0 
32 3 54 4 7 0 
33 4 58 3 7 0 
34 4 57 4 6 0 
35 7 57 2 12 0 
36 4 63 2 14 0 
37 3 68 1 15 0 
38 4 68 4 11 0 
39 6 64 5 8 0 
40 6 54 4 4 0 
41 5 55 2 7 0 
42 3 50 3 7 0 
43 5 54 1 8 0 
44 10 55 1 11 0 
45 7 49 3 11 0 
46 6 49 4 11 0 
47 7 61 8 14 0 
48 8 56 11 19 0 
49 7 58 13 17 0 
50 8 54 12 18 0 
51 12 49 13 17 0 
52 12 52 19 18 0 
53 12 52 20 24 0 
54 16 66 20 26 0 
55 18 69 21 37 1 
56 17 66 24 44 1 
57 18 71 30 36 1 
58 16 75 30 35 1 
59 26 74 27 40 1 
60 22 72 27 45 3 
61 25 73 26 47 4 
62 28 76 20 34 2 
63 20 70 23 41 4 
64 14 70 18 37 3 
65 9 73 20 41 1 
66 10 73 24 37 2 
67 14 69 26 36 1 
68 11 88 31 40 0 
69 12 84 36 49 0 
70 12 79 48 49 0 
71 15 89 59 46 0 
72 20 98 60 47 0 
73 20 118 56 53 0 
74 23 117 59 57 0 
75 30 117 66 62 0 
76 30 123 73 68 0 
77 33 140 82 78 0 
78 36 154 85 86 0 
79 41 157 84 95 1 
80 42 169 81 108 2 
81 39 188 73 124 2 
82 34 211 71 132 1 
83 48 203 84 126 1 
84 56 213 86 138 0 
85 62 211 87 149 2 
86 57 225 95 154 5 
87 51 239 98 158 9 
88 55 269 102 165 16 
89 59 296 125 170 20 
90 63 324 141 179 16 
91 64 352 151 196 18 
92 69 356 143 205 19 
93 73 378 153 226 19 
94 81 391 162 243 24 
95 93 407 162 243 25 
96 94 434 196 233 28 
97 103 451 199 239 28 
98 107 482 212 267 29 
99 102 510 226 285 30 
100 94 515 247 313 34 
101 108 535 261 315 44 
102 105 540 236 308 39 
103 104 592 235 318 44 
104 107 603 255 349 40 
105 116 647 296 333 40 
106 117 674 292 355 43 
107 116 690 308 386 54 
108 126 736 304 405 43 
109 123 797 339 433 43 
110 120 843 364 431 51 
111 134 849 383 439 57 
112 139 895 396 438 51 
113 168 906 438 448 58 
114 174 942 508 443 63 
115 186 998 523 487 60 
116 195 1054 554 509 65 
117 202 1114 586 504 68 
118 218 1140 582 549 78 
119 197 1185 654 582 90 
120 207 1223 679 604 92 
121 233 1258 727 656 90 
122 247 1351 716 689 90 
123 261 1408 755 757 93 
124 288 1487 806 794 94 
125 318 1513 859 900 87 
126 328 1542 924 906 97 
127 356 1645 946 995 112 
128 362 1791 955 1018 121 
129 407 1865 1033 1071 114 
130 410 1974 1072 1131 122 
131 430 2189 1129 1158 122 
132 440 2267 1209 1220 111 
133 447 2364 1257 1324 122 
134 501 2490 1280 1400 129 
135 510 2584 1324 1489 143 
136 564 2721 1400 1591 161 
137 598 2829 1456 1641 166 
138 614 3001 1556 1707 170 
139 629 3140 1676 1780 203 
140 650 3286 1868 1887 239 
141 707 3437 1960 2022 269 
142 753 3467 2051 2188 264 
143 776 3539 2140 2344 281 
144 833 3706 2207 2371 303 
145 908 3833 2260 2499 330 
146 977 4053 2338 2620 340 
147 1026 4179 2522 2693 356 
148 1056 4297 2592 2797 380 
149 1077 4473 2702 2903 396 
150 1054 4673 2856 3064 417 
151 1107 4792 3049 3230 419 
152 1131 4933 3209 3461 424 
153 1202 5167 3365 3565 447 
154 1230 5377 3539 3681 481 
155 1289 5500 3673 3926 491 
156 1379 5672 3837 4099 521 
157 1417 5842 4021 4361 562 
158 1456 6059 4208 4552 597 
159 1506 6292 4354 4863 628 
160 1512 6458 4624 5044 694 
161 1625 6803 4753 5336 725 
162 1654 7087 5023 5535 783 
163 1731 7350 5173 5808 815 
164 1793 7508 5307 6085 836 
165 1811 7668 5544 6379 848 
166 1894 7931 5782 6665 883 
167 1986 8188 6027 6893 894 
168 2140 8420 6312 7183 947 
169 2239 8598 6523 7517 1022 
170 2344 8920 6817 7944 1068 
171 2441 9053 7106 8200 1106 
172 2564 9242 7417 8602 1152 
173 2615 9517 7652 8790 1189 
174 2660 9643 7892 9058 1213 
175 2730 9959 8271 9423 1267 
176 2906 10011 8629 9781 1354 
177 2929 10328 8840 10039 1337 
178 3090 10461 9134 10282 1357 
179 3211 10708 9427 10530 1457 
180 3262 10891 9696 10689 1535 
181 3362 11002 10129 11069 1556 
182 3501 11316 10563 11347 1572 
183 3624 11586 10937 11639 1664 
184 3710 11625 11247 12016 1662 
185 3754 11785 11414 12313 1713 
186 3872 12054 11676 12654 1873 
187 3994 12177 12014 13034 1952 
188 4169 12263 12437 13312 2095 
189 4228 12298 12737 13622 2171 
190 4287 12332 12967 14027 2219 
191 4433 12507 13366 14338 2244 
192 4619 12527 13604 14642 2349 
193 4688 12435 13807 14981 2365 
194 4743 12432 14055 15271 2495 
195 4839 12517 14463 15458 2557 
196 4948 12380 14700 15588 2615 
197 5015 12295 14854 15467 2713 
198 4977 12261 15040 15733 2806 
199 4975 12185 15188 16019 2874 
200 5015 12227 15559 15960 2926 
201 4994 12204 15727 15993 2937 
202 5026 12133 15768 16087 3004 
203 5026 12030 15796 16231 2993 
204 5072 11975 15786 16003 3026 
205 5124 11817 15930 15983 3024 
206 5170 11869 16094 16119 3086 
207 5030 11696 16157 15931 3176 
208 4989 11468 16103 16011 3179 
209 5068 11270 16130 15815 3150 
210 5017 10993 16289 15783 3083 
211 4998 10705 16173 15645 3123 
212 5015 10554 16086 15482 3152 
213 5012 10419 15992 15524 3096 
214 4952 10151 15839 15357 3169 
215 4866 9835 15772 15127 3158 
216 4877 9721 15791 15007 3057 
217 4841 9339 15566 15025 3087 
218 4782 9161 15448 14817 3095 
219 4768 8906 15228 14689 3121 
220 4704 8743 15132 14543 3151 
221 4545 8558 14964 14523 3127 
222 4449 8364 14740 14207 3068 
223 4385 8178 14603 13777 3045 
224 4348 7925 14346 13510 2957 
225 4280 7650 13962 13334 2960 
226 4228 7498 13799 13131 2883 
227 4265 7188 13544 13011 2930 
228 4164 7098 13337 12719 2858 
229 4071 6954 13097 12503 2794 
230 3946 6729 12984 12220 2822 
231 3891 6533 12703 11975 2712 
232 3890 6398 12499 11666 2625 
233 3849 6193 12088 11405 2499 
234 3771 5949 11818 11202 2407 
235 3606 5851 11642 10890 2356 
236 3493 5681 11281 10601 2270 
237 3428 5440 11056 10366 2267 
238 3296 5232 10836 9960 2245 
239 3151 5077 10588 9713 2130 
240 3096 4878 10169 9540 2171 
241 3076 4709 10024 9307 2096 
242 3034 4576 9536 8945 2058 
243 2988 4417 9353 8622 2025 
244 2918 4287 9071 8519 1893 
245 2797 4150 8815 8280 1838 
246 2731 4022 8645 7931 1755 
247 2658 3873 8378 7721 1695 
248 2499 3725 8155 7447 1608 
249 2420 3590 7918 7108 1541 
250 2310 3500 7652 6904 1453 
251 2313 3435 7377 6703 1451 
252 2227 3281 7052 6475 1393 
253 2187 3236 6739 6280 1345 
254 2158 3106 6519 6046 1282 
255 2049 2928 6201 5842 1222 
256 1973 2744 5987 5659 1170 
257 1891 2573 5707 5472 1136 
258 1811 2464 5487 5269 1104 
259 1712 2341 5229 5009 1081 
260 1631 2188 4968 4841 1053 
261 1521 2192 4763 4708 1054 
262 1502 2091 4514 4527 1001 
263 1434 1981 4351 4378 987 
264 1429 1842 4276 4118 945 
265 1379 1795 4075 3926 975 
266 1335 1708 3877 3773 945 
267 1283 1576 3677 3646 939 
268 1225 1461 3523 3541 919 
269 1182 1372 3399 3341 825 
270 1149 1301 3260 3168 794 
271 1113 1244 3190 3106 729 
272 1028 1173 3090 2977 679 
273 1024 1143 2980 2823 655 
274 975 1076 2831 2748 632 
275 941 1058 2700 2588 584 
276 904 1005 2597 2473 544 
277 883 945 2535 2399 534 
278 826 903 2477 2283 487 
279 780 869 2393 2177 494 
280 753 834 2285 2129 441 
281 724 818 2170 1993 421 
282 711 760 2062 1859 423 
283 645 741 1951 1786 414 
284 605 717 1848 1758 395 
285 581 722 1810 1696 362 
286 552 666 1735 1645 322 
287 526 635 1660 1545 303 
288 510 620 1515 1541 286 
289 478 595 1487 1435 250 
290 450 608 1475 1352 246 
291 412 591 1438 1296 223 
292 392 530 1324 1263 215 
293 358 524 1229 1180 212 
294 351 468 1192 1150 206 
295 348 453 1097 1119 176 
296 325 438 1060 1077 171 
297 304 419 1027 981 172 
298 307 387 953 918 169 
299 306 374 946 883 176 
300 298 352 896 851 162 
301 267 336 852 807 164 
302 263 313 815 779 160 
303 261 321 755 732 150 
304 249 324 714 712 132 
305 244 281 673 697 124 
306 217 272 630 653 123 
307 227 254 603 594 122 
308 223 251 599 556 112 
309 214 238 591 572 119 
310 201 217 606 545 110 
311 201 219 578 565 111 
312 208 220 577 539 96 
313 200 214 554 514 91 
314 186 218 531 495 86 
315 173 201 502 445 83 
316 192 194 459 449 82 
317 183 195 420 438 75 
318 175 187 403 427 81 
319 157 195 421 411 84 
320 158 201 397 385 73 
321 143 197 357 369 81 
322 136 184 347 359 70 
323 121 180 335 344 67 
324 114 192 325 338 60 
325 119 171 313 312 64 
326 115 162 301 316 64 
327 116 172 307 306 53 
328 108 168 304 303 56 
329 108 149 312 281 54 
330 108 134 286 243 46 
331 102 131 282 240 36 
332 88 122 268 247 34 
333 83 121 288 248 37 
334 94 114 276 228 36 
335 93 117 258 192 36 
336 77 116 229 200 36 
337 76 123 229 194 33 
338 63 118 220 192 29 
339 57 119 217 187 29 
340 63 112 217 152 24 
341 66 104 214 155 31 
342 65 95 210 136 37 
343 64 84 186 125 42 
344 60 72 176 125 33 
345 58 73 156 105 26 
346 63 65 169 111 19 
347 55 66 161 107 16 
348 39 63 156 101 15 
349 45 61 149 108 19 
350 41 49 145 106 23 
351 44 47 153 86 19 
352 36 36 143 87 15 
353 31 36 126 78 19 
354 28 33 118 65 22 
355 28 32 104 55 24 
356 36 45 105 56 26 
357 36 44 112 59 27 
358 40 41 107 57 21 
359 41 38 104 54 19 
360 32 44 89 42 21 
361 26 47 91 40 22 
362 28 48 92 37 22 
363 31 53 88 43 23 
364 28 49 78 37 20 
365 27 47 77 29 21 
366 26 48 81 27 20 
367 17 45 83 28 20 
368 11 52 79 30 21 
369 10 53 78 31 20 
370 8 47 75 24 22 
371 9 49 68 24 24 
372 12 43 60 22 22 
373 10 38 57 19 19 
374 8 37 54 17 13 
375 13 30 54 20 9 
376 8 33 55 19 8 
377 8 29 58 13 9 
378 9 27 57 16 10 
379 13 27 55 18 7 
380 12 28 61 16 9 
381 13 25 63 11 5 
382 15 24 56 11 11 
383 15 21 57 11 13 
384 11 24 58 10 10 
385 10 23 60 10 10 
386 12 23 43 11 8 
387 5 23 32 14 4 
388 8 23 38 17 5 
389 11 15 33 17 4 
390 9 11 23 16 5 
391 11 5 27 19 4 
392 10 5 23 25 3 
393 10 6 22 26 3 
394 10 6 21 28 3 
395 8 8 21 26 3 
396 10 10 17 19 2 
397 10 8 17 19 2 
398 10 6 16 20 2 
399 16 7 14 17 5 
400 10 8 12 14 5 
401 8 6 9 17 5 
402 5 8 10 12 6 
403 1 9 10 12 4 
404 2 8 8 12 3 
405 1 8 7 9 5 
406 0 5 9 5 6 
407 0 5 9 7 7 
408 0 6 9 8 6 
409 0 7 8 4 7 
410 0 7 7 4 8 
411 0 5 9 1 7 
412 0 9 7 1 4 
413 0 10 6 2 2 
414 0 11 6 3 2 
415 0 10 8 2 0 
416 0 8 7 3 0 
417 0 2 6 3 1 
418 0 2 7 3 1 
419 0 4 6 2 0 
420 0 4 5 2 0 
421 0 2 2 2 0 
422 0 2 2 0 0 
423 0 2 2 0 0 
424 0 3 0 0 0 
425 0 5 0 0 0 
426 0 1 0 0 0 
427 0 0 0 0 0 
