1 0 12 0 0 0 
2 0 15 0 0 0 
3 0 20 0 0 0 
4 0 20 1 0 0 
5 1 18 1 0 0 
6 2 16 2 0 0 
7 3 13 3 0 0 
8 3 13 3 2 0 
9 2 13 5 2 0 
10 0 15 6 3 0 
11 2 15 8 3 0 
12 3 14 10 4 0 
13 3 13 14 4 0 
14 5 14 17 5 1 
15 7 20 13 6 3 
16 6 26 18 6 5 
17 6 29 15 9 8 
18 9 25 14 11 8 
19 12 26 17 9 10 
20 16 29 22 10 9 
21 17 32 16 8 7 
22 15 31 17 12 7 
23 8 31 16 18 5 
24 10 34 20 18 3 
25 13 41 21 14 2 
26 12 40 18 17 1 
27 11 36 17 16 4 
28 12 39 18 16 1 
29 15 44 16 21 0 
30 17 47 21 24 0 
31 14 53 16 24 0 
32 14 58 23 30 0 
33 17 57 22 40 0 
34 21 72 18 42 0 
35 26 85 16 54 0 
36 26 83 19 64 0 
37 23 99 18 66 2 
38 23 99 22 73 6 
39 25 116 16 77 11 
40 31 124 21 73 16 
41 22 148 23 69 15 
42 32 159 26 72 12 
43 33 182 24 65 12 
44 40 207 25 65 14 
45 42 220 29 63 15 
46 33 204 35 79 9 
47 31 225 38 83 10 
48 29 242 44 99 10 
49 38 248 44 115 7 
50 45 264 46 125 3 
51 43 287 48 139 5 
52 46 311 58 144 7 
53 56 311 80 156 9 
54 57 312 85 179 15 
55 59 359 84 186 19 
56 64 378 85 175 17 
57 63 381 94 195 16 
58 66 385 101 214 15 
59 68 422 113 230 14 
60 87 423 126 241 14 
61 98 455 120 257 14 
62 106 452 135 259 16 
63 107 457 157 269 20 
64 99 500 184 271 28 
65 105 524 195 265 30 
66 104 546 204 260 25 
67 101 574 213 262 26 
68 89 607 241 285 36 
69 78 635 261 293 37 
70 81 663 259 298 43 
71 104 712 265 296 45 
72 107 774 272 318 47 
73 121 863 292 325 57 
74 124 895 310 324 57 
75 158 945 347 337 54 
76 141 970 357 358 58 
77 156 1027 366 378 59 
78 160 1102 400 380 55 
79 161 1121 432 411 54 
80 169 1142 485 425 53 
81 179 1209 514 484 59 
82 208 1215 508 505 55 
83 240 1190 533 546 54 
84 268 1249 538 573 64 
85 262 1312 609 632 59 
86 262 1354 680 687 65 
87 271 1439 690 731 63 
88 275 1484 710 786 67 
89 296 1573 752 844 68 
90 298 1667 796 922 75 
91 296 1755 830 940 74 
92 340 1897 838 1015 80 
93 353 1996 905 1054 83 
94 367 2100 937 1092 81 
95 360 2202 952 1218 93 
96 378 2372 988 1303 99 
97 425 2409 1019 1331 95 
98 455 2451 1060 1372 107 
99 499 2550 1139 1437 124 
100 503 2666 1200 1463 136 
101 510 2818 1261 1612 172 
102 553 2936 1363 1699 171 
103 572 3025 1420 1698 195 
104 602 3206 1490 1780 220 
105 602 3345 1571 1837 241 
106 649 3504 1673 1977 243 
107 710 3668 1748 2028 263 
108 756 3753 1848 2116 292 
109 820 3932 1925 2257 289 
110 840 4099 2048 2401 302 
111 933 4292 2197 2482 329 
112 963 4467 2244 2597 347 
113 1009 4601 2379 2724 361 
114 1088 4726 2444 2802 386 
115 1136 4927 2542 2990 408 
116 1203 5217 2608 3075 404 
117 1219 5397 2681 3185 425 
118 1265 5572 2863 3243 471 
119 1322 5688 2980 3402 459 
120 1347 5925 3127 3647 472 
121 1394 6077 3355 3816 497 
122 1433 6215 3478 4002 555 
123 1476 6355 3637 4175 576 
124 1539 6698 3813 4311 607 
125 1594 6931 3952 4469 666 
126 1686 7196 4212 4670 721 
127 1730 7455 4382 4890 747 
128 1797 7730 4493 5070 785 
129 1843 7966 4618 5320 841 
130 1936 8178 4845 5592 863 
131 1974 8415 5155 5757 916 
132 1963 8631 5372 6021 960 
133 2039 8827 5486 6305 1015 
134 2063 9095 5716 6684 1060 
135 2163 9281 5976 6935 1125 
136 2261 9446 6114 7253 1196 
137 2402 9735 6316 7519 1245 
138 2464 10075 6552 7833 1288 
139 2545 10296 6887 8021 1315 
140 2627 10403 7141 8272 1364 
141 2796 10651 7361 8658 1380 
142 2835 10808 7712 9005 1414 
143 2929 11007 8048 9279 1486 
144 3028 11187 8394 9523 1525 
145 3130 11406 8698 9864 1605 
146 3260 11535 8941 10165 1594 
147 3354 11520 9265 10476 1657 
148 3424 11735 9368 10953 1766 
149 3502 11757 9573 11122 1811 
150 3567 11854 9993 11372 1919 
151 3639 11864 10302 11644 1896 
152 3651 12031 10685 11907 1954 
153 3705 11972 10989 12090 2047 
154 3853 12002 11222 12313 2112 
155 3885 12019 11441 12581 2174 
156 3930 12016 11630 12780 2254 
157 4060 12033 12035 12951 2328 
158 4088 11980 12288 13312 2409 
159 4217 11683 12689 13506 2474 
160 4439 11595 12993 13831 2562 
161 4505 11614 13318 13956 2646 
162 4558 11436 13482 14267 2705 
163 4670 11341 13647 14296 2754 
164 4712 11317 13830 14550 2801 
165 4698 11103 13996 14626 2882 
166 4637 11029 14251 14831 2940 
167 4653 10938 14462 14937 2969 
168 4650 10726 14606 15122 2959 
169 4686 10627 14887 15162 3016 
170 4625 10615 15040 15189 3017 
171 4638 10519 15104 15147 3015 
172 4652 10374 15108 15218 3067 
173 4775 10325 15264 15190 3067 
174 4849 10188 15430 15163 3104 
175 4778 10021 15543 15191 3061 
176 4866 9845 15613 15124 3103 
177 4902 9495 15496 14953 3121 
178 4896 9341 15367 14957 3088 
179 4798 9123 15327 14889 3011 
180 4749 8936 15124 14615 2998 
181 4681 8704 15011 14456 3042 
182 4605 8460 14941 14358 3067 
183 4566 8267 14946 14291 3034 
184 4464 8072 14959 14091 2959 
185 4464 7921 14824 13824 2956 
186 4367 7671 14731 13696 2956 
187 4425 7494 14803 13264 2873 
188 4328 7500 14635 13142 2870 
189 4303 7318 14562 13069 2863 
190 4299 7200 14389 13112 2744 
191 4195 6985 14091 12862 2681 
192 4162 6651 13854 12803 2589 
193 4060 6514 13731 12633 2549 
194 3917 6254 13553 12537 2489 
195 3881 6206 13214 12165 2493 
196 3804 6035 12971 11822 2430 
197 3680 5780 12705 11538 2342 
198 3675 5642 12491 11124 2321 
199 3590 5575 12162 10885 2282 
200 3602 5483 11942 10814 2236 
201 3459 5286 11741 10474 2200 
202 3364 5043 11491 10139 2152 
203 3322 4979 11199 9771 2185 
204 3291 4711 10988 9547 2132 
205 3207 4635 10683 9196 2060 
206 3130 4447 10408 8860 2017 
207 3103 4247 10289 8636 1972 
208 3003 4131 10048 8485 1843 
209 2904 3949 9765 8320 1811 
210 2779 3815 9484 8086 1801 
211 2704 3817 9266 7984 1765 
212 2653 3685 8969 7773 1744 
213 2598 3552 8652 7565 1673 
214 2597 3395 8590 7415 1645 
215 2543 3250 8402 7125 1569 
216 2455 3143 8123 6939 1491 
217 2360 2952 8024 6729 1465 
218 2342 2939 7670 6519 1417 
219 2277 2852 7266 6376 1347 
220 2113 2738 7073 6129 1301 
221 2008 2592 6975 5888 1251 
222 1938 2515 6683 5735 1226 
223 1848 2458 6555 5623 1144 
224 1799 2342 6198 5477 1083 
225 1709 2272 5917 5268 1084 
226 1689 2158 5821 5155 1080 
227 1644 2095 5668 4966 1043 
228 1577 1997 5474 4852 1011 
229 1543 1926 5283 4626 984 
230 1422 1835 5094 4471 933 
231 1410 1744 4948 4195 902 
232 1357 1714 4723 4038 870 
233 1313 1658 4541 3847 850 
234 1237 1545 4320 3755 819 
235 1199 1509 4161 3595 791 
236 1182 1440 3997 3419 745 
237 1129 1399 3880 3266 724 
238 1058 1353 3764 3131 716 
239 1021 1314 3580 3040 655 
240 1021 1269 3435 2887 640 
241 926 1232 3352 2753 621 
242 916 1178 3204 2612 562 
243 890 1168 3075 2542 558 
244 849 1132 2941 2360 550 
245 827 1071 2778 2202 565 
246 744 1044 2620 2129 513 
247 735 1040 2427 2056 494 
248 696 990 2341 1956 485 
249 668 951 2224 1838 453 
250 647 903 2209 1820 466 
251 640 872 2140 1692 441 
252 593 826 2068 1652 417 
253 554 801 1991 1586 392 
254 563 786 1897 1545 399 
255 530 751 1743 1446 364 
256 549 723 1618 1394 341 
257 542 694 1545 1303 345 
258 549 676 1491 1283 307 
259 516 651 1411 1207 307 
260 478 629 1354 1165 274 
261 472 625 1317 1105 267 
262 414 608 1225 1058 259 
263 415 584 1159 977 237 
264 386 544 1104 953 233 
265 379 514 1093 897 233 
266 354 455 1114 861 216 
267 318 433 1068 839 220 
268 282 410 1016 831 206 
269 258 393 988 781 189 
270 249 378 965 770 180 
271 258 353 939 758 164 
272 236 347 929 699 157 
273 221 335 869 631 156 
274 218 328 819 604 150 
275 200 293 791 562 159 
276 182 279 782 561 146 
277 180 252 720 549 137 
278 183 251 688 517 119 
279 162 251 662 502 116 
280 175 206 647 482 123 
281 189 212 627 443 122 
282 171 198 592 460 116 
283 164 201 559 457 116 
284 167 183 535 442 110 
285 162 163 484 424 110 
286 152 154 454 386 98 
287 133 153 456 385 90 
288 115 165 393 366 87 
289 118 136 390 363 84 
290 101 123 359 316 89 
291 110 110 329 288 75 
292 98 96 285 265 78 
293 89 87 291 264 76 
294 74 97 255 252 69 
295 71 97 255 257 62 
296 66 90 211 244 60 
297 64 79 198 253 55 
298 56 81 189 237 55 
299 54 78 175 223 65 
300 46 79 184 219 55 
301 55 69 170 208 54 
302 50 69 186 199 63 
303 48 62 169 195 57 
304 46 53 168 200 61 
305 47 55 159 194 58 
306 50 52 142 199 53 
307 50 55 151 199 44 
308 57 52 153 207 39 
309 52 53 155 189 38 
310 50 52 141 174 29 
311 41 46 127 171 31 
312 34 43 127 171 29 
313 29 44 122 158 28 
314 24 48 109 155 25 
315 21 53 110 161 24 
316 21 50 124 143 26 
317 26 42 101 126 25 
318 22 42 102 118 26 
319 24 32 93 115 23 
320 29 26 94 105 21 
321 24 30 93 111 20 
322 28 33 107 106 22 
323 24 30 92 91 21 
324 22 33 87 84 23 
325 18 37 83 79 18 
326 20 33 88 81 14 
327 20 35 82 79 14 
328 18 42 75 73 16 
329 21 38 78 74 15 
330 21 36 75 75 19 
331 18 42 81 74 16 
332 21 48 73 75 18 
333 20 48 67 73 21 
334 25 38 61 67 20 
335 27 42 57 71 28 
336 25 33 64 61 35 
337 23 32 58 51 33 
338 24 30 59 42 27 
339 31 31 54 43 27 
340 25 33 51 45 28 
341 21 29 54 44 32 
342 17 29 46 46 25 
343 17 34 42 50 22 
344 19 32 39 53 20 
345 19 29 38 52 24 
346 22 27 34 51 23 
347 18 39 29 62 22 
348 16 33 30 61 21 
349 16 29 25 53 21 
350 12 24 25 62 22 
351 17 24 25 61 21 
352 11 25 24 50 19 
353 10 24 23 47 24 
354 12 24 19 51 21 
355 9 21 22 54 18 
356 8 23 23 56 19 
357 6 18 20 62 18 
358 6 20 15 61 16 
359 5 19 20 55 10 
360 5 25 16 54 7 
361 6 26 22 52 6 
362 6 27 21 48 6 
363 8 20 20 44 3 
364 6 23 21 47 7 
365 5 20 22 46 8 
366 4 21 21 47 7 
367 3 18 22 41 5 
368 5 15 18 43 5 
369 5 14 21 35 4 
370 3 10 27 35 5 
371 3 7 26 39 4 
372 3 5 22 37 3 
373 1 5 19 27 2 
374 2 2 15 28 1 
375 2 1 16 24 0 
376 1 1 14 24 0 
377 1 2 17 20 0 
378 2 1 17 18 0 
379 2 2 22 17 0 
380 2 1 18 19 0 
381 3 2 16 25 0 
382 2 3 18 23 0 
383 2 2 20 24 0 
384 1 1 16 23 0 
385 2 1 12 24 0 
386 2 1 9 17 0 
387 1 1 9 15 0 
388 0 1 9 14 0 
389 0 1 10 11 0 
390 0 1 8 13 0 
391 0 1 4 14 0 
392 0 0 6 12 0 
393 0 0 6 11 0 
394 0 0 6 13 0 
395 0 0 5 16 0 
396 0 1 4 15 0 
397 0 2 3 15 0 
398 0 3 7 14 0 
399 0 5 5 16 0 
400 0 5 7 19 1 
401 0 1 5 16 1 
402 0 2 3 9 1 
403 1 0 3 10 1 
404 1 0 4 13 0 
405 0 1 1 13 0 
406 0 0 1 18 0 
407 0 0 1 15 0 
408 0 0 3 14 0 
409 1 0 5 14 0 
410 1 0 4 13 0 
411 1 0 6 14 0 
412 1 0 3 13 0 
413 1 0 2 14 0 
414 1 0 3 20 0 
415 2 0 2 24 0 
416 2 0 3 20 0 
417 1 0 4 14 0 
418 1 1 4 13 0 
419 1 1 2 11 0 
420 1 0 1 13 0 
421 1 0 1 14 0 
422 3 0 0 14 0 
423 2 0 0 12 0 
424 4 0 0 8 0 
425 3 0 2 6 0 
426 3 0 1 6 0 
427 1 0 2 7 0 
428 1 1 1 6 0 
429 1 0 0 7 0 
430 0 0 0 9 0 
431 0 0 1 6 0 
432 1 0 2 5 0 
433 0 0 1 6 0 
434 1 0 2 5 0 
435 1 0 1 10 0 
436 1 0 1 9 0 
437 0 0 0 6 0 
438 0 0 0 4 0 
439 0 0 0 4 0 
440 0 0 0 4 0 
441 0 0 0 8 0 
442 0 0 0 10 0 
443 0 0 0 7 0 
444 0 0 0 4 0 
445 0 0 0 3 0 
446 0 0 0 3 0 
447 0 0 0 4 0 
448 0 0 0 2 0 
449 0 0 0 3 0 
450 0 0 1 2 0 
451 0 0 1 2 0 
452 0 0 1 3 0 
453 0 0 0 3 0 
454 0 0 0 4 0 
455 0 0 0 4 0 
456 0 0 0 4 0 
457 0 0 0 5 0 
458 0 0 0 5 0 
459 0 0 0 6 0 
460 0 0 1 6 0 
461 1 0 0 8 0 
462 1 0 0 9 0 
463 1 0 1 9 0 
464 0 0 1 9 0 
465 0 0 1 10 0 
466 0 0 0 9 0 
467 0 0 0 7 0 
468 0 0 0 7 0 
469 0 0 0 5 0 
470 0 0 0 3 0 
471 0 0 0 3 0 
472 0 0 1 1 0 
473 0 0 2 0 0 
474 0 0 2 0 0 
475 0 0 2 0 0 
476 0 0 0 0 0 
