1 0 3 0 0 0 
2 0 4 0 0 0 
3 0 4 0 0 0 
4 0 1 0 0 0 
5 1 4 0 0 0 
6 0 7 0 0 0 
7 0 2 0 0 0 
8 0 2 0 0 0 
9 0 1 0 0 0 
10 0 3 0 0 0 
11 0 3 1 0 0 
12 0 3 1 0 0 
13 0 6 0 0 0 
14 0 7 0 0 0 
15 0 10 0 0 0 
16 0 8 0 0 0 
17 0 6 0 0 0 
18 0 9 0 0 0 
19 2 13 0 1 0 
20 0 16 0 1 0 
21 1 7 1 0 0 
22 0 8 0 2 0 
23 1 6 0 2 0 
24 0 11 0 3 0 
25 1 7 2 2 0 
26 0 9 1 3 0 
27 2 6 2 1 1 
28 0 8 1 0 0 
29 0 7 2 4 0 
30 1 3 5 2 2 
31 2 3 3 1 1 
32 2 3 2 3 0 
33 2 5 4 6 1 
34 3 4 6 2 0 
35 1 5 10 5 1 
36 0 7 2 3 2 
37 3 6 6 4 2 
38 2 4 3 7 0 
39 1 5 4 2 1 
40 2 10 8 3 0 
41 1 9 9 4 1 
42 0 11 5 2 3 
43 2 18 10 8 4 
44 1 13 12 6 1 
45 0 15 8 6 0 
46 6 5 8 6 1 
47 5 9 10 6 0 
48 4 9 11 9 0 
49 2 15 8 11 0 
50 5 13 5 8 0 
51 7 15 4 9 0 
52 4 22 5 5 0 
53 2 26 8 14 0 
54 7 26 6 12 0 
55 3 41 5 12 1 
56 6 35 8 11 1 
57 10 33 9 16 1 
58 9 35 10 18 1 
59 6 39 7 16 2 
60 9 45 11 16 1 
61 9 36 14 14 5 
62 5 38 15 16 1 
63 18 51 19 23 2 
64 11 54 16 21 3 
65 13 52 22 25 2 
66 10 67 21 26 1 
67 5 82 21 34 3 
68 10 74 22 34 2 
69 12 79 33 50 7 
70 15 83 33 34 3 
71 14 90 39 54 2 
72 11 80 27 68 2 
73 17 88 39 56 1 
74 21 85 51 60 5 
75 14 84 47 64 5 
76 21 98 58 52 5 
77 25 109 51 70 3 
78 25 117 59 63 6 
79 35 110 63 68 7 
80 25 130 65 75 8 
81 30 123 55 71 7 
82 30 155 81 69 0 
83 28 181 90 78 7 
84 27 164 76 89 11 
85 38 174 81 99 11 
86 42 204 102 95 16 
87 34 202 110 81 17 
88 44 199 107 110 21 
89 31 217 111 103 20 
90 37 236 120 116 10 
91 37 257 140 133 12 
92 52 243 137 114 30 
93 42 286 143 129 20 
94 59 343 154 147 9 
95 51 305 159 160 20 
96 68 360 176 182 22 
97 65 356 178 177 17 
98 67 353 183 184 26 
99 62 381 207 185 24 
100 80 410 216 177 31 
101 73 433 231 183 25 
102 85 466 209 206 35 
103 89 498 252 218 30 
104 103 505 264 242 49 
105 90 532 283 268 57 
106 111 546 302 286 44 
107 105 584 287 303 56 
108 129 638 324 309 68 
109 134 667 351 368 61 
110 123 707 336 337 58 
111 128 743 326 352 54 
112 136 734 386 416 65 
113 155 791 348 415 67 
114 146 868 379 440 79 
115 173 848 410 494 82 
116 157 893 447 476 60 
117 181 974 436 503 60 
118 203 994 548 523 80 
119 204 1059 503 554 86 
120 218 1094 501 543 78 
121 224 1112 565 551 93 
122 218 1217 581 580 101 
123 234 1295 595 706 106 
124 256 1374 693 689 108 
125 294 1392 685 744 111 
126 290 1417 748 767 134 
127 303 1405 773 779 113 
128 320 1487 768 936 134 
129 330 1570 813 935 133 
130 332 1699 876 961 145 
131 366 1791 928 1039 151 
132 408 1732 983 1055 161 
133 395 1901 1029 1091 147 
134 415 1968 1075 1193 153 
135 407 2136 1130 1241 162 
136 486 2239 1255 1403 172 
137 449 2218 1331 1448 191 
138 525 2393 1300 1453 159 
139 527 2336 1366 1473 184 
140 619 2567 1492 1603 198 
141 623 2568 1578 1644 226 
142 618 2716 1665 1718 214 
143 619 2819 1680 1768 259 
144 647 2907 1743 1895 240 
145 723 2939 1898 1969 259 
146 717 3116 1948 2035 292 
147 767 3096 2046 2119 277 
148 810 3240 2164 2187 300 
149 892 3432 2165 2277 321 
150 814 3393 2223 2528 329 
151 875 3489 2308 2575 367 
152 935 3480 2477 2660 392 
153 922 3610 2520 2694 390 
154 989 3787 2610 2897 452 
155 939 3708 2735 2870 467 
156 1039 3756 2904 3086 500 
157 1098 3801 2945 3244 425 
158 1103 3991 3129 3261 491 
159 1163 4068 3234 3435 514 
160 1143 4083 3264 3578 582 
161 1267 4081 3405 3647 549 
162 1244 4066 3534 3703 605 
163 1297 4115 3668 3819 686 
164 1344 4290 3754 3848 648 
165 1353 4199 3856 3968 628 
166 1423 4341 4064 4100 710 
167 1464 4259 4135 4209 719 
168 1476 4260 4152 4394 725 
169 1474 4242 4235 4370 773 
170 1538 4320 4489 4496 786 
171 1531 4445 4433 4625 752 
172 1686 4272 4645 4710 803 
173 1584 4318 4637 4615 841 
174 1653 4281 4696 4872 857 
175 1646 4148 4893 4821 820 
176 1697 4229 4960 4991 851 
177 1658 4073 4913 5198 882 
178 1654 4037 5048 5139 904 
179 1749 4093 5230 5180 902 
180 1714 3957 5234 5353 905 
181 1806 3934 5249 5294 913 
182 1745 3942 5417 5362 990 
183 1646 3843 5347 5406 907 
184 1682 3813 5348 5425 957 
185 1711 3867 5443 5335 1039 
186 1735 3775 5719 5458 983 
187 1700 3652 5545 5470 1044 
188 1735 3535 5602 5236 1014 
189 1800 3473 5549 5312 1016 
190 1757 3493 5486 5356 1027 
191 1675 3496 5425 5292 985 
192 1663 3350 5327 5248 1030 
193 1735 3332 5362 5175 977 
194 1692 3273 5454 5141 1013 
195 1757 3070 5316 5054 1000 
196 1637 3070 5233 5082 1001 
197 1605 2946 5204 5150 950 
198 1633 2921 5096 5081 1013 
199 1645 2851 5077 4991 947 
200 1620 2660 4999 4905 967 
201 1607 2581 5083 4803 944 
202 1668 2579 5024 4751 962 
203 1612 2410 4840 4705 938 
204 1503 2397 4828 4468 927 
205 1501 2326 4700 4623 864 
206 1475 2283 4673 4409 865 
207 1427 2160 4595 4350 933 
208 1445 2162 4512 4331 870 
209 1409 2096 4397 4004 826 
210 1294 1940 4227 4116 835 
211 1382 1851 4181 3985 898 
212 1294 1859 4031 3878 862 
213 1295 1792 3942 3776 826 
214 1283 1734 3857 3585 787 
215 1293 1722 3758 3558 802 
216 1113 1687 3679 3365 800 
217 1116 1598 3606 3356 782 
218 1160 1565 3510 3257 698 
219 1062 1442 3388 3177 751 
220 1037 1424 3272 3069 751 
221 1045 1384 3109 2993 684 
222 969 1331 3048 2907 711 
223 956 1377 2887 2678 623 
224 977 1236 2763 2764 660 
225 885 1208 2873 2604 623 
226 897 1168 2744 2568 625 
227 810 1119 2576 2371 586 
228 790 1079 2510 2315 604 
229 765 1012 2439 2140 547 
230 690 1038 2405 2113 586 
231 708 961 2316 1937 537 
232 705 971 2114 1959 476 
233 630 917 2064 1871 481 
234 633 868 1971 1846 452 
235 592 830 2015 1797 452 
236 650 853 1903 1729 398 
237 554 778 1840 1571 422 
238 542 716 1788 1590 353 
239 527 685 1739 1614 370 
240 527 682 1712 1489 366 
241 496 672 1666 1405 322 
242 448 593 1553 1358 310 
243 474 585 1465 1380 310 
244 447 564 1375 1271 304 
245 415 534 1339 1110 298 
246 415 507 1308 1102 272 
247 382 479 1229 1061 283 
248 374 483 1176 1043 262 
249 311 450 1215 980 233 
250 302 453 1054 962 232 
251 307 429 965 869 213 
252 306 376 885 897 222 
253 276 361 858 858 216 
254 248 366 836 822 208 
255 236 324 835 754 203 
256 252 307 773 728 176 
257 227 318 776 704 193 
258 218 315 759 699 168 
259 237 305 660 658 155 
260 209 252 692 600 139 
261 217 264 656 593 136 
262 198 240 614 550 134 
263 176 242 599 576 145 
264 176 248 557 492 122 
265 143 256 563 469 119 
266 164 225 546 464 124 
267 186 201 478 456 106 
268 142 179 489 424 122 
269 145 191 486 375 104 
270 173 179 443 390 111 
271 139 125 429 392 99 
272 139 149 403 372 104 
273 135 140 397 364 102 
274 118 133 401 335 88 
275 119 109 354 322 115 
276 107 115 353 302 72 
277 102 107 308 295 88 
278 90 95 322 278 75 
279 93 102 283 287 89 
280 92 87 319 270 70 
281 86 98 282 252 81 
282 92 67 279 222 68 
283 71 83 234 215 63 
284 88 64 265 216 61 
285 69 62 254 202 59 
286 69 62 215 211 64 
287 66 64 235 205 41 
288 67 53 181 182 47 
289 57 54 176 161 45 
290 59 51 172 172 41 
291 51 42 139 134 45 
292 55 34 153 151 45 
293 53 38 129 131 43 
294 64 44 116 121 33 
295 63 33 135 116 37 
296 33 34 125 97 32 
297 40 31 143 92 29 
298 51 32 127 88 38 
299 38 26 99 103 39 
300 26 19 106 85 21 
301 27 31 90 79 23 
302 22 31 87 79 17 
303 31 29 73 95 15 
304 31 16 82 72 10 
305 40 24 72 64 19 
306 20 23 67 60 12 
307 29 21 76 60 16 
308 29 17 67 54 7 
309 21 16 75 58 8 
310 18 16 59 50 8 
311 16 14 61 47 12 
312 17 17 63 50 6 
313 22 16 52 40 13 
314 14 13 49 37 9 
315 11 16 60 41 6 
316 18 21 37 39 9 
317 9 11 42 35 3 
318 6 15 46 36 5 
319 10 13 45 36 3 
320 12 18 35 49 1 
321 10 9 44 34 1 
322 7 12 30 39 7 
323 10 13 30 27 2 
324 15 14 28 25 2 
325 5 12 29 17 2 
326 11 13 26 29 2 
327 8 11 31 30 4 
328 6 11 34 25 1 
329 3 8 22 25 4 
330 4 13 35 17 0 
331 8 4 22 14 2 
332 4 7 25 19 2 
333 2 7 12 14 1 
334 1 10 25 6 3 
335 5 4 17 5 0 
336 6 5 10 6 0 
337 7 9 13 7 4 
338 6 6 8 9 2 
339 6 13 11 5 0 
340 4 9 8 8 2 
341 1 12 11 5 2 
342 3 14 17 7 0 
343 2 13 14 9 2 
344 2 5 17 6 0 
345 3 14 23 5 0 
346 5 8 18 3 0 
347 1 10 16 5 1 
348 2 7 23 5 1 
349 4 9 21 2 0 
350 4 4 14 1 0 
351 3 7 24 2 2 
352 4 7 15 1 0 
353 5 2 7 4 0 
354 2 3 11 3 1 
355 3 4 14 5 0 
356 2 3 9 4 0 
357 5 1 16 3 1 
358 2 2 11 1 1 
359 6 2 13 4 1 
360 1 2 14 3 0 
361 4 1 16 4 0 
362 2 0 14 3 0 
363 4 1 14 1 0 
364 3 1 12 4 0 
365 3 1 18 2 0 
366 3 0 8 3 0 
367 2 0 11 1 0 
368 3 0 5 0 0 
369 0 2 11 6 0 
370 1 0 6 0 0 
371 0 2 6 0 0 
372 0 0 10 0 0 
373 1 0 8 0 1 
374 1 0 5 1 0 
375 0 0 8 0 0 
376 0 0 4 1 0 
377 2 0 8 0 0 
378 1 0 8 3 0 
379 4 0 7 0 0 
380 1 0 7 1 0 
381 3 0 5 2 0 
382 0 0 8 0 0 
383 0 0 7 0 0 
384 1 0 3 0 0 
385 0 0 3 0 0 
386 0 0 1 0 0 
387 0 0 0 0 0 
388 0 0 1 0 0 
389 0 0 1 0 0 
390 0 0 0 0 0 
391 0 0 0 0 0 
392 0 0 3 0 0 
393 0 0 0 0 0 
394 0 0 0 0 0 
395 0 0 1 0 0 
396 0 0 0 0 0 
