1 0 12 0 0 0 
2 0 11 0 0 0 
3 0 12 0 0 0 
4 0 13 0 0 0 
5 0 12 0 0 0 
6 0 12 1 0 0 
7 0 13 1 0 0 
8 1 16 0 0 0 
9 1 20 2 0 0 
10 1 18 1 0 0 
11 4 21 1 0 0 
12 3 21 2 1 0 
13 2 21 3 3 0 
14 6 20 2 6 0 
15 10 24 2 3 0 
16 11 21 2 6 0 
17 6 29 2 6 0 
18 2 24 2 5 0 
19 3 30 3 5 0 
20 2 32 7 6 0 
21 2 32 9 5 0 
22 2 30 6 5 0 
23 2 32 6 4 0 
24 4 30 6 8 0 
25 2 36 9 13 1 
26 4 34 9 21 0 
27 5 39 14 21 0 
28 7 43 12 18 0 
29 8 49 10 20 0 
30 5 46 7 22 0 
31 6 46 9 15 0 
32 8 48 12 20 1 
33 8 54 18 17 2 
34 6 52 29 16 2 
35 7 62 29 20 3 
36 7 50 35 28 2 
37 15 56 43 29 3 
38 17 56 53 26 3 
39 21 44 60 24 4 
40 26 38 60 25 5 
41 29 46 65 21 7 
42 27 48 70 25 9 
43 25 47 73 27 9 
44 30 56 93 30 8 
45 29 63 94 27 7 
46 29 62 114 27 8 
47 23 71 108 32 10 
48 31 77 105 33 14 
49 34 82 106 34 15 
50 41 90 104 41 13 
51 40 91 110 35 9 
52 38 113 119 29 9 
53 42 124 113 27 12 
54 43 140 116 31 6 
55 38 141 132 43 9 
56 40 142 146 46 8 
57 40 138 146 44 8 
58 38 139 148 49 6 
59 34 150 166 52 6 
60 33 146 182 65 10 
61 32 166 186 63 8 
62 38 160 182 75 8 
63 48 177 184 81 10 
64 53 201 195 94 13 
65 52 196 214 103 14 
66 61 200 233 107 15 
67 57 196 242 108 17 
68 58 218 255 110 24 
69 65 209 269 119 26 
70 69 207 238 127 27 
71 73 219 251 140 33 
72 67 256 262 150 32 
73 69 264 288 151 29 
74 61 292 291 186 32 
75 63 324 313 170 35 
76 65 340 319 177 28 
77 62 362 351 188 39 
78 68 391 359 191 44 
79 73 421 343 216 46 
80 72 448 350 216 41 
81 77 497 369 251 36 
82 72 511 425 287 35 
83 84 512 426 293 39 
84 85 531 449 302 37 
85 77 578 474 308 46 
86 81 626 485 348 41 
87 90 640 452 366 44 
88 88 654 488 420 49 
89 105 682 481 457 48 
90 104 726 509 461 49 
91 115 743 515 454 52 
92 138 784 537 472 67 
93 151 839 569 491 70 
94 159 883 605 552 66 
95 171 916 657 556 74 
96 194 967 722 604 78 
97 179 1028 772 618 81 
98 197 1075 824 667 90 
99 196 1133 859 693 112 
100 221 1157 896 731 114 
101 241 1222 932 767 124 
102 275 1266 953 844 134 
103 267 1341 962 885 153 
104 276 1392 968 950 150 
105 305 1439 972 952 157 
106 327 1461 1016 967 180 
107 328 1506 1027 998 195 
108 355 1604 1079 1064 195 
109 352 1660 1081 1091 191 
110 351 1715 1117 1164 185 
111 424 1805 1130 1244 176 
112 432 1879 1148 1273 181 
113 421 1961 1192 1391 201 
114 430 2113 1203 1486 216 
115 441 2238 1231 1556 229 
116 457 2364 1330 1616 253 
117 474 2536 1404 1730 248 
118 512 2642 1474 1769 264 
119 525 2887 1561 1860 277 
120 577 3095 1706 1972 288 
121 612 3264 1779 2104 311 
122 673 3362 1932 2272 337 
123 706 3420 2004 2338 352 
124 727 3512 2012 2484 400 
125 758 3711 2113 2586 436 
126 790 3885 2212 2730 450 
127 837 4033 2281 2797 449 
128 884 4334 2402 2931 455 
129 960 4590 2511 3041 508 
130 990 4741 2609 3208 525 
131 1013 4915 2800 3358 534 
132 1081 5087 2998 3517 551 
133 1160 5290 3125 3779 579 
134 1158 5440 3296 3881 597 
135 1256 5639 3402 4117 633 
136 1317 5906 3593 4404 674 
137 1409 6159 3803 4574 700 
138 1474 6488 3971 4744 714 
139 1525 6633 4154 4935 784 
140 1623 6827 4455 5092 851 
141 1736 6962 4663 5331 878 
142 1808 7222 4887 5514 928 
143 1917 7483 5101 5760 956 
144 1998 7787 5340 6122 1006 
145 2097 8091 5538 6395 1059 
146 2131 8339 5703 6853 1128 
147 2219 8470 6031 7090 1130 
148 2248 8667 6195 7379 1164 
149 2306 8821 6455 7640 1224 
150 2372 8991 6616 7890 1281 
151 2443 9276 6748 8063 1393 
152 2552 9533 7064 8218 1430 
153 2668 9853 7295 8323 1468 
154 2773 10004 7599 8523 1506 
155 2795 10209 7999 8646 1606 
156 2846 10576 8172 8877 1652 
157 2932 10754 8447 9208 1678 
158 3045 11003 8782 9366 1681 
159 3088 11141 8988 9600 1698 
160 3160 11239 9161 9825 1773 
161 3232 11552 9504 10172 1835 
162 3356 11734 9860 10507 1901 
163 3406 11889 10156 10679 1965 
164 3548 11953 10500 10857 2048 
165 3635 12029 10898 11250 2105 
166 3724 12002 11083 11565 2184 
167 3822 12099 11331 11901 2332 
168 3979 12223 11776 12362 2378 
169 4038 12408 12282 12656 2402 
170 4100 12562 12554 13071 2425 
171 4199 12591 13049 13329 2472 
172 4281 12596 13413 13625 2558 
173 4350 12527 13557 13727 2641 
174 4380 12468 13734 13842 2578 
175 4431 12674 14026 14020 2556 
176 4524 12529 14182 14199 2581 
177 4627 12353 14622 14289 2639 
178 4638 12056 14567 14581 2770 
179 4760 12040 14750 14867 2761 
180 4858 12033 14808 14923 2734 
181 4876 11895 15007 15036 2806 
182 4938 11858 14972 15119 2883 
183 4971 11763 15097 15157 2881 
184 4903 11626 15147 15354 2894 
185 4920 11522 15047 15510 2850 
186 4866 11486 15071 15448 2893 
187 4710 11289 15441 15325 2930 
188 4649 11047 15575 15293 2907 
189 4634 10783 15581 15286 2970 
190 4523 10722 15472 15346 2928 
191 4581 10402 15410 15235 3003 
192 4673 10185 15527 15202 2993 
193 4639 10068 15489 15150 2988 
194 4542 9999 15437 15064 2937 
195 4570 9880 15403 15105 2988 
196 4645 9631 15300 14931 2989 
197 4596 9353 15258 14902 3007 
198 4517 9191 14949 14800 2972 
199 4439 9038 14758 14519 3010 
200 4476 8738 14699 14244 2973 
201 4415 8372 14501 14018 2964 
202 4341 8170 14366 13881 2833 
203 4416 8020 14120 13762 2722 
204 4487 7857 14046 13549 2681 
205 4377 7644 13816 13304 2613 
206 4276 7420 13645 13168 2531 
207 4189 7209 13406 12820 2508 
208 4085 6947 13198 12614 2490 
209 4051 6831 13081 12354 2473 
210 3984 6602 12753 12128 2429 
211 3974 6373 12431 11753 2373 
212 3877 6153 12270 11433 2308 
213 3753 5986 11962 11146 2219 
214 3694 5827 11619 10879 2229 
215 3613 5624 11303 10669 2140 
216 3559 5439 10983 10287 2091 
217 3427 5227 10859 9984 2046 
218 3370 5077 10464 9772 1994 
219 3281 4927 10215 9587 1918 
220 3206 4829 9938 9312 1815 
221 3134 4753 9704 9144 1791 
222 2986 4548 9351 8986 1726 
223 2870 4270 8949 8792 1652 
224 2816 4077 8665 8526 1623 
225 2670 3925 8311 8206 1592 
226 2588 3837 8109 7949 1543 
227 2467 3659 7865 7836 1499 
228 2368 3544 7752 7578 1456 
229 2229 3489 7369 7306 1431 
230 2157 3320 7326 7052 1374 
231 2084 3194 7132 6692 1369 
232 1991 3158 6871 6481 1328 
233 1910 2974 6592 6187 1316 
234 1896 2822 6338 6093 1277 
235 1832 2696 6099 5899 1233 
236 1782 2529 6011 5551 1145 
237 1722 2375 5766 5262 1145 
238 1653 2296 5626 5181 1105 
239 1547 2208 5452 5074 1083 
240 1464 2140 5243 4874 1003 
241 1413 2065 5052 4693 983 
242 1369 1950 4914 4593 953 
243 1341 1854 4673 4420 898 
244 1278 1808 4535 4320 878 
245 1234 1722 4378 4179 841 
246 1235 1652 4211 4025 803 
247 1226 1565 4051 3840 762 
248 1209 1580 3870 3732 735 
249 1170 1582 3707 3562 704 
250 1088 1522 3475 3474 651 
251 1063 1473 3418 3317 596 
252 1048 1457 3288 3233 563 
253 1019 1343 3141 3080 530 
254 981 1271 3042 2882 481 
255 954 1218 2845 2753 468 
256 907 1134 2734 2618 448 
257 864 1055 2671 2496 437 
258 819 1018 2552 2345 448 
259 786 990 2404 2182 442 
260 744 936 2299 2107 458 
261 744 862 2196 2039 454 
262 733 857 2109 1963 456 
263 714 833 2000 1933 459 
264 685 808 1925 1844 445 
265 675 801 1766 1752 416 
266 602 799 1720 1719 398 
267 582 740 1622 1600 376 
268 570 690 1561 1567 367 
269 526 684 1484 1456 380 
270 475 667 1392 1437 359 
271 457 636 1348 1393 336 
272 430 625 1271 1337 308 
273 420 588 1274 1300 288 
274 362 561 1201 1255 296 
275 359 572 1125 1161 297 
276 359 556 1053 1132 312 
277 364 511 1032 1078 282 
278 374 497 975 1014 268 
279 403 451 958 926 261 
280 383 436 948 850 244 
281 359 407 950 788 235 
282 347 390 877 793 217 
283 337 327 867 740 211 
284 328 304 852 701 217 
285 305 300 832 648 213 
286 275 279 760 609 214 
287 259 285 728 580 197 
288 229 286 701 558 190 
289 216 270 683 558 169 
290 216 264 670 553 131 
291 206 271 630 530 114 
292 205 242 609 486 110 
293 193 236 578 463 98 
294 181 209 554 442 94 
295 185 198 551 458 105 
296 191 182 505 470 95 
297 179 182 486 465 85 
298 156 166 485 443 73 
299 137 141 464 429 61 
300 131 129 472 404 59 
301 119 129 452 371 49 
302 127 138 427 363 52 
303 109 140 408 327 45 
304 117 110 367 318 37 
305 120 99 360 300 41 
306 105 84 351 308 43 
307 107 81 343 293 45 
308 105 75 338 282 44 
309 96 80 344 244 50 
310 84 75 334 253 36 
311 71 69 316 252 32 
312 68 65 310 229 33 
313 60 78 315 208 33 
314 64 83 278 200 24 
315 61 69 242 194 25 
316 60 68 231 173 28 
317 54 67 232 148 25 
318 50 66 216 158 18 
319 46 67 214 132 18 
320 44 63 203 129 20 
321 45 57 199 121 19 
322 44 59 187 115 16 
323 51 65 176 109 15 
324 47 64 176 112 9 
325 39 69 187 100 11 
326 39 53 192 99 12 
327 41 46 175 105 11 
328 47 41 168 112 11 
329 49 44 160 98 13 
330 45 49 141 79 16 
331 40 38 133 85 13 
332 30 32 109 85 9 
333 22 33 96 67 12 
334 30 35 101 61 9 
335 29 37 103 58 7 
336 29 23 86 65 7 
337 26 18 76 57 8 
338 28 21 87 59 8 
339 31 25 70 62 4 
340 25 26 77 67 5 
341 24 35 64 69 3 
342 17 40 65 58 6 
343 20 35 63 58 6 
344 20 34 66 52 9 
345 17 30 59 40 11 
346 20 33 52 36 11 
347 24 33 49 31 19 
348 18 37 37 25 21 
349 16 38 43 26 19 
350 16 35 51 23 20 
351 21 32 50 23 20 
352 28 32 52 27 18 
353 20 28 41 22 15 
354 14 32 43 16 18 
355 14 36 40 10 20 
356 16 33 35 10 22 
357 12 33 34 10 24 
358 11 29 34 14 29 
359 10 31 37 16 27 
360 7 29 34 14 27 
361 5 34 38 11 25 
362 7 32 33 6 28 
363 6 29 35 8 22 
364 6 27 37 13 17 
365 5 27 38 10 16 
366 4 15 32 8 21 
367 6 14 30 10 19 
368 7 13 27 8 21 
369 9 12 28 4 17 
370 6 6 24 7 18 
371 5 8 21 5 18 
372 6 5 23 8 15 
373 8 4 24 11 14 
374 7 4 21 11 13 
375 5 7 16 9 14 
376 5 6 15 10 17 
377 3 4 15 9 21 
378 4 3 17 12 16 
379 2 3 22 10 16 
380 0 4 21 7 16 
381 2 2 17 5 17 
382 2 0 16 6 14 
383 2 0 15 5 11 
384 2 0 19 6 8 
385 3 0 15 6 9 
386 0 0 12 4 6 
387 0 0 10 4 5 
388 0 0 14 4 5 
389 0 0 16 2 3 
390 1 0 12 3 3 
391 1 1 11 2 5 
392 3 2 13 2 6 
393 2 5 11 2 4 
394 2 3 11 2 3 
395 2 1 10 2 4 
396 3 0 10 3 5 
397 3 0 11 1 7 
398 3 0 11 0 7 
399 4 1 10 0 4 
400 4 1 10 0 4 
401 4 1 14 1 5 
402 3 0 15 1 5 
403 4 0 9 0 2 
404 5 0 7 0 1 
405 3 0 6 0 1 
406 2 0 7 0 0 
407 1 0 7 0 0 
408 1 0 7 1 0 
409 1 0 7 1 0 
410 0 0 10 1 0 
411 0 0 12 0 0 
412 0 0 12 0 0 
413 0 0 8 0 0 
414 0 0 8 0 0 
415 0 0 8 0 0 
416 0 0 8 0 0 
417 0 0 9 0 0 
418 0 0 9 0 0 
419 0 1 6 1 0 
420 0 1 5 2 0 
421 0 0 5 1 0 
422 0 0 4 2 0 
423 0 0 4 0 0 
424 0 0 1 0 0 
425 0 0 1 0 0 
426 0 0 1 0 0 
427 0 0 1 0 0 
428 0 0 2 0 0 
429 0 0 2 0 0 
430 0 0 1 0 0 
431 0 0 1 0 0 
432 0 0 1 0 0 
433 0 0 1 0 0 
434 0 0 0 0 0 
