1 0 4 0 0 0 
2 0 5 0 0 0 
3 0 3 0 0 0 
4 0 1 0 2 0 
5 0 5 0 0 0 
6 1 3 0 0 0 
7 0 2 1 0 0 
8 1 7 2 0 0 
9 0 3 0 0 0 
10 0 7 0 0 0 
11 0 8 0 0 0 
12 0 6 0 0 0 
13 0 8 0 0 0 
14 0 4 0 2 0 
15 0 4 2 0 0 
16 0 2 0 3 0 
17 0 14 0 3 0 
18 0 12 0 3 0 
19 0 14 1 1 0 
20 1 16 1 1 0 
21 1 11 1 8 0 
22 5 19 3 4 0 
23 3 12 4 12 0 
24 3 30 6 9 1 
25 4 26 5 7 1 
26 0 32 3 9 0 
27 1 25 8 7 0 
28 1 18 10 9 0 
29 7 22 9 6 0 
30 4 16 4 8 0 
31 7 29 12 6 1 
32 3 20 4 8 3 
33 4 18 15 8 1 
34 7 25 7 7 0 
35 6 30 9 13 1 
36 7 24 12 8 2 
37 10 36 18 12 2 
38 10 37 11 17 2 
39 7 38 19 17 0 
40 13 35 16 13 1 
41 13 42 12 15 3 
42 11 52 18 9 2 
43 11 51 17 17 3 
44 16 45 16 14 2 
45 13 39 13 16 6 
46 9 38 8 22 2 
47 11 51 18 20 9 
48 21 42 9 25 3 
49 18 66 23 28 8 
50 16 71 18 34 3 
51 17 58 23 39 1 
52 23 56 20 34 1 
53 15 69 15 39 0 
54 23 70 21 39 5 
55 18 85 25 49 3 
56 17 78 20 30 4 
57 22 75 33 38 12 
58 23 67 31 43 5 
59 23 81 23 44 12 
60 17 77 31 45 13 
61 25 94 41 51 16 
62 21 84 36 52 15 
63 19 85 41 52 12 
64 21 103 42 57 14 
65 18 95 47 61 14 
66 20 113 47 56 8 
67 22 115 46 55 13 
68 22 131 60 49 19 
69 26 136 53 83 14 
70 32 120 80 64 24 
71 21 104 64 77 20 
72 26 133 85 79 26 
73 33 141 91 87 17 
74 35 140 81 84 23 
75 33 146 90 87 15 
76 27 179 82 140 13 
77 50 187 95 108 29 
78 64 170 99 122 19 
79 43 207 124 116 19 
80 53 219 117 133 22 
81 53 189 107 126 28 
82 47 213 146 129 29 
83 57 248 108 190 23 
84 51 244 141 186 25 
85 63 241 176 208 27 
86 56 236 160 167 38 
87 69 235 176 206 25 
88 73 261 176 195 44 
89 67 280 177 223 44 
90 75 274 203 257 54 
91 93 271 258 256 56 
92 92 271 250 274 51 
93 98 332 265 294 67 
94 101 292 263 340 61 
95 90 363 276 324 62 
96 106 382 310 310 73 
97 92 385 339 383 66 
98 109 424 299 372 59 
99 124 369 323 358 71 
100 116 418 335 374 75 
101 132 472 357 397 85 
102 133 541 347 440 71 
103 145 495 379 518 95 
104 142 538 442 508 81 
105 137 574 433 571 93 
106 168 595 472 590 93 
107 157 562 460 640 121 
108 204 620 486 627 128 
109 159 629 533 732 126 
110 165 673 555 666 136 
111 168 688 602 732 143 
112 209 740 615 698 163 
113 205 793 692 722 162 
114 199 866 693 838 184 
115 217 916 765 865 154 
116 249 895 784 869 177 
117 282 1010 794 913 180 
118 299 1053 848 916 179 
119 270 1060 891 975 189 
120 303 1110 918 955 186 
121 322 1193 964 977 188 
122 316 1296 1086 1035 205 
123 332 1284 1142 1101 211 
124 334 1446 1157 1205 221 
125 391 1424 1191 1192 211 
126 392 1491 1237 1244 227 
127 399 1546 1298 1308 266 
128 429 1665 1340 1328 266 
129 434 1662 1446 1431 268 
130 485 1767 1382 1460 293 
131 458 1876 1573 1499 295 
132 534 1957 1599 1584 305 
133 568 2026 1689 1699 333 
134 643 2117 1818 1714 338 
135 623 2200 1852 1769 358 
136 582 2256 1866 1901 409 
137 703 2426 1912 2016 387 
138 706 2441 2096 2062 410 
139 744 2600 2109 2166 407 
140 763 2686 2235 2177 404 
141 779 2803 2318 2283 407 
142 858 2987 2302 2338 464 
143 796 2904 2360 2477 449 
144 875 3086 2559 2579 475 
145 918 3083 2743 2620 428 
146 931 3201 2836 2847 508 
147 927 3382 2936 2905 511 
148 946 3193 3002 2852 500 
149 1015 3292 3071 3100 521 
150 1099 3622 3190 3096 543 
151 1167 3606 3203 3341 558 
152 1246 3624 3258 3288 564 
153 1247 3740 3530 3455 595 
154 1225 3750 3527 3584 614 
155 1273 3979 3731 3682 618 
156 1311 4034 3629 3726 647 
157 1292 3928 3858 3784 622 
158 1307 4016 3817 3873 593 
159 1356 4067 3724 4035 639 
160 1400 4143 4103 4114 674 
161 1439 4198 4016 4322 698 
162 1482 4247 4132 4305 611 
163 1536 4239 4361 4247 680 
164 1449 4185 4284 4383 723 
165 1484 4339 4359 4582 672 
166 1477 4376 4437 4653 702 
167 1580 4320 4443 4817 742 
168 1539 4278 4587 4753 801 
169 1687 4340 4622 4842 795 
170 1577 4272 4676 5053 807 
171 1604 4310 4732 4954 796 
172 1677 4172 4705 5026 830 
173 1730 4196 4765 5025 848 
174 1694 4242 4799 5015 900 
175 1683 4293 4925 5058 888 
176 1734 4217 4973 4969 882 
177 1715 4044 5099 5176 886 
178 1737 4045 5010 5066 920 
179 1764 4018 5011 5135 938 
180 1715 3884 5041 5126 930 
181 1690 3806 4941 5113 880 
182 1680 3749 4924 5093 918 
183 1744 3732 4906 5034 918 
184 1729 3525 5002 5071 981 
185 1731 3582 5059 5087 903 
186 1677 3496 4880 5131 997 
187 1681 3544 4880 4953 894 
188 1662 3345 4875 4942 966 
189 1641 3287 4735 5040 983 
190 1578 3197 4789 4825 987 
191 1630 3083 4875 4772 956 
192 1617 3101 4735 4842 965 
193 1482 3000 4630 4824 937 
194 1518 2859 4417 4806 923 
195 1554 2727 4482 4527 928 
196 1509 2776 4360 4451 883 
197 1420 2747 4286 4375 890 
198 1457 2668 4276 4232 873 
199 1407 2490 4209 4284 812 
200 1440 2399 4254 4146 768 
201 1344 2368 4044 3931 771 
202 1351 2280 3999 3870 764 
203 1336 2245 3899 3895 727 
204 1249 2080 3961 3771 742 
205 1223 2014 3865 3708 719 
206 1189 1984 3752 3600 739 
207 1180 1870 3645 3481 700 
208 1173 1967 3591 3419 680 
209 1228 1823 3483 3387 654 
210 1133 1770 3407 3393 639 
211 1056 1713 3311 3172 634 
212 1056 1572 3235 3167 631 
213 1075 1656 3083 3008 625 
214 983 1583 2914 2840 546 
215 939 1468 2882 2743 569 
216 892 1445 2830 2718 523 
217 870 1373 2693 2630 531 
218 825 1333 2660 2641 495 
219 875 1297 2502 2556 479 
220 783 1220 2436 2376 475 
221 848 1159 2484 2337 514 
222 783 1163 2355 2300 488 
223 745 1133 2213 2241 468 
224 728 1005 2178 2132 441 
225 717 1001 2098 2039 400 
226 684 906 2083 1959 424 
227 702 908 1907 1919 420 
228 610 890 1965 1844 376 
229 604 873 1851 1729 381 
230 574 891 1825 1580 382 
231 586 821 1777 1478 356 
232 542 816 1686 1462 380 
233 543 764 1695 1445 342 
234 526 740 1564 1373 332 
235 525 735 1549 1317 318 
236 510 670 1447 1272 300 
237 478 665 1400 1178 305 
238 459 627 1323 1151 285 
239 429 566 1260 1164 267 
240 414 588 1184 1105 254 
241 394 556 1168 1043 275 
242 389 532 1153 1039 274 
243 374 527 1103 1016 236 
244 367 508 1080 913 261 
245 335 469 1030 935 248 
246 319 448 958 855 221 
247 326 422 968 855 197 
248 281 410 902 842 194 
249 279 427 866 773 205 
250 294 398 867 793 176 
251 279 362 828 736 185 
252 261 360 805 702 184 
253 235 336 794 675 172 
254 230 390 723 626 160 
255 239 310 702 595 159 
256 219 293 628 566 145 
257 195 279 570 531 154 
258 243 224 575 546 145 
259 212 208 580 513 155 
260 179 244 557 503 127 
261 168 195 536 469 131 
262 146 217 537 452 147 
263 153 188 492 442 128 
264 140 187 496 426 116 
265 144 187 467 397 123 
266 133 178 457 391 114 
267 140 157 419 337 96 
268 134 147 422 368 104 
269 111 127 419 368 107 
270 120 151 384 330 112 
271 122 141 411 328 77 
272 108 120 371 316 100 
273 94 115 344 294 79 
274 110 121 342 270 78 
275 89 105 301 273 81 
276 89 113 279 218 84 
277 76 108 291 228 78 
278 72 116 290 220 73 
279 75 94 275 237 52 
280 60 114 275 201 77 
281 78 101 265 206 71 
282 71 86 230 194 43 
283 71 77 230 175 67 
284 71 78 189 192 55 
285 68 78 202 147 53 
286 64 89 195 139 54 
287 63 105 181 132 56 
288 51 62 156 118 65 
289 53 89 165 138 50 
290 49 87 183 134 51 
291 46 72 168 135 34 
292 52 68 167 141 46 
293 56 77 146 127 43 
294 47 62 151 121 34 
295 46 60 147 122 34 
296 49 62 145 116 39 
297 56 63 126 125 37 
298 39 56 134 87 31 
299 52 55 134 104 21 
300 49 32 133 98 19 
301 34 45 114 83 22 
302 30 40 113 80 27 
303 37 35 89 86 27 
304 32 45 88 72 26 
305 35 20 92 82 24 
306 28 25 95 84 23 
307 24 30 83 56 13 
308 23 29 70 55 10 
309 24 25 76 57 10 
310 20 25 78 46 4 
311 27 21 85 48 7 
312 23 19 73 42 6 
313 24 21 62 51 15 
314 19 25 54 35 6 
315 22 23 62 43 10 
316 17 27 53 40 7 
317 14 21 50 30 8 
318 14 14 46 25 11 
319 7 23 42 34 9 
320 15 12 35 34 8 
321 13 14 34 14 8 
322 11 10 31 31 11 
323 13 9 24 29 11 
324 10 11 41 29 10 
325 11 13 34 23 3 
326 4 11 26 22 3 
327 7 11 30 22 3 
328 10 6 33 20 8 
329 11 12 33 11 4 
330 11 13 26 15 10 
331 7 12 18 20 5 
332 5 14 28 13 8 
333 7 8 18 17 9 
334 7 10 14 18 6 
335 8 11 16 13 5 
336 6 7 11 17 3 
337 7 8 14 16 3 
338 4 6 12 14 3 
339 7 7 8 8 4 
340 6 8 11 13 0 
341 2 2 13 6 1 
342 4 10 10 16 0 
343 5 7 10 12 0 
344 2 7 7 3 2 
345 6 16 6 8 3 
346 3 11 0 6 0 
347 2 15 3 6 2 
348 3 6 3 5 3 
349 3 6 3 7 4 
350 4 3 11 8 1 
351 1 11 2 2 3 
352 2 9 2 6 2 
353 4 7 0 3 2 
354 3 4 2 3 1 
355 2 8 2 1 1 
356 3 2 1 2 1 
357 1 1 0 3 2 
358 1 5 0 0 1 
359 1 3 0 2 3 
360 0 4 0 1 0 
361 0 3 0 2 0 
362 2 6 0 0 0 
363 2 3 1 0 1 
364 1 1 1 0 0 
365 4 5 0 3 0 
366 2 3 1 3 1 
367 4 1 2 5 0 
368 2 1 3 0 0 
369 2 2 0 2 0 
370 2 0 0 2 1 
371 2 4 0 2 0 
372 1 1 1 0 1 
373 3 4 1 1 2 
374 2 1 1 1 1 
375 1 0 0 1 0 
376 1 1 0 0 1 
377 0 0 0 0 1 
378 0 0 1 1 1 
379 0 0 1 0 0 
380 0 0 1 1 0 
381 0 0 0 0 1 
382 2 0 1 1 0 
383 0 0 1 0 0 
384 0 0 0 0 0 
385 0 0 1 0 0 
386 0 0 1 1 0 
387 0 0 1 0 0 
388 0 0 1 0 0 
389 0 0 0 0 0 
390 0 0 1 0 0 
391 0 0 1 0 0 
392 0 0 0 0 0 
393 0 0 0 0 0 
394 0 0 0 0 0 
395 0 0 3 0 0 
396 0 0 1 0 0 
397 1 0 1 0 0 
398 0 0 1 0 0 
399 0 0 0 0 0 
400 0 0 1 0 0 
401 0 0 0 0 0 
