1 0 12 0 0 0 
2 0 11 0 0 0 
3 1 12 0 0 0 
4 1 11 0 0 0 
5 1 11 0 0 0 
6 0 12 0 0 0 
7 0 10 0 0 0 
8 0 13 0 0 0 
9 0 17 0 0 0 
10 0 18 0 0 0 
11 0 18 0 0 0 
12 0 21 0 0 0 
13 1 19 0 0 0 
14 1 18 0 1 0 
15 1 14 0 3 0 
16 2 15 0 3 0 
17 1 15 0 6 0 
18 1 14 0 4 0 
19 2 16 0 1 0 
20 1 20 0 1 0 
21 2 22 0 0 0 
22 2 22 0 0 0 
23 2 23 0 0 0 
24 2 19 0 1 0 
25 3 17 0 0 0 
26 2 20 2 0 0 
27 1 30 2 0 0 
28 1 29 1 0 0 
29 1 33 2 0 0 
30 4 39 0 1 0 
31 5 44 0 2 0 
32 11 39 2 3 0 
33 6 34 1 3 0 
34 6 36 0 4 0 
35 3 38 0 4 0 
36 0 35 0 8 0 
37 0 37 1 7 0 
38 2 34 2 7 0 
39 3 39 3 6 0 
40 4 34 5 5 0 
41 3 37 7 6 0 
42 5 42 10 9 0 
43 5 39 16 11 0 
44 4 36 24 9 0 
45 4 37 22 11 0 
46 6 50 22 9 0 
47 8 53 17 6 0 
48 10 49 14 7 0 
49 9 51 13 10 0 
50 9 48 14 11 0 
51 6 51 13 12 0 
52 7 67 16 9 0 
53 8 81 18 10 0 
54 9 81 16 13 0 
55 10 84 21 13 1 
56 11 95 21 14 0 
57 9 110 25 14 0 
58 8 127 24 13 0 
59 14 143 24 12 0 
60 11 175 24 23 0 
61 14 190 29 26 0 
62 20 208 36 37 0 
63 21 210 41 49 0 
64 29 206 40 52 1 
65 36 228 45 55 3 
66 40 249 32 54 4 
67 47 259 35 57 5 
68 42 272 39 62 5 
69 44 293 45 68 6 
70 35 309 44 69 8 
71 41 315 54 75 9 
72 38 322 65 77 11 
73 41 319 75 70 15 
74 49 328 76 75 13 
75 64 330 75 78 12 
76 61 332 85 71 15 
77 64 312 89 84 11 
78 54 321 86 98 9 
79 54 329 103 99 6 
80 58 355 122 108 9 
81 56 377 136 126 17 
82 65 415 160 146 16 
83 75 434 177 163 15 
84 80 488 188 162 13 
85 89 532 195 183 22 
86 90 586 207 181 23 
87 90 613 229 188 26 
88 95 656 227 188 26 
89 104 677 242 222 24 
90 99 698 205 248 24 
91 99 697 203 261 27 
92 118 739 202 256 25 
93 126 797 219 276 23 
94 135 876 251 290 27 
95 143 948 283 319 32 
96 146 987 303 337 32 
97 143 1032 305 360 33 
98 172 1087 344 400 37 
99 184 1166 354 414 37 
100 201 1222 375 451 33 
101 216 1282 401 489 31 
102 207 1352 429 557 34 
103 215 1436 456 566 41 
104 217 1574 435 571 44 
105 212 1710 469 615 53 
106 219 1799 505 672 52 
107 226 1873 549 654 59 
108 259 2004 595 687 61 
109 265 2062 682 683 84 
110 274 2154 716 698 79 
111 307 2237 734 721 94 
112 337 2345 787 767 108 
113 364 2472 807 791 107 
114 389 2497 850 857 112 
115 404 2590 890 897 124 
116 430 2708 917 999 138 
117 444 2891 943 1070 147 
118 451 2958 989 1118 161 
119 434 3059 1079 1177 166 
120 476 3162 1086 1259 165 
121 522 3296 1143 1378 190 
122 543 3439 1237 1380 182 
123 591 3513 1316 1436 207 
124 632 3675 1367 1523 224 
125 691 3820 1487 1603 233 
126 723 4076 1556 1734 242 
127 735 4231 1679 1819 259 
128 775 4364 1799 1909 274 
129 819 4498 1903 2039 297 
130 855 4658 2005 2094 310 
131 903 4852 2109 2202 343 
132 921 5040 2254 2293 367 
133 989 5218 2408 2444 397 
134 1004 5436 2602 2484 426 
135 1071 5458 2703 2628 471 
136 1105 5658 2858 2861 491 
137 1130 5870 3003 3046 494 
138 1182 6147 3106 3167 505 
139 1268 6363 3246 3312 534 
140 1342 6566 3385 3506 564 
141 1391 6784 3623 3666 599 
142 1417 7035 3779 3861 652 
143 1524 7256 4002 4054 666 
144 1560 7622 4171 4233 681 
145 1591 7772 4322 4468 687 
146 1648 8075 4479 4653 714 
147 1740 8298 4703 4867 766 
148 1873 8441 5004 5080 815 
149 1988 8676 5101 5269 867 
150 2010 9017 5276 5417 904 
151 2034 9265 5635 5636 898 
152 2145 9521 5778 5778 948 
153 2211 9676 6093 6066 1003 
154 2297 9867 6370 6472 1020 
155 2420 10167 6616 6628 1057 
156 2455 10401 6828 6913 1109 
157 2568 10539 7112 7253 1162 
158 2622 10605 7490 7601 1222 
159 2693 10771 7693 7817 1240 
160 2782 11012 8004 8094 1275 
161 2878 11234 8333 8401 1363 
162 2952 11235 8588 8728 1422 
163 3012 11260 9044 9114 1487 
164 3116 11406 9239 9590 1525 
165 3279 11482 9455 9977 1590 
166 3450 11569 9752 10333 1652 
167 3545 11639 10109 10586 1733 
168 3709 11626 10407 10908 1776 
169 3772 11633 10637 11216 1809 
170 3783 11787 10938 11434 1962 
171 3852 11907 11199 11699 2056 
172 3954 11891 11352 12075 2159 
173 4054 11835 11604 12316 2199 
174 4109 11974 11845 12580 2237 
175 4138 12067 12131 12865 2290 
176 4258 12056 12434 13161 2397 
177 4423 11994 12623 13525 2460 
178 4491 11867 12900 13619 2586 
179 4524 11854 13164 13802 2674 
180 4648 11727 13163 13910 2774 
181 4632 11554 13489 14042 2858 
182 4606 11350 13911 14237 2814 
183 4691 11247 13884 14457 2855 
184 4659 11274 14094 14829 2867 
185 4592 11274 14370 15038 2995 
186 4611 11086 14733 15153 3051 
187 4765 10993 15011 15074 3110 
188 4735 10814 15034 15177 3108 
189 4824 10745 14869 15246 3147 
190 4865 10527 14905 15286 3198 
191 4824 10415 15142 15221 3257 
192 4844 10245 15120 15292 3156 
193 4911 10022 15202 15260 3095 
194 4896 9916 15302 15208 3143 
195 4874 9629 15295 15138 3111 
196 4917 9496 15267 15203 3119 
197 4869 9264 15441 15329 3134 
198 4904 9104 15523 15366 3157 
199 4925 8924 15355 15274 3090 
200 4859 8535 15272 15419 3072 
201 4776 8309 15348 15308 3092 
202 4802 8180 15430 14985 3045 
203 4771 8100 15429 14852 3021 
204 4687 7870 15227 14688 2949 
205 4588 7679 15105 14540 2969 
206 4479 7534 14893 14373 2896 
207 4446 7298 14730 14151 2846 
208 4488 7136 14504 13934 2820 
209 4356 6938 14411 13747 2799 
210 4215 6682 14192 13325 2789 
211 4215 6546 13965 13122 2814 
212 4091 6452 13695 12892 2818 
213 4005 6301 13466 12738 2797 
214 3834 6051 13269 12636 2654 
215 3832 5810 13040 12312 2668 
216 3702 5674 12858 12047 2539 
217 3630 5418 12488 11719 2558 
218 3603 5220 12188 11413 2567 
219 3524 5084 11856 11186 2469 
220 3478 4972 11470 11093 2375 
221 3380 4849 11106 10859 2279 
222 3299 4719 10813 10483 2241 
223 3144 4504 10762 10127 2166 
224 3075 4404 10514 9874 2170 
225 2940 4408 10251 9579 2122 
226 2822 4206 10009 9443 2061 
227 2845 4068 9710 9172 2031 
228 2724 3907 9479 9009 1954 
229 2635 3844 9157 8840 1906 
230 2645 3769 8895 8641 1872 
231 2607 3644 8667 8331 1821 
232 2500 3551 8546 8121 1779 
233 2506 3383 8379 7714 1731 
234 2420 3306 8196 7459 1646 
235 2386 3193 7988 7257 1554 
236 2278 2974 7759 7063 1489 
237 2259 2899 7466 6836 1463 
238 2166 2758 7108 6534 1405 
239 2077 2603 6945 6227 1330 
240 2031 2535 6685 5940 1266 
241 2002 2423 6515 5691 1246 
242 1891 2325 6239 5416 1198 
243 1865 2216 5867 5254 1104 
244 1761 2135 5791 5095 1086 
245 1666 2068 5513 5006 1019 
246 1600 2043 5283 4894 989 
247 1536 1955 5063 4806 952 
248 1435 1831 4947 4517 943 
249 1409 1824 4803 4344 942 
250 1432 1822 4635 4183 887 
251 1416 1793 4435 3923 839 
252 1371 1677 4212 3796 778 
253 1317 1600 3988 3732 737 
254 1241 1518 3923 3581 704 
255 1143 1498 3773 3480 666 
256 1089 1418 3673 3353 627 
257 1043 1345 3592 3207 608 
258 985 1290 3488 3063 531 
259 943 1211 3370 2945 505 
260 873 1156 3265 2814 526 
261 811 1150 3165 2726 540 
262 800 1060 3053 2680 529 
263 781 998 2924 2631 476 
264 749 975 2742 2497 466 
265 696 931 2622 2421 444 
266 699 857 2558 2294 444 
267 700 853 2460 2176 398 
268 658 811 2435 2103 380 
269 647 815 2315 2044 365 
270 625 787 2234 1947 363 
271 631 764 2167 1865 343 
272 603 731 2095 1793 353 
273 598 714 2080 1764 331 
274 583 683 1981 1681 342 
275 560 657 1909 1633 325 
276 542 607 1837 1583 317 
277 499 547 1769 1581 298 
278 469 548 1675 1512 270 
279 463 507 1630 1459 250 
280 464 504 1505 1401 238 
281 417 464 1440 1361 217 
282 415 435 1307 1329 214 
283 387 416 1206 1292 194 
284 371 406 1138 1227 187 
285 354 359 1090 1142 157 
286 331 348 1044 1086 157 
287 304 330 1020 1032 169 
288 292 330 984 974 172 
289 279 318 959 908 164 
290 262 311 886 877 155 
291 273 304 834 877 142 
292 241 297 824 867 176 
293 245 293 821 853 196 
294 235 291 796 797 186 
295 232 275 739 774 180 
296 222 274 708 743 172 
297 213 262 667 737 167 
298 206 229 637 695 173 
299 198 213 605 659 168 
300 197 209 568 643 169 
301 183 185 544 596 141 
302 163 173 550 562 155 
303 160 163 531 538 145 
304 154 157 493 505 139 
305 155 155 460 473 134 
306 154 141 456 437 133 
307 145 132 442 413 114 
308 147 128 411 443 120 
309 142 133 408 434 121 
310 133 163 382 409 114 
311 130 145 360 407 110 
312 117 141 334 398 113 
313 110 137 306 376 100 
314 103 124 287 351 107 
315 98 116 277 315 101 
316 87 110 253 296 101 
317 95 105 265 281 87 
318 98 107 251 271 78 
319 96 98 243 270 68 
320 84 88 230 276 64 
321 83 95 207 267 62 
322 82 89 204 249 59 
323 80 87 194 255 55 
324 80 77 178 232 45 
325 85 76 175 211 49 
326 87 79 172 220 45 
327 80 89 173 212 45 
328 77 81 170 205 31 
329 68 94 162 186 28 
330 72 82 138 171 22 
331 62 76 130 146 20 
332 72 86 120 140 18 
333 72 85 117 120 19 
334 80 73 99 129 19 
335 81 66 95 112 17 
336 66 56 104 109 14 
337 60 52 105 100 15 
338 55 41 103 93 14 
339 43 36 100 98 12 
340 39 43 84 91 8 
341 34 44 90 92 8 
342 35 35 72 89 6 
343 34 36 71 82 5 
344 30 34 74 66 4 
345 22 36 63 65 5 
346 25 29 64 67 7 
347 23 30 63 59 9 
348 20 31 47 55 10 
349 17 29 43 46 6 
350 20 29 41 38 6 
351 18 27 40 30 4 
352 19 28 35 27 3 
353 21 25 37 32 2 
354 20 22 35 34 3 
355 15 15 31 29 2 
356 19 19 30 28 2 
357 24 18 23 29 2 
358 29 22 17 31 2 
359 22 24 16 24 3 
360 21 16 20 31 3 
361 15 14 20 29 2 
362 17 12 20 30 1 
363 18 11 19 31 1 
364 10 12 19 36 1 
365 6 10 14 32 1 
366 8 8 15 33 0 
367 10 8 17 27 0 
368 11 9 15 29 0 
369 13 9 13 32 0 
370 16 5 18 18 0 
371 16 6 17 16 0 
372 13 3 15 16 0 
373 9 3 20 11 0 
374 14 3 23 20 0 
375 12 0 19 13 0 
376 12 0 17 10 0 
377 13 0 11 7 1 
378 13 0 13 5 2 
379 11 0 11 2 2 
380 9 0 8 5 0 
381 6 0 7 7 0 
382 6 0 7 6 0 
383 7 0 10 10 0 
384 4 1 12 9 0 
385 2 0 12 9 0 
386 1 0 11 7 0 
387 1 0 10 10 0 
388 1 2 10 11 0 
389 1 1 9 10 0 
390 1 1 12 11 0 
391 1 1 11 8 0 
392 2 1 11 7 0 
393 2 1 8 6 0 
394 1 0 5 1 0 
395 2 0 3 0 0 
396 2 0 6 0 0 
397 1 0 4 0 0 
398 1 0 6 0 1 
399 1 0 7 0 0 
400 0 0 9 1 0 
401 0 0 6 2 0 
402 0 0 5 1 0 
403 0 0 6 1 0 
404 1 0 4 1 0 
405 1 0 9 2 0 
406 1 0 11 2 0 
407 0 1 12 1 0 
408 0 0 13 2 0 
409 1 0 12 1 0 
410 0 0 6 1 0 
411 0 0 7 0 0 
412 0 0 10 0 0 
413 0 0 14 0 0 
414 0 0 12 2 0 
415 0 0 11 2 0 
416 1 0 7 2 0 
417 1 0 6 2 0 
418 1 0 3 3 0 
419 0 0 2 6 0 
420 0 0 1 5 0 
421 0 0 1 3 0 
422 0 0 1 3 0 
423 0 0 1 2 0 
424 0 0 1 2 0 
425 0 0 1 1 0 
426 0 0 1 0 0 
427 0 0 1 0 0 
428 0 0 1 0 0 
429 0 0 0 0 0 
