1 0 10 0 0 0 
2 0 10 0 0 0 
3 0 11 0 0 0 
4 0 18 0 0 0 
5 0 16 0 0 0 
6 0 8 1 1 0 
7 0 11 1 1 0 
8 0 7 1 1 0 
9 0 8 0 1 0 
10 0 6 0 3 0 
11 0 8 0 3 0 
12 0 10 0 3 0 
13 0 12 0 3 0 
14 0 16 0 3 0 
15 0 19 0 2 0 
16 0 19 0 2 0 
17 2 24 1 3 0 
18 3 23 1 4 0 
19 2 27 1 3 0 
20 1 31 3 6 0 
21 0 30 3 8 0 
22 4 35 5 7 0 
23 4 34 8 6 0 
24 5 29 4 6 0 
25 5 32 3 7 0 
26 3 40 11 9 0 
27 4 37 13 9 0 
28 6 33 16 13 0 
29 6 37 14 16 0 
30 6 27 15 14 0 
31 5 29 13 15 0 
32 9 30 14 18 0 
33 4 31 11 21 0 
34 3 26 10 25 0 
35 3 23 10 21 0 
36 1 25 11 20 0 
37 3 24 12 21 0 
38 5 22 14 17 0 
39 3 28 14 21 0 
40 3 29 14 22 0 
41 6 30 16 21 0 
42 4 36 17 21 0 
43 4 37 21 27 2 
44 4 35 22 30 1 
45 6 38 21 26 0 
46 4 35 22 24 0 
47 8 28 20 28 0 
48 9 33 20 31 0 
49 10 33 19 30 1 
50 10 34 20 29 1 
51 9 40 23 29 1 
52 9 46 27 33 0 
53 9 47 31 34 0 
54 7 39 35 41 0 
55 9 52 38 45 0 
56 11 60 37 48 1 
57 12 65 43 49 1 
58 11 70 42 58 2 
59 16 76 42 57 2 
60 15 63 43 41 3 
61 13 68 36 51 5 
62 13 65 33 60 6 
63 15 73 34 75 5 
64 13 77 31 73 3 
65 10 71 30 69 4 
66 13 81 31 73 4 
67 12 79 32 79 7 
68 14 64 35 89 13 
69 20 62 37 92 16 
70 21 62 40 92 15 
71 26 71 44 95 16 
72 34 73 35 108 18 
73 34 78 41 122 21 
74 31 85 55 118 23 
75 31 78 62 118 23 
76 39 94 69 126 31 
77 42 93 74 138 29 
78 37 97 90 152 34 
79 43 84 102 166 33 
80 39 101 118 170 27 
81 37 114 123 164 36 
82 31 125 144 177 34 
83 30 124 145 187 33 
84 27 129 143 193 31 
85 31 142 147 204 31 
86 29 161 168 222 28 
87 33 166 178 218 30 
88 33 194 185 218 27 
89 40 202 166 234 24 
90 45 230 165 267 21 
91 42 243 180 279 31 
92 49 259 188 275 34 
93 59 282 201 274 32 
94 65 299 189 259 37 
95 74 331 203 265 37 
96 85 333 221 290 46 
97 89 341 208 313 49 
98 88 355 235 314 39 
99 99 353 240 310 39 
100 87 369 240 358 45 
101 74 401 269 365 51 
102 99 386 308 378 54 
103 109 421 319 404 54 
104 113 458 314 410 54 
105 132 506 345 402 48 
106 143 533 350 419 58 
107 146 596 368 419 59 
108 135 636 400 452 78 
109 129 666 425 479 76 
110 140 685 429 542 73 
111 141 721 459 568 75 
112 144 739 482 612 81 
113 167 775 489 626 92 
114 177 815 512 679 84 
115 200 905 574 706 96 
116 194 940 631 790 91 
117 210 982 680 812 101 
118 216 1067 747 816 102 
119 200 1133 783 832 115 
120 237 1201 847 859 132 
121 255 1237 830 927 136 
122 257 1326 849 926 141 
123 272 1388 916 1005 158 
124 300 1491 963 1050 164 
125 312 1609 1000 1102 180 
126 341 1672 1077 1169 167 
127 356 1764 1122 1241 183 
128 372 1856 1127 1262 179 
129 431 1986 1168 1309 166 
130 433 2166 1284 1393 165 
131 474 2144 1317 1567 198 
132 480 2305 1395 1637 210 
133 509 2461 1464 1646 219 
134 543 2615 1503 1763 246 
135 552 2688 1588 1834 255 
136 590 2832 1682 1946 261 
137 637 2984 1841 2055 277 
138 636 3265 1943 2101 297 
139 687 3558 2052 2155 307 
140 715 3689 2147 2249 309 
141 745 3865 2264 2405 347 
142 787 4031 2363 2560 344 
143 870 4187 2477 2603 355 
144 972 4335 2588 2750 377 
145 1036 4659 2758 2925 422 
146 1060 4913 2919 3079 448 
147 1092 5077 2945 3308 508 
148 1144 5280 3097 3493 524 
149 1188 5549 3166 3619 534 
150 1235 5734 3303 3835 551 
151 1311 5913 3463 4024 570 
152 1381 6225 3688 4084 612 
153 1474 6454 3810 4192 596 
154 1534 6694 4006 4396 625 
155 1598 6939 4181 4513 657 
156 1728 7115 4328 4704 673 
157 1802 7403 4509 4889 702 
158 1908 7682 4662 5107 731 
159 2053 7942 4883 5438 773 
160 2174 8064 5096 5714 791 
161 2151 8267 5360 5971 794 
162 2225 8550 5552 6197 808 
163 2254 8817 5658 6432 864 
164 2324 8984 5929 6600 940 
165 2466 9324 6103 6886 1003 
166 2517 9489 6318 7053 1047 
167 2593 9783 6579 7367 1120 
168 2676 10086 6954 7638 1149 
169 2768 10239 7393 7899 1201 
170 2928 10615 7613 8232 1263 
171 3043 10780 7818 8381 1292 
172 3058 10978 8049 8708 1408 
173 3085 11178 8276 9013 1424 
174 3140 11384 8459 9179 1483 
175 3323 11697 8762 9564 1555 
176 3344 11818 9006 9851 1561 
177 3404 11992 9273 10081 1667 
178 3517 12317 9626 10225 1730 
179 3625 12342 10057 10560 1782 
180 3722 12343 10357 10939 1847 
181 3757 12499 10548 11247 1867 
182 3806 12610 10800 11566 1918 
183 3852 12735 11073 11834 1974 
184 3964 12734 11380 12001 2018 
185 4093 12708 11631 12405 2021 
186 4060 12640 11844 12671 2078 
187 4150 12572 12084 12962 2141 
188 4253 12618 12470 13067 2142 
189 4198 12581 12797 13372 2197 
190 4217 12637 12988 13721 2259 
191 4252 12597 13334 13787 2367 
192 4334 12604 13578 14042 2431 
193 4398 12433 13698 14175 2461 
194 4474 12148 13875 14395 2485 
195 4548 12071 14102 14432 2475 
196 4586 11964 14381 14675 2531 
197 4558 11957 14564 14745 2522 
198 4637 11874 14659 14746 2526 
199 4764 11650 14703 14875 2534 
200 4652 11549 14769 14835 2591 
201 4784 11353 14955 14958 2634 
202 4799 11169 15061 15141 2650 
203 4828 10971 15303 15197 2659 
204 4749 10937 15232 15192 2685 
205 4690 10714 15196 15187 2671 
206 4699 10537 15112 15137 2676 
207 4652 10378 15082 15113 2667 
208 4679 10113 14957 15045 2639 
209 4772 9818 14879 15034 2695 
210 4778 9567 14851 14934 2737 
211 4810 9388 14740 14806 2719 
212 4744 9268 14766 14729 2693 
213 4797 9035 14614 14576 2694 
214 4782 8906 14561 14372 2719 
215 4687 8723 14458 14366 2735 
216 4577 8645 14485 14103 2725 
217 4567 8436 14348 13901 2708 
218 4447 8143 14047 13525 2693 
219 4344 7880 13980 13275 2667 
220 4345 7730 13816 13118 2577 
221 4282 7505 13560 12889 2549 
222 4136 7279 13371 12732 2550 
223 4124 7078 13008 12479 2491 
224 3953 6728 12911 12270 2414 
225 3867 6556 12804 11969 2454 
226 3817 6386 12567 11803 2462 
227 3846 6148 12500 11531 2398 
228 3775 5815 12261 11218 2339 
229 3607 5619 12033 11029 2301 
230 3526 5463 11852 10782 2313 
231 3472 5277 11477 10592 2271 
232 3423 5186 11207 10293 2243 
233 3375 5011 10898 10069 2093 
234 3228 4896 10662 9875 2022 
235 3194 4669 10360 9590 1997 
236 3055 4566 10113 9436 1984 
237 2990 4441 9950 9182 1894 
238 2905 4270 9697 8896 1849 
239 2882 4141 9400 8672 1788 
240 2781 3975 9269 8420 1770 
241 2752 3953 8864 8305 1700 
242 2640 3838 8600 7990 1720 
243 2484 3749 8461 7706 1652 
244 2394 3697 8203 7435 1582 
245 2433 3649 7895 7173 1539 
246 2344 3524 7579 7018 1502 
247 2324 3359 7213 6910 1460 
248 2216 3165 6994 6677 1411 
249 2125 3064 6704 6452 1394 
250 2032 2977 6408 6257 1343 
251 1944 2871 6273 5999 1297 
252 1853 2788 6074 5718 1275 
253 1803 2650 5901 5514 1232 
254 1753 2482 5730 5294 1195 
255 1707 2333 5581 4979 1106 
256 1663 2223 5460 4737 1070 
257 1626 2078 5185 4587 1066 
258 1567 2052 4949 4379 1022 
259 1544 2001 4802 4217 1034 
260 1531 1903 4670 4062 1012 
261 1456 1873 4472 3981 1005 
262 1411 1788 4348 3811 976 
263 1320 1730 4191 3720 982 
264 1257 1717 4032 3580 974 
265 1260 1640 3854 3468 927 
266 1218 1549 3750 3343 913 
267 1184 1471 3641 3143 864 
268 1158 1448 3426 2988 817 
269 1154 1406 3361 2868 777 
270 1093 1360 3274 2779 753 
271 1076 1305 3095 2664 717 
272 1020 1246 2992 2603 708 
273 952 1227 2896 2507 696 
274 868 1165 2753 2393 698 
275 823 1145 2638 2288 674 
276 785 1051 2524 2325 646 
277 733 989 2459 2204 621 
278 703 952 2342 2116 584 
279 679 916 2267 2078 554 
280 658 898 2193 2044 543 
281 662 832 2083 1992 545 
282 616 775 2039 1921 516 
283 565 747 1891 1821 539 
284 546 710 1824 1763 522 
285 550 667 1780 1712 523 
286 498 636 1695 1641 510 
287 448 605 1599 1553 490 
288 433 591 1526 1441 483 
289 419 555 1446 1419 472 
290 426 553 1384 1327 457 
291 416 526 1309 1269 432 
292 415 557 1291 1266 441 
293 383 534 1251 1188 396 
294 366 504 1192 1093 375 
295 369 474 1163 1045 352 
296 339 461 1111 961 338 
297 336 433 1065 883 310 
298 301 411 1002 865 294 
299 299 385 931 815 289 
300 271 371 921 765 270 
301 282 328 901 753 247 
302 281 310 882 695 234 
303 249 279 836 667 219 
304 223 242 811 603 232 
305 219 227 814 606 225 
306 210 218 751 554 216 
307 214 215 715 515 215 
308 201 218 670 486 211 
309 192 219 632 466 203 
310 186 193 610 454 198 
311 195 187 584 453 184 
312 184 185 570 446 175 
313 195 189 534 432 180 
314 186 178 483 436 176 
315 159 172 455 433 172 
316 146 171 424 409 162 
317 129 169 385 398 163 
318 110 170 366 407 146 
319 108 180 336 415 149 
320 111 178 310 406 153 
321 115 165 302 378 153 
322 117 161 269 358 156 
323 115 153 269 331 151 
324 101 160 254 332 135 
325 103 147 245 317 117 
326 92 139 234 286 108 
327 95 112 213 277 94 
328 96 100 204 261 91 
329 91 87 204 232 87 
330 82 81 208 230 80 
331 71 92 198 212 83 
332 79 85 161 191 86 
333 69 82 142 190 81 
334 71 88 146 176 90 
335 59 74 155 156 88 
336 52 66 136 157 86 
337 48 56 126 157 88 
338 58 59 129 168 70 
339 59 54 123 176 71 
340 59 59 122 166 80 
341 55 50 122 142 76 
342 47 53 123 135 70 
343 40 55 113 132 61 
344 40 56 113 134 62 
345 38 57 117 123 59 
346 34 50 125 112 61 
347 30 51 122 95 58 
348 36 47 130 96 60 
349 28 51 116 90 61 
350 27 47 116 80 64 
351 25 39 115 83 68 
352 30 36 128 76 69 
353 32 36 129 64 66 
354 30 33 120 65 60 
355 29 34 133 75 58 
356 24 31 125 73 57 
357 20 20 127 71 56 
358 19 23 122 64 56 
359 17 24 102 65 52 
360 16 21 94 60 50 
361 15 18 82 57 38 
362 20 15 74 60 35 
363 21 17 60 46 33 
364 21 24 63 58 35 
365 18 23 67 57 26 
366 21 21 64 53 23 
367 19 22 60 58 19 
368 18 19 66 57 19 
369 17 20 54 55 13 
370 16 17 46 54 10 
371 11 20 45 53 13 
372 10 20 45 45 7 
373 5 16 46 43 7 
374 7 16 37 35 7 
375 5 10 37 39 4 
376 5 11 35 32 3 
377 6 13 22 33 2 
378 9 11 25 32 3 
379 4 10 25 27 5 
380 4 14 22 22 6 
381 4 13 21 16 5 
382 3 15 18 14 4 
383 4 14 22 15 5 
384 6 13 19 14 3 
385 6 10 23 19 3 
386 5 8 20 15 2 
387 5 8 21 14 4 
388 4 11 13 15 4 
389 4 8 11 17 3 
390 3 10 12 16 3 
391 2 7 7 16 2 
392 3 3 7 20 2 
393 1 4 6 19 0 
394 1 7 9 19 0 
395 2 7 7 20 0 
396 2 6 6 16 0 
397 2 4 5 11 0 
398 3 3 5 13 0 
399 2 2 4 14 0 
400 0 2 3 14 0 
401 0 1 7 10 0 
402 0 0 10 7 0 
403 0 0 7 7 0 
404 0 0 6 7 0 
405 0 0 6 8 0 
406 0 0 7 9 0 
407 0 0 8 8 0 
408 0 0 5 10 0 
409 0 0 6 9 0 
410 0 0 5 10 0 
411 0 0 3 8 0 
412 0 0 2 8 0 
413 0 0 1 8 0 
414 0 0 1 8 0 
415 1 0 1 9 0 
416 2 0 0 7 0 
417 0 0 1 4 0 
418 0 0 0 5 0 
419 0 0 0 4 0 
420 0 0 0 3 0 
421 1 0 0 3 0 
422 2 0 0 3 0 
423 3 0 0 4 0 
424 3 0 0 5 0 
425 1 0 1 6 0 
426 0 0 1 5 0 
427 0 0 2 4 0 
428 0 0 1 3 0 
429 0 0 0 3 0 
430 0 0 0 6 0 
431 0 0 0 4 0 
432 0 0 0 4 0 
433 0 0 0 3 0 
434 0 0 0 3 0 
435 0 0 0 3 0 
436 0 0 0 3 0 
437 0 0 0 3 0 
438 0 0 0 2 0 
439 0 0 0 1 0 
440 0 0 0 1 0 
441 0 0 0 1 0 
442 0 0 0 0 0 
