1 0 14 0 0 0 
2 0 14 0 0 0 
3 0 14 0 0 0 
4 0 23 0 0 0 
5 2 27 0 0 0 
6 2 27 0 0 0 
7 1 28 0 0 0 
8 1 35 0 1 0 
9 0 36 0 3 0 
10 2 36 0 5 0 
11 3 48 2 5 0 
12 3 49 3 5 0 
13 1 50 0 7 0 
14 4 40 3 8 0 
15 4 48 2 10 0 
16 6 39 1 8 0 
17 8 38 3 6 0 
18 9 44 4 6 0 
19 11 44 2 8 0 
20 9 48 3 7 1 
21 4 51 4 5 1 
22 5 53 1 4 1 
23 5 58 1 5 1 
24 7 64 0 11 1 
25 7 72 0 8 1 
26 8 70 2 9 2 
27 10 79 2 8 3 
28 11 91 4 5 3 
29 13 88 6 5 1 
30 18 85 10 5 2 
31 21 99 9 5 1 
32 21 89 9 6 0 
33 23 110 12 10 0 
34 21 127 12 12 0 
35 26 138 14 13 0 
36 25 155 16 15 0 
37 27 150 16 17 0 
38 29 170 18 16 0 
39 33 182 16 19 1 
40 34 179 18 23 3 
41 25 188 17 24 5 
42 26 212 19 26 5 
43 32 204 19 24 2 
44 35 224 23 19 2 
45 27 239 29 21 5 
46 28 261 27 32 9 
47 34 253 32 36 9 
48 31 263 43 38 15 
49 43 273 38 42 12 
50 40 275 43 57 8 
51 43 293 46 60 9 
52 46 336 47 71 10 
53 46 373 45 73 5 
54 48 376 59 69 2 
55 49 394 69 75 2 
56 49 421 70 76 1 
57 58 440 78 80 1 
58 63 475 80 89 4 
59 62 512 92 79 2 
60 60 555 102 86 4 
61 68 595 105 88 3 
62 67 633 111 104 4 
63 68 666 112 105 8 
64 71 678 117 111 7 
65 66 673 120 108 6 
66 65 675 158 148 6 
67 60 698 155 161 7 
68 69 705 172 177 8 
69 84 758 187 192 5 
70 79 821 192 209 6 
71 93 837 213 232 3 
72 107 853 222 263 6 
73 127 892 245 287 5 
74 129 938 237 306 4 
75 137 980 256 328 5 
76 132 1094 294 349 9 
77 139 1139 320 359 9 
78 136 1186 345 365 11 
79 158 1266 349 382 13 
80 187 1374 349 379 15 
81 209 1441 379 397 16 
82 231 1499 411 441 18 
83 223 1528 452 442 23 
84 216 1606 499 480 28 
85 212 1684 550 503 27 
86 213 1778 568 530 37 
87 231 1859 609 572 47 
88 280 1962 645 590 54 
89 303 2044 735 602 62 
90 312 2153 764 653 68 
91 345 2286 824 664 63 
92 363 2358 835 715 70 
93 354 2519 891 789 78 
94 403 2685 926 832 86 
95 419 2802 986 878 92 
96 457 2955 1083 968 99 
97 453 3091 1192 978 122 
98 474 3225 1210 1069 130 
99 486 3339 1262 1158 141 
100 531 3477 1301 1238 145 
101 548 3556 1402 1323 157 
102 562 3591 1484 1395 176 
103 586 3731 1529 1471 192 
104 655 3891 1642 1536 211 
105 697 4076 1725 1612 239 
106 672 4204 1810 1661 260 
107 741 4433 1952 1783 271 
108 839 4622 1990 1940 301 
109 850 4758 2080 2106 327 
110 869 4957 2153 2256 346 
111 912 5221 2286 2458 351 
112 981 5406 2432 2554 349 
113 1008 5592 2535 2728 351 
114 1079 5839 2676 2938 383 
115 1115 6198 2859 3066 420 
116 1184 6330 2981 3219 430 
117 1232 6468 3134 3386 442 
118 1278 6685 3290 3577 469 
119 1370 6744 3515 3751 484 
120 1441 7065 3737 4011 519 
121 1481 7231 3859 4207 534 
122 1531 7498 4043 4447 563 
123 1584 7721 4358 4679 592 
124 1610 7933 4583 4916 610 
125 1687 8274 4770 5074 604 
126 1812 8508 5024 5338 656 
127 1916 8594 5308 5559 699 
128 2022 8764 5508 5831 744 
129 2145 8989 5693 6125 798 
130 2258 9277 5972 6493 839 
131 2354 9538 6206 6739 862 
132 2448 9585 6474 6995 893 
133 2503 9797 6730 7162 972 
134 2561 10042 6984 7464 1042 
135 2634 10047 7364 7700 1116 
136 2802 10080 7611 7867 1171 
137 2830 10470 7980 8228 1232 
138 2986 10546 8320 8608 1312 
139 3109 10622 8800 8951 1378 
140 3265 10804 9177 9243 1456 
141 3419 10893 9544 9527 1509 
142 3494 11037 9809 9760 1571 
143 3659 11181 10092 10108 1597 
144 3692 11218 10367 10493 1665 
145 3764 11358 10686 10943 1689 
146 3859 11398 11008 11322 1719 
147 4000 11528 11301 11575 1797 
148 4011 11663 11551 11919 1822 
149 4018 11778 11758 12231 1889 
150 4104 11927 12023 12487 1906 
151 4199 12031 12309 12942 2077 
152 4273 12004 12560 13330 2123 
153 4425 11929 12932 13567 2158 
154 4506 11959 13089 13945 2259 
155 4583 11821 13434 14149 2376 
156 4586 11806 13707 14289 2440 
157 4605 11909 13844 14731 2478 
158 4693 11830 14215 14908 2521 
159 4814 11790 14246 14977 2614 
160 4825 11702 14273 15176 2666 
161 4968 11717 14473 15325 2726 
162 5013 11630 14654 15422 2777 
163 5084 11528 14869 15455 2820 
164 5049 11461 14994 15687 2853 
165 5048 11458 15018 15863 2856 
166 5056 11181 15061 15908 2912 
167 5177 10993 15160 15994 2934 
168 5265 10814 15429 16078 2882 
169 5269 10508 15486 15942 2945 
170 5271 10456 15609 15825 2983 
171 5198 10379 15664 15915 3003 
172 5061 10160 15626 15965 3013 
173 5091 10051 15563 15878 2994 
174 5043 9916 15629 15525 3019 
175 4993 9656 15490 15466 3138 
176 4954 9422 15435 15447 3098 
177 4876 9215 15354 15285 3120 
178 4881 9093 15210 15227 3137 
179 4805 8852 15165 15252 3141 
180 4765 8749 15176 14949 3148 
181 4657 8550 15263 14802 3084 
182 4615 8355 15036 14550 3089 
183 4544 8084 14977 14453 3088 
184 4543 7961 14829 14345 2989 
185 4441 7725 14690 14067 2951 
186 4307 7534 14574 13900 2880 
187 4262 7377 14647 13577 2818 
188 4266 7132 14551 13252 2755 
189 4263 7053 14208 12880 2699 
190 4195 6854 13858 12783 2675 
191 4104 6695 13543 12704 2582 
192 4049 6463 13181 12490 2528 
193 3911 6253 12983 12221 2474 
194 3807 5927 12835 11944 2372 
195 3778 5787 12457 11759 2361 
196 3711 5619 12109 11200 2357 
197 3609 5332 11887 10798 2300 
198 3505 5289 11661 10596 2275 
199 3373 5124 11446 10296 2172 
200 3338 4950 11034 10068 2140 
201 3235 4795 10723 9811 2055 
202 3188 4636 10549 9603 1979 
203 3154 4491 10195 9210 1935 
204 3050 4349 9738 9101 1871 
205 2928 4209 9531 8995 1805 
206 2823 4057 9289 8672 1772 
207 2809 3850 9070 8529 1728 
208 2660 3682 8907 8251 1636 
209 2671 3537 8557 8057 1585 
210 2595 3451 8253 7735 1527 
211 2489 3362 7957 7501 1464 
212 2450 3281 7750 7323 1399 
213 2386 3210 7418 7051 1401 
214 2280 3067 7252 6834 1402 
215 2233 2994 6960 6589 1423 
216 2135 2884 6744 6348 1402 
217 2089 2775 6590 6263 1337 
218 2011 2625 6454 6065 1276 
219 1920 2512 6182 5855 1254 
220 1844 2326 5913 5709 1229 
221 1769 2212 5784 5453 1177 
222 1759 2132 5563 5249 1108 
223 1619 2062 5417 5051 1083 
224 1553 1932 5246 4940 1044 
225 1565 1799 5015 4716 985 
226 1547 1783 4779 4515 982 
227 1507 1752 4587 4232 958 
228 1405 1660 4488 4091 923 
229 1412 1560 4240 3904 928 
230 1358 1550 4141 3736 910 
231 1292 1446 3997 3529 888 
232 1232 1447 3813 3380 827 
233 1196 1397 3688 3245 821 
234 1172 1309 3498 3086 773 
235 1113 1264 3394 2937 775 
236 1098 1214 3285 2870 739 
237 1029 1165 3146 2766 702 
238 979 1140 3007 2657 668 
239 961 1128 2903 2579 653 
240 893 1023 2821 2557 612 
241 870 1029 2691 2414 594 
242 850 1003 2597 2308 557 
243 795 922 2488 2264 526 
244 752 873 2453 2162 528 
245 742 845 2336 2045 514 
246 690 833 2232 1995 513 
247 657 805 2087 1936 496 
248 649 790 2037 1867 473 
249 625 741 1906 1799 477 
250 604 721 1859 1738 462 
251 568 680 1772 1611 438 
252 536 651 1714 1560 392 
253 526 661 1624 1470 386 
254 489 623 1523 1397 358 
255 433 582 1467 1350 334 
256 421 559 1417 1286 337 
257 396 546 1335 1214 315 
258 400 487 1257 1158 305 
259 395 467 1164 1120 319 
260 375 439 1148 1076 322 
261 389 432 1085 1033 307 
262 361 428 1006 1016 288 
263 363 397 947 948 241 
264 391 358 884 918 236 
265 364 321 845 897 218 
266 344 319 783 850 217 
267 311 327 781 791 225 
268 289 299 753 779 190 
269 266 269 759 724 176 
270 258 272 720 690 168 
271 251 274 726 664 169 
272 254 288 691 612 162 
273 229 259 653 588 158 
274 227 248 620 556 154 
275 206 242 560 527 142 
276 221 234 551 515 132 
277 203 229 528 494 119 
278 198 222 488 484 111 
279 181 204 501 474 100 
280 171 201 473 441 106 
281 168 207 465 424 99 
282 152 179 448 401 96 
283 140 156 419 407 89 
284 143 143 419 384 72 
285 133 136 385 344 71 
286 132 137 367 304 67 
287 131 130 331 307 70 
288 121 113 317 303 74 
289 97 117 302 301 85 
290 104 101 295 292 89 
291 101 92 279 276 87 
292 91 98 263 289 93 
293 90 107 263 277 85 
294 90 100 253 264 82 
295 89 87 263 238 71 
296 102 82 248 229 70 
297 97 90 246 224 72 
298 82 96 228 192 67 
299 87 97 248 173 62 
300 77 85 228 144 56 
301 63 102 210 142 48 
302 74 100 225 132 48 
303 63 95 213 131 37 
304 60 89 184 117 36 
305 61 78 177 110 26 
306 63 65 168 97 22 
307 59 55 148 79 27 
308 62 56 138 65 19 
309 58 59 139 70 17 
310 54 61 146 63 16 
311 42 67 169 62 12 
312 37 66 164 54 13 
313 32 59 170 49 10 
314 26 43 152 42 10 
315 17 41 146 49 11 
316 16 41 129 51 6 
317 24 37 124 48 7 
318 23 31 119 52 10 
319 25 32 108 56 14 
320 24 29 108 45 12 
321 13 33 113 38 9 
322 12 26 111 36 10 
323 13 24 114 29 11 
324 11 23 106 36 8 
325 12 21 100 32 8 
326 9 18 84 28 9 
327 9 16 79 27 7 
328 11 17 80 25 5 
329 9 21 72 22 6 
330 6 18 72 20 9 
331 4 21 82 23 9 
332 6 25 76 28 11 
333 9 26 73 32 7 
334 8 26 75 35 7 
335 11 24 57 37 4 
336 8 21 58 34 7 
337 7 11 46 31 6 
338 7 9 50 35 6 
339 5 8 39 36 6 
340 6 6 34 39 4 
341 8 4 33 42 6 
342 11 7 33 45 6 
343 12 6 28 42 5 
344 10 5 32 34 5 
345 12 9 30 34 2 
346 10 7 33 30 1 
347 9 11 35 26 0 
348 8 8 31 27 0 
349 10 13 24 27 0 
350 5 17 20 19 0 
351 3 18 19 20 0 
352 4 17 16 21 0 
353 4 20 14 24 0 
354 4 13 13 28 0 
355 5 14 13 28 0 
356 7 17 14 27 0 
357 8 19 13 22 0 
358 7 18 13 17 0 
359 8 22 18 19 0 
360 10 21 14 15 0 
361 4 25 16 17 0 
362 2 29 10 16 0 
363 4 23 8 16 0 
364 5 25 6 19 0 
365 2 19 9 21 0 
366 2 16 10 19 0 
367 1 13 8 20 0 
368 1 7 9 21 0 
369 1 5 8 15 0 
370 0 4 3 16 0 
371 1 5 2 16 0 
372 1 4 2 17 0 
373 1 6 2 13 0 
374 1 7 1 12 0 
375 1 9 1 12 0 
376 1 8 1 11 0 
377 2 6 1 9 0 
378 3 7 2 6 0 
379 1 5 1 4 0 
380 0 6 1 4 0 
381 0 6 2 3 0 
382 0 6 2 3 0 
383 0 8 2 2 0 
384 1 7 1 0 0 
385 0 7 1 0 0 
386 0 7 1 0 0 
387 0 8 1 0 0 
388 0 10 1 0 0 
389 0 12 1 0 0 
390 0 16 1 1 0 
391 2 14 0 0 0 
392 2 15 0 1 0 
393 2 19 0 1 0 
394 1 14 0 1 0 
395 1 15 0 2 0 
396 2 15 0 5 0 
397 2 9 0 5 0 
398 1 12 0 2 0 
399 1 6 0 3 1 
400 2 5 0 4 1 
401 2 4 0 4 0 
402 2 4 0 5 0 
403 1 2 0 2 0 
404 0 3 0 3 0 
405 0 3 0 2 0 
406 0 5 0 4 0 
407 0 5 0 5 0 
408 0 9 0 6 0 
409 0 5 0 9 0 
410 0 6 0 7 0 
411 0 6 0 5 0 
412 0 7 0 5 0 
413 0 6 0 6 0 
414 0 6 1 8 0 
415 0 9 1 4 0 
416 0 8 0 3 0 
417 0 5 0 2 0 
418 0 6 2 1 0 
419 1 5 2 1 0 
420 2 3 2 1 0 
421 2 2 2 0 0 
422 1 1 1 0 0 
423 1 1 2 0 0 
424 1 1 1 1 0 
425 1 1 0 1 0 
426 0 1 0 1 0 
427 0 0 0 1 0 
428 1 0 0 0 0 
429 1 0 0 0 0 
430 1 0 0 0 0 
431 0 0 0 0 0 
