1 1 5 0 0 0 
2 0 5 0 0 0 
3 0 6 0 0 0 
4 3 2 0 0 0 
5 1 1 0 0 0 
6 0 5 0 0 0 
7 0 3 0 0 0 
8 2 2 0 0 0 
9 0 1 0 0 0 
10 0 3 0 0 0 
11 0 1 0 0 0 
12 0 5 0 0 0 
13 1 1 0 2 0 
14 0 1 0 1 0 
15 0 3 0 1 0 
16 1 5 0 1 0 
17 1 6 0 1 0 
18 1 4 0 0 0 
19 0 2 0 0 0 
20 0 1 0 0 0 
21 0 1 0 0 0 
22 0 3 0 1 0 
23 0 0 0 0 0 
24 0 2 0 0 0 
25 0 4 0 0 0 
26 0 8 0 0 0 
27 0 7 0 0 0 
28 0 3 0 0 0 
29 0 4 0 0 0 
30 0 5 2 0 0 
31 0 6 0 0 0 
32 1 4 1 1 0 
33 0 9 0 1 0 
34 1 5 0 0 0 
35 0 10 0 0 0 
36 0 9 0 1 0 
37 0 6 0 1 0 
38 1 9 0 0 0 
39 1 17 0 0 0 
40 1 12 0 0 0 
41 0 14 2 1 1 
42 0 12 4 0 0 
43 2 10 2 0 0 
44 2 12 2 1 0 
45 0 6 0 2 0 
46 0 7 1 1 0 
47 1 10 0 1 0 
48 0 8 0 1 0 
49 1 14 0 1 0 
50 0 15 0 0 0 
51 0 18 2 1 0 
52 0 18 0 1 0 
53 0 18 1 2 0 
54 2 28 0 1 0 
55 5 22 1 0 0 
56 1 38 4 1 0 
57 3 26 0 0 0 
58 0 32 4 1 0 
59 2 25 5 2 0 
60 1 29 2 1 1 
61 1 23 2 4 0 
62 3 30 6 0 0 
63 2 44 4 6 0 
64 3 34 4 4 0 
65 3 37 5 2 2 
66 3 42 10 1 1 
67 4 52 10 4 0 
68 2 52 8 5 1 
69 3 51 7 1 0 
70 2 57 9 6 1 
71 4 68 5 7 1 
72 4 70 2 4 1 
73 6 75 14 6 1 
74 4 78 9 5 0 
75 5 70 16 5 0 
76 8 78 17 7 0 
77 7 67 13 11 1 
78 8 91 16 11 0 
79 11 97 11 28 0 
80 9 96 20 12 0 
81 9 100 20 12 1 
82 16 102 17 20 3 
83 9 156 26 26 1 
84 17 118 30 28 3 
85 21 124 30 40 1 
86 19 152 40 31 1 
87 10 156 37 48 3 
88 20 149 41 48 8 
89 21 146 40 43 4 
90 21 173 60 55 7 
91 32 191 49 64 7 
92 20 191 62 56 10 
93 34 179 55 82 5 
94 23 196 95 65 8 
95 29 213 66 72 11 
96 43 212 70 83 13 
97 39 211 71 112 10 
98 31 252 79 105 23 
99 59 278 83 120 22 
100 64 283 124 112 12 
101 41 325 103 107 18 
102 42 359 104 99 20 
103 67 309 92 108 13 
104 68 339 130 141 17 
105 64 400 137 147 18 
106 81 393 134 150 22 
107 64 408 140 192 22 
108 62 445 169 170 18 
109 82 478 140 170 21 
110 68 496 173 221 12 
111 80 539 197 228 27 
112 110 583 190 210 31 
113 83 575 201 202 32 
114 90 577 236 258 34 
115 95 632 262 260 31 
116 113 648 238 326 49 
117 123 679 260 312 43 
118 119 711 298 337 44 
119 126 760 267 348 50 
120 132 794 332 342 40 
121 138 783 347 354 48 
122 147 827 353 391 54 
123 182 875 391 391 54 
124 154 949 409 458 64 
125 155 989 400 475 69 
126 166 1135 449 461 72 
127 199 1117 479 553 63 
128 219 1196 475 570 77 
129 271 1208 499 603 83 
130 280 1291 568 625 89 
131 263 1331 617 675 103 
132 245 1470 622 663 110 
133 257 1496 663 681 104 
134 267 1589 682 733 129 
135 342 1539 704 794 124 
136 342 1709 749 846 123 
137 387 1701 833 925 144 
138 398 1817 802 927 146 
139 386 1834 925 987 141 
140 412 1962 1004 1025 170 
141 455 2042 968 1036 180 
142 487 2011 1002 1142 199 
143 492 2076 1168 1177 227 
144 481 2162 1237 1254 210 
145 478 2244 1309 1296 235 
146 474 2354 1327 1370 225 
147 576 2522 1298 1383 218 
148 544 2529 1506 1431 262 
149 562 2609 1448 1592 290 
150 613 2622 1612 1622 283 
151 628 2712 1734 1750 284 
152 650 2816 1735 1688 353 
153 670 2838 1748 1853 320 
154 710 2863 1906 1985 328 
155 744 3074 1884 1993 336 
156 786 3186 2103 2145 367 
157 847 3159 2229 2234 392 
158 894 3160 2216 2352 363 
159 869 3312 2361 2406 383 
160 853 3317 2630 2476 416 
161 829 3356 2532 2660 429 
162 1011 3424 2718 2673 459 
163 935 3491 2830 2818 480 
164 948 3595 2845 2874 485 
165 1064 3605 2974 2973 507 
166 1088 3624 3201 3089 515 
167 1095 3627 3165 3202 523 
168 1058 3692 3337 3306 539 
169 1159 3868 3394 3463 572 
170 1171 4060 3528 3603 600 
171 1153 4029 3483 3649 623 
172 1284 4192 3607 3730 663 
173 1280 3998 3742 3867 686 
174 1344 4231 3849 3983 668 
175 1372 4193 3956 4146 692 
176 1340 4169 4072 4186 746 
177 1434 4114 4138 4502 698 
178 1455 3996 4119 4457 769 
179 1521 3949 4367 4512 788 
180 1520 3982 4377 4567 775 
181 1488 3930 4566 4575 826 
182 1501 4035 4529 4731 853 
183 1491 3988 4625 4725 831 
184 1504 4001 4893 4847 852 
185 1497 3916 4918 4921 878 
186 1574 4030 4896 4812 852 
187 1600 3802 4954 4999 902 
188 1588 3832 4963 5142 931 
189 1665 3723 5082 5055 957 
190 1596 3772 5230 5058 960 
191 1750 3676 5152 5044 952 
192 1649 3720 5012 5245 917 
193 1669 3651 5220 5150 961 
194 1712 3607 5183 5118 976 
195 1699 3552 5197 5216 992 
196 1643 3567 5200 5184 963 
197 1651 3385 5180 5193 973 
198 1681 3324 5149 5170 994 
199 1639 3376 5100 5126 1008 
200 1603 3287 5062 5026 1010 
201 1663 3209 5156 5160 1020 
202 1713 3082 5077 4997 987 
203 1629 3100 5044 5097 1008 
204 1589 3012 5105 5015 1022 
205 1649 2919 5101 4932 995 
206 1553 2805 5077 4951 959 
207 1589 2852 5047 5010 925 
208 1595 2696 4864 4918 982 
209 1481 2613 4946 4751 985 
210 1528 2481 4795 4728 976 
211 1520 2492 4604 4616 936 
212 1482 2472 4708 4579 986 
213 1515 2350 4618 4653 902 
214 1467 2325 4662 4550 859 
215 1476 2220 4487 4418 888 
216 1459 2155 4396 4383 841 
217 1410 2188 4364 4279 854 
218 1366 2145 4259 4215 900 
219 1331 1960 4360 4187 853 
220 1305 2016 4058 4093 818 
221 1257 1917 4087 3942 792 
222 1262 1820 3846 3905 783 
223 1202 1810 3918 3742 781 
224 1234 1803 3778 3571 716 
225 1134 1716 3707 3477 726 
226 1139 1599 3682 3513 709 
227 1065 1564 3441 3378 730 
228 1026 1431 3444 3371 668 
229 1074 1498 3284 3105 659 
230 990 1385 3249 2952 711 
231 984 1363 3275 2909 713 
232 975 1404 3147 2873 654 
233 949 1365 3051 2873 583 
234 919 1235 3020 2693 641 
235 867 1179 2783 2532 587 
236 878 1160 2798 2635 534 
237 813 1105 2775 2433 562 
238 767 1102 2559 2455 580 
239 798 1002 2480 2178 483 
240 784 1010 2488 2280 535 
241 735 901 2348 2195 456 
242 662 914 2280 2051 466 
243 652 865 2121 2004 403 
244 639 899 2105 1939 418 
245 595 848 2097 1824 381 
246 601 845 1927 1817 418 
247 593 787 1952 1843 356 
248 567 784 1770 1676 391 
249 528 738 1833 1628 346 
250 513 711 1653 1524 396 
251 519 697 1674 1512 329 
252 514 671 1589 1437 352 
253 425 638 1490 1294 324 
254 403 579 1431 1331 330 
255 428 623 1365 1290 314 
256 469 545 1369 1264 287 
257 397 511 1270 1169 287 
258 388 515 1220 1135 271 
259 396 473 1204 1073 295 
260 409 439 1087 971 275 
261 357 420 1064 908 247 
262 324 466 1030 928 286 
263 322 430 1045 885 221 
264 344 381 991 836 237 
265 304 365 929 822 256 
266 320 330 953 770 222 
267 311 340 821 751 193 
268 261 314 852 733 204 
269 247 346 788 709 195 
270 259 266 758 644 161 
271 238 251 774 666 176 
272 229 268 772 640 152 
273 226 251 701 594 143 
274 226 215 731 556 147 
275 213 203 678 543 125 
276 187 207 645 505 116 
277 206 182 628 495 146 
278 174 181 643 472 89 
279 192 181 605 486 100 
280 167 186 528 432 88 
281 150 159 520 419 99 
282 155 150 472 422 69 
283 160 135 454 420 56 
284 165 133 443 389 78 
285 133 119 450 367 58 
286 138 134 396 347 60 
287 122 98 400 322 54 
288 128 118 327 312 61 
289 118 103 361 292 45 
290 86 95 343 274 48 
291 123 84 335 263 41 
292 96 78 316 263 35 
293 104 82 293 226 51 
294 80 77 264 225 57 
295 88 78 273 214 46 
296 90 73 222 220 32 
297 91 63 220 192 35 
298 69 58 185 193 37 
299 72 59 198 180 33 
300 63 58 181 180 36 
301 75 75 191 161 33 
302 42 61 182 147 29 
303 64 67 181 165 20 
304 59 62 152 147 32 
305 65 46 158 156 25 
306 50 49 143 131 19 
307 44 44 134 150 21 
308 51 47 150 133 26 
309 59 45 146 140 20 
310 48 45 120 140 16 
311 38 50 113 143 7 
312 53 41 112 106 20 
313 50 46 106 132 20 
314 41 33 127 124 14 
315 39 45 101 109 19 
316 39 29 83 105 15 
317 23 34 81 109 16 
318 23 38 99 91 6 
319 25 38 89 96 8 
320 26 27 86 85 4 
321 21 27 86 105 14 
322 26 25 65 96 10 
323 23 24 73 86 9 
324 20 19 75 68 6 
325 10 24 75 68 6 
326 17 20 69 74 9 
327 20 16 58 81 7 
328 23 18 61 53 7 
329 19 28 56 53 3 
330 22 24 54 51 3 
331 20 21 68 46 6 
332 11 25 57 33 5 
333 14 24 37 43 4 
334 19 27 55 27 3 
335 13 33 50 36 4 
336 12 26 37 32 3 
337 11 26 27 39 2 
338 18 21 33 38 2 
339 17 25 24 35 7 
340 14 20 38 19 4 
341 11 18 38 33 5 
342 13 15 34 44 6 
343 6 13 28 38 9 
344 12 13 34 36 4 
345 9 16 26 24 5 
346 10 14 27 27 3 
347 2 16 32 29 3 
348 10 16 23 24 2 
349 13 15 28 20 6 
350 9 13 29 12 5 
351 5 17 27 14 4 
352 9 8 28 12 8 
353 13 14 26 14 9 
354 3 8 24 10 11 
355 6 9 26 14 12 
356 5 4 27 11 10 
357 5 6 25 11 11 
358 12 9 21 11 9 
359 5 5 15 16 4 
360 6 8 24 13 6 
361 5 14 15 14 5 
362 6 10 16 9 5 
363 4 4 23 11 7 
364 3 3 17 9 6 
365 1 3 17 20 6 
366 2 3 21 11 8 
367 6 4 14 13 6 
368 5 9 8 12 4 
369 5 6 13 10 8 
370 1 12 14 14 4 
371 3 7 9 7 3 
372 3 5 15 10 1 
373 4 4 15 14 2 
374 2 6 8 13 2 
375 4 5 12 12 1 
376 2 8 6 14 0 
377 6 4 8 12 0 
378 0 5 11 9 0 
379 1 5 0 10 0 
380 3 2 2 6 0 
381 0 1 2 7 1 
382 2 1 2 4 1 
383 0 2 1 9 0 
384 0 2 3 5 0 
385 2 1 2 7 0 
386 1 2 6 3 0 
387 2 3 2 9 0 
388 0 2 3 4 0 
389 1 3 4 5 0 
390 2 1 2 4 0 
391 1 0 1 2 0 
392 1 0 0 5 1 
393 0 1 0 0 1 
394 1 1 2 4 0 
395 0 1 0 2 0 
396 2 2 2 2 0 
397 1 0 2 5 0 
398 1 1 0 6 0 
399 1 0 2 5 0 
400 0 4 2 1 0 
401 0 0 1 2 0 
402 1 1 0 1 0 
403 1 0 2 1 0 
404 1 1 1 2 0 
405 0 1 1 2 0 
406 2 1 1 1 0 
407 2 0 2 2 0 
408 0 0 2 1 0 
409 1 0 2 5 0 
410 1 0 4 4 0 
411 4 0 1 5 0 
412 4 0 1 2 0 
413 2 2 1 3 0 
414 1 0 4 3 0 
415 3 0 4 3 0 
416 0 0 1 3 0 
417 1 1 1 2 0 
418 0 0 0 3 0 
419 3 0 1 0 0 
420 0 0 0 3 0 
421 0 0 1 2 0 
422 1 0 2 4 0 
423 0 0 1 1 0 
424 0 0 0 2 0 
425 0 0 0 0 0 
426 0 0 0 0 0 
427 0 0 0 0 0 
428 0 0 1 1 0 
429 0 0 0 0 0 
430 0 0 0 0 0 
431 0 0 2 0 0 
432 0 0 1 0 0 
433 0 0 0 0 0 
434 0 0 0 0 0 
435 0 0 2 0 0 
436 0 0 1 0 0 
437 0 0 1 0 0 
438 0 0 3 0 0 
439 0 0 3 0 0 
440 0 0 4 0 0 
441 0 0 3 0 0 
442 0 0 3 0 0 
443 0 0 1 0 0 
444 0 0 0 0 0 
445 0 0 1 0 0 
446 0 0 4 0 0 
447 1 0 2 0 0 
448 0 0 2 0 0 
449 0 0 1 0 0 
450 0 0 1 0 0 
451 1 0 0 0 0 
452 0 0 0 0 0 
453 0 0 2 0 1 
454 0 0 1 0 0 
455 0 0 2 0 0 
456 0 0 0 0 1 
457 0 0 0 0 0 
458 0 0 0 0 0 
