1 0 7 0 0 0 
2 0 6 0 0 0 
3 0 5 0 0 0 
4 0 5 1 0 0 
5 0 8 1 1 0 
6 0 8 1 1 0 
7 0 7 1 1 0 
8 0 7 1 1 0 
9 0 8 0 2 0 
10 0 7 0 2 0 
11 0 7 0 0 0 
12 0 11 0 0 0 
13 0 14 0 0 0 
14 0 13 0 0 0 
15 0 12 0 0 0 
16 0 12 0 0 0 
17 1 17 0 0 0 
18 0 20 1 0 0 
19 0 17 2 2 0 
20 0 20 3 2 0 
21 2 22 2 1 0 
22 2 28 1 3 0 
23 2 35 2 4 1 
24 2 28 3 6 1 
25 1 32 1 3 2 
26 0 31 2 3 4 
27 0 38 2 4 5 
28 0 35 1 8 5 
29 2 38 1 9 6 
30 4 39 2 12 5 
31 5 38 5 15 3 
32 9 43 5 12 1 
33 9 52 5 9 0 
34 9 48 9 11 0 
35 8 52 11 11 1 
36 7 53 9 10 2 
37 9 55 11 8 2 
38 12 52 10 13 2 
39 10 46 15 14 2 
40 14 57 14 18 2 
41 10 50 11 11 4 
42 12 54 13 13 5 
43 13 54 9 19 6 
44 11 61 5 17 5 
45 9 62 5 18 4 
46 5 67 3 22 3 
47 3 61 8 20 1 
48 7 74 10 29 0 
49 9 66 13 26 0 
50 9 72 16 24 0 
51 11 74 17 25 0 
52 12 74 18 24 0 
53 17 75 19 21 0 
54 15 68 23 21 0 
55 13 81 25 28 1 
56 14 97 20 31 1 
57 17 108 17 32 0 
58 16 102 17 38 0 
59 23 115 13 40 2 
60 24 133 11 35 2 
61 20 124 14 32 1 
62 21 145 18 25 2 
63 24 155 13 29 2 
64 26 162 10 22 3 
65 18 167 11 21 2 
66 23 183 11 33 2 
67 24 199 12 32 2 
68 28 197 8 34 2 
69 29 210 17 41 1 
70 31 224 17 41 1 
71 26 209 23 47 2 
72 23 232 28 53 2 
73 20 249 42 67 2 
74 31 261 46 71 3 
75 30 294 45 77 3 
76 42 300 48 81 0 
77 46 310 48 95 0 
78 44 317 57 97 1 
79 44 312 63 111 1 
80 49 331 65 114 1 
81 55 343 71 121 0 
82 59 335 68 127 5 
83 69 344 83 131 7 
84 60 382 104 155 5 
85 55 417 122 162 7 
86 72 445 138 171 11 
87 71 466 124 172 17 
88 79 492 143 192 11 
89 82 527 162 201 14 
90 93 527 157 211 21 
91 104 556 162 220 26 
92 110 591 185 214 32 
93 103 607 191 223 38 
94 110 638 194 246 32 
95 123 668 207 261 36 
96 118 691 233 269 41 
97 127 752 251 279 47 
98 132 805 259 284 33 
99 125 833 300 311 39 
100 139 893 340 341 43 
101 163 943 345 370 53 
102 168 954 324 392 57 
103 184 1011 361 439 54 
104 203 1080 370 440 59 
105 201 1148 433 505 51 
106 225 1205 439 565 48 
107 229 1252 441 566 43 
108 226 1276 473 640 48 
109 229 1320 510 679 49 
110 224 1362 539 730 50 
111 235 1410 618 747 52 
112 247 1458 696 825 59 
113 258 1581 698 866 69 
114 277 1714 736 875 79 
115 278 1826 781 931 84 
116 328 1894 804 976 103 
117 373 2003 850 1041 89 
118 387 2087 855 1085 89 
119 387 2182 905 1171 105 
120 398 2211 984 1211 121 
121 406 2329 1074 1292 121 
122 439 2410 1109 1282 130 
123 479 2658 1131 1363 151 
124 511 2751 1221 1431 165 
125 515 2950 1269 1548 167 
126 532 3061 1323 1604 173 
127 583 3129 1412 1738 169 
128 605 3297 1491 1776 160 
129 609 3388 1589 1888 198 
130 634 3561 1687 2019 210 
131 669 3731 1827 2143 217 
132 713 3947 1949 2260 222 
133 743 4147 2042 2400 234 
134 786 4427 2119 2506 244 
135 871 4690 2168 2593 276 
136 864 4807 2301 2672 267 
137 964 4977 2380 2826 284 
138 1033 5215 2550 2997 304 
139 1107 5480 2718 3120 307 
140 1161 5653 2878 3369 345 
141 1212 5857 3013 3501 414 
142 1232 6089 3147 3588 445 
143 1309 6263 3320 3760 484 
144 1337 6507 3515 3963 501 
145 1423 6675 3721 4229 503 
146 1497 6967 3886 4514 541 
147 1506 7266 4084 4745 532 
148 1578 7432 4450 4862 582 
149 1719 7764 4623 5050 615 
150 1762 8018 4796 5328 667 
151 1824 8298 4964 5552 720 
152 1888 8635 5218 5688 792 
153 1991 8920 5493 5996 814 
154 2065 9184 5723 6235 844 
155 2166 9298 5975 6434 889 
156 2254 9459 6195 6644 926 
157 2278 9696 6431 6859 935 
158 2342 9913 6572 7072 924 
159 2427 10009 6968 7170 1007 
160 2527 10179 7165 7467 1058 
161 2604 10296 7380 7731 1101 
162 2707 10302 7719 7983 1171 
163 2752 10574 7927 8301 1217 
164 2868 10663 8154 8368 1261 
165 2972 10732 8399 8668 1283 
166 3079 10717 8664 8918 1333 
167 3108 10875 8879 9248 1406 
168 3275 10896 9122 9544 1457 
169 3269 11037 9399 9806 1511 
170 3355 11124 9746 10027 1586 
171 3488 11292 10002 10336 1615 
172 3508 11490 10143 10713 1719 
173 3594 11531 10576 11145 1792 
174 3642 11491 10864 11436 1866 
175 3761 11546 11139 11572 1904 
176 3858 11639 11535 11817 2014 
177 3954 11607 11783 12036 2040 
178 4088 11709 12246 12574 2077 
179 4114 11747 12598 12916 2128 
180 4141 11766 12919 13176 2192 
181 4271 11848 13247 13263 2302 
182 4403 11865 13575 13521 2282 
183 4420 11754 13694 13804 2309 
184 4494 11806 13857 14029 2386 
185 4576 11700 14093 14002 2392 
186 4713 11652 14409 14278 2406 
187 4786 11576 14632 14372 2391 
188 4801 11509 14844 14604 2427 
189 4771 11381 15044 14852 2421 
190 4841 11318 15212 14983 2466 
191 4829 11205 15474 15171 2529 
192 4883 11050 15639 15267 2598 
193 4957 10962 15658 15557 2687 
194 4962 10814 15890 15667 2677 
195 4951 10601 15927 15804 2725 
196 4936 10483 15806 15968 2831 
197 4922 10289 15777 15867 2801 
198 4949 10156 15653 15666 2830 
199 4952 9970 15640 15631 2810 
200 4952 9684 15563 15822 2822 
201 4864 9481 15801 15640 2765 
202 4846 9351 15792 15532 2795 
203 4853 9236 15600 15441 2737 
204 4798 9054 15596 15401 2693 
205 4709 8906 15581 15322 2778 
206 4713 8805 15478 15104 2777 
207 4699 8521 15493 14945 2759 
208 4645 8331 15469 14851 2790 
209 4584 8117 15214 14701 2835 
210 4612 7939 14939 14519 2860 
211 4456 7706 14801 14367 2824 
212 4396 7430 14575 14172 2830 
213 4437 7225 14263 13889 2789 
214 4403 7088 14115 13564 2762 
215 4428 6836 14038 13502 2769 
216 4397 6669 13892 13172 2863 
217 4207 6513 13687 12936 2778 
218 4136 6309 13410 12766 2736 
219 3942 6181 13175 12555 2701 
220 3842 6053 12866 12202 2718 
221 3704 5871 12627 11948 2762 
222 3668 5702 12451 11481 2704 
223 3561 5526 12142 11144 2631 
224 3567 5436 11880 10719 2538 
225 3520 5369 11524 10588 2612 
226 3448 5146 11342 10312 2564 
227 3394 5031 10929 10035 2484 
228 3357 4857 10581 9760 2430 
229 3224 4767 10249 9375 2373 
230 3177 4568 10068 9062 2266 
231 3103 4410 9897 8813 2131 
232 3025 4286 9645 8679 2090 
233 2959 4032 9308 8396 2065 
234 2849 3831 9152 8166 1996 
235 2765 3723 8884 7802 1945 
236 2672 3554 8608 7456 1856 
237 2644 3355 8360 7182 1823 
238 2538 3241 8077 6864 1840 
239 2438 3171 7850 6608 1849 
240 2370 3067 7613 6414 1831 
241 2333 2995 7467 6183 1769 
242 2254 2889 7139 5962 1723 
243 2177 2827 6879 5820 1666 
244 2096 2681 6583 5657 1591 
245 2086 2568 6348 5516 1582 
246 2053 2503 6062 5345 1518 
247 1982 2357 5878 5072 1443 
248 1891 2274 5559 4952 1425 
249 1815 2177 5409 4817 1373 
250 1702 2102 5148 4628 1290 
251 1709 1993 5029 4472 1221 
252 1669 1938 4842 4302 1237 
253 1625 1815 4693 4138 1190 
254 1563 1731 4564 3892 1146 
255 1502 1739 4317 3747 1062 
256 1399 1717 4116 3659 995 
257 1352 1628 4064 3596 911 
258 1342 1535 3865 3432 877 
259 1271 1507 3770 3272 829 
260 1230 1474 3624 3182 785 
261 1164 1373 3516 3113 744 
262 1125 1334 3360 3041 684 
263 1104 1218 3259 2879 639 
264 1044 1179 3107 2783 598 
265 968 1132 3042 2610 601 
266 926 1088 2925 2505 578 
267 885 1075 2805 2464 546 
268 863 1031 2712 2352 538 
269 828 989 2554 2222 495 
270 809 955 2402 2069 453 
271 777 899 2349 2018 437 
272 799 843 2259 2002 409 
273 710 787 2199 1952 405 
274 650 750 2088 1915 363 
275 615 743 2002 1807 356 
276 612 758 1963 1743 311 
277 610 693 1898 1679 299 
278 579 659 1743 1601 302 
279 571 621 1664 1608 277 
280 599 555 1598 1500 247 
281 567 526 1484 1403 254 
282 502 489 1429 1327 260 
283 458 476 1389 1292 253 
284 437 474 1337 1243 250 
285 435 499 1282 1120 237 
286 411 476 1237 1069 207 
287 382 448 1154 1039 197 
288 357 444 1093 978 186 
289 337 424 1056 899 169 
290 324 376 1014 870 163 
291 342 350 951 835 146 
292 333 322 905 801 158 
293 335 300 879 718 167 
294 327 312 851 703 165 
295 300 313 814 642 153 
296 283 314 774 634 140 
297 279 290 769 611 130 
298 274 266 724 582 132 
299 241 245 691 582 108 
300 247 244 628 555 101 
301 236 252 594 512 96 
302 216 239 559 519 92 
303 212 235 525 499 83 
304 205 231 499 482 79 
305 188 226 493 447 90 
306 184 208 492 447 91 
307 175 213 470 430 89 
308 166 193 433 442 76 
309 164 189 402 416 65 
310 150 180 395 402 64 
311 116 164 384 396 57 
312 122 145 392 375 55 
313 112 138 386 355 48 
314 96 126 366 328 38 
315 88 112 377 294 39 
316 86 112 378 271 33 
317 72 107 388 252 32 
318 77 100 355 231 36 
319 74 94 353 221 42 
320 77 89 349 212 44 
321 73 87 339 194 38 
322 76 84 311 187 36 
323 68 79 300 193 36 
324 67 79 288 184 40 
325 61 88 272 177 39 
326 63 83 230 177 33 
327 46 86 211 167 33 
328 44 73 208 168 35 
329 51 71 197 160 34 
330 57 77 183 141 34 
331 46 73 185 137 25 
332 49 76 168 131 22 
333 44 73 164 110 22 
334 41 61 167 99 19 
335 35 59 158 99 19 
336 35 51 154 98 16 
337 40 42 157 95 16 
338 43 42 140 91 13 
339 37 46 123 88 14 
340 36 46 114 75 17 
341 37 51 103 76 18 
342 39 47 101 67 15 
343 33 51 91 68 13 
344 37 47 80 57 11 
345 37 43 89 60 14 
346 39 47 91 56 16 
347 35 35 91 48 19 
348 28 27 77 51 24 
349 29 23 68 47 27 
350 27 28 72 51 29 
351 29 24 68 49 23 
352 21 26 67 49 23 
353 21 24 55 37 21 
354 14 18 53 33 14 
355 14 16 45 35 10 
356 13 15 43 36 8 
357 13 16 47 39 8 
358 9 18 47 45 12 
359 12 16 45 47 14 
360 11 12 32 41 17 
361 16 12 25 40 13 
362 15 13 21 42 13 
363 13 12 17 42 6 
364 15 11 21 35 2 
365 14 6 22 36 2 
366 13 6 20 42 4 
367 16 4 19 37 4 
368 12 7 20 36 6 
369 14 7 21 33 10 
370 10 8 24 24 10 
371 8 8 23 20 8 
372 8 9 28 15 6 
373 4 6 31 20 5 
374 8 4 28 18 4 
375 5 6 30 21 4 
376 6 5 25 22 2 
377 6 3 22 21 2 
378 7 2 19 20 3 
379 2 1 18 20 2 
380 3 0 20 22 3 
381 2 0 17 16 2 
382 4 1 17 14 1 
383 4 2 15 12 1 
384 4 2 13 14 1 
385 4 2 17 15 1 
386 2 2 16 20 1 
387 3 2 18 19 2 
388 3 3 22 19 2 
389 2 5 21 17 1 
390 1 5 21 13 1 
391 1 5 20 11 1 
392 1 8 22 10 0 
393 2 3 16 10 0 
394 2 2 16 14 0 
395 1 0 15 12 1 
396 1 0 15 20 2 
397 1 0 14 15 1 
398 0 0 18 15 1 
399 0 0 19 16 0 
400 0 0 22 11 0 
401 0 0 25 8 0 
402 1 0 27 13 0 
403 0 2 29 12 0 
404 0 3 28 11 0 
405 2 2 25 9 0 
406 3 2 20 5 0 
407 5 2 19 6 0 
408 3 4 13 7 0 
409 3 4 14 6 1 
410 4 2 11 6 0 
411 3 1 11 4 0 
412 1 0 9 2 0 
413 0 0 10 1 0 
414 0 0 6 1 0 
415 0 0 6 0 0 
416 0 0 4 0 0 
417 1 0 5 0 0 
418 1 1 5 0 0 
419 1 1 7 0 0 
420 3 0 7 0 0 
421 4 0 8 0 0 
422 5 0 8 0 0 
423 4 0 7 0 0 
424 2 0 8 0 0 
425 2 0 11 0 0 
426 2 0 20 0 0 
427 1 0 16 0 0 
428 1 1 15 0 0 
429 1 2 14 0 0 
430 0 4 15 0 0 
431 0 2 17 1 0 
432 0 4 8 1 0 
433 0 5 4 2 1 
434 0 4 3 1 1 
435 0 4 1 0 1 
436 0 2 1 0 1 
437 1 3 1 0 0 
438 0 4 1 0 0 
439 0 4 1 0 0 
440 1 2 1 0 0 
441 1 2 1 0 0 
442 1 1 1 0 0 
443 1 2 1 1 0 
444 1 1 0 0 0 
445 1 1 0 0 0 
446 1 3 0 0 0 
447 0 3 0 0 0 
448 0 2 0 0 0 
449 0 4 0 0 0 
450 0 4 0 0 0 
451 0 3 0 0 0 
452 0 3 0 0 0 
453 0 2 0 0 0 
454 0 1 0 0 0 
455 0 1 0 0 0 
456 0 1 0 0 0 
457 0 1 0 0 0 
458 0 0 0 0 0 
