1 0 12 0 0 0 
2 1 12 0 0 0 
3 0 12 0 0 0 
4 0 12 0 0 0 
5 0 16 0 0 0 
6 0 15 0 0 0 
7 0 14 0 0 0 
8 0 18 0 0 0 
9 0 22 0 0 0 
10 2 20 0 0 0 
11 3 22 0 1 0 
12 3 24 2 1 0 
13 1 19 3 1 0 
14 1 18 6 1 0 
15 1 18 6 1 0 
16 2 20 7 0 0 
17 2 23 8 0 0 
18 2 19 7 0 0 
19 2 18 6 0 0 
20 1 14 6 0 0 
21 1 14 7 0 0 
22 1 6 6 1 0 
23 0 5 11 0 0 
24 0 5 8 0 0 
25 0 7 7 0 0 
26 0 8 6 0 0 
27 0 5 6 0 0 
28 0 5 9 0 0 
29 1 5 5 0 0 
30 0 8 6 0 0 
31 0 7 7 0 0 
32 0 6 7 2 0 
33 0 6 8 2 0 
34 0 8 4 2 0 
35 1 6 3 3 0 
36 1 7 3 2 0 
37 1 5 2 3 0 
38 2 6 4 3 0 
39 1 5 5 4 0 
40 1 7 10 2 0 
41 2 7 10 1 0 
42 4 7 13 1 0 
43 4 6 8 4 0 
44 4 7 8 4 0 
45 6 6 10 4 0 
46 4 3 15 3 0 
47 5 1 15 5 0 
48 4 1 16 9 0 
49 4 1 19 7 0 
50 4 1 18 6 0 
51 2 1 17 7 0 
52 1 1 17 2 0 
53 1 2 16 5 0 
54 1 4 15 4 0 
55 2 4 13 5 0 
56 2 5 10 7 0 
57 1 3 13 8 0 
58 1 2 14 10 0 
59 1 1 8 10 0 
60 1 0 4 12 0 
61 0 0 6 17 0 
62 0 0 10 21 0 
63 0 0 7 20 0 
64 0 0 7 18 0 
65 0 0 4 19 0 
66 1 0 3 19 0 
67 3 0 2 18 0 
68 3 0 1 16 0 
69 4 2 2 16 0 
70 4 1 1 15 0 
71 2 0 3 22 0 
72 0 3 4 13 0 
73 0 3 4 6 0 
74 2 5 3 5 0 
75 1 5 5 5 0 
76 1 4 2 4 0 
77 1 4 2 2 0 
78 2 3 1 1 0 
79 3 4 1 0 0 
80 1 10 2 0 0 
81 2 13 3 0 0 
82 0 11 4 0 0 
83 0 14 4 0 0 
84 0 11 8 0 0 
85 0 7 7 0 0 
86 3 6 6 0 0 
87 2 8 5 0 1 
88 1 9 5 0 0 
89 1 10 4 0 0 
90 1 11 4 0 0 
91 0 11 2 0 0 
92 0 14 3 0 0 
93 0 22 3 0 0 
94 0 24 3 0 0 
95 0 30 2 0 0 
96 0 33 1 0 0 
97 0 37 1 0 0 
98 1 39 1 2 0 
99 1 35 1 2 0 
100 1 31 1 1 0 
101 0 25 2 2 0 
102 0 34 1 0 0 
103 0 44 1 0 0 
104 0 35 2 1 0 
105 0 40 4 1 0 
106 1 35 4 3 0 
107 1 32 3 4 0 
108 0 35 3 5 0 
109 1 34 1 8 0 
110 1 33 1 7 0 
111 0 36 1 5 0 
112 0 42 1 4 0 
113 0 42 4 3 0 
114 1 45 6 2 0 
115 3 43 5 4 0 
116 4 41 7 5 0 
117 5 49 3 5 0 
118 8 47 6 7 0 
119 9 47 8 7 0 
120 7 50 7 11 0 
121 8 53 8 9 0 
122 6 48 8 10 0 
123 10 52 12 8 0 
124 13 52 17 7 0 
125 13 53 28 6 0 
126 15 59 29 10 0 
127 15 50 29 11 0 
128 12 52 32 11 0 
129 9 54 33 12 0 
130 12 55 29 14 0 
131 11 60 34 16 0 
132 10 67 37 17 0 
133 11 83 38 17 1 
134 10 100 38 14 1 
135 9 115 43 22 3 
136 13 120 50 20 2 
137 11 117 41 33 2 
138 16 123 49 37 2 
139 15 130 63 50 1 
140 16 133 67 51 0 
141 15 143 69 60 0 
142 19 148 83 70 0 
143 26 151 80 62 2 
144 36 162 71 66 3 
145 41 176 74 71 6 
146 46 192 91 71 6 
147 51 202 100 77 5 
148 56 225 109 90 9 
149 50 250 118 99 11 
150 39 282 130 96 9 
151 33 298 141 110 12 
152 34 305 143 111 13 
153 28 327 152 123 19 
154 33 338 153 127 21 
155 39 382 143 119 23 
156 45 397 162 120 25 
157 48 402 153 110 31 
158 57 427 158 115 34 
159 60 483 169 119 30 
160 62 503 175 127 35 
161 72 525 183 127 24 
162 76 534 187 136 21 
163 77 565 195 145 26 
164 90 610 185 151 38 
165 90 626 196 170 33 
166 89 607 196 170 38 
167 99 600 206 168 35 
168 122 630 201 192 36 
169 117 686 211 209 38 
170 128 723 228 210 48 
171 153 797 227 204 53 
172 160 820 251 216 53 
173 160 873 283 247 56 
174 163 892 302 264 61 
175 173 958 327 288 70 
176 161 1002 334 320 77 
177 178 1044 316 338 86 
178 181 1094 347 348 93 
179 186 1184 379 383 101 
180 212 1231 441 425 109 
181 246 1343 464 458 109 
182 262 1376 497 485 122 
183 271 1438 521 529 125 
184 268 1444 530 581 143 
185 285 1544 569 628 142 
186 291 1615 602 699 159 
187 320 1712 635 726 170 
188 341 1758 704 817 172 
189 339 1823 684 880 191 
190 350 1875 728 916 202 
191 400 1949 817 1023 224 
192 455 2059 894 1109 248 
193 479 2142 938 1160 270 
194 478 2240 998 1230 282 
195 473 2370 1030 1265 309 
196 500 2465 1096 1370 293 
197 509 2555 1178 1471 315 
198 542 2703 1264 1557 316 
199 570 2858 1324 1594 329 
200 598 2960 1431 1742 326 
201 590 3037 1546 1837 379 
202 642 3138 1610 1860 414 
203 672 3202 1648 1988 430 
204 690 3309 1706 2099 447 
205 709 3453 1833 2160 444 
206 720 3702 1927 2303 430 
207 794 3929 2021 2385 449 
208 870 4158 2141 2486 488 
209 918 4362 2261 2628 511 
210 967 4489 2414 2773 534 
211 983 4690 2561 2912 553 
212 1044 4835 2673 3059 578 
213 1098 5017 2792 3273 580 
214 1195 5209 2989 3489 644 
215 1247 5410 3145 3627 660 
216 1334 5609 3250 3945 685 
217 1355 5787 3420 4107 732 
218 1423 6026 3595 4341 724 
219 1485 6279 3734 4599 777 
220 1561 6655 3969 4722 798 
221 1598 6878 4192 4879 844 
222 1692 7059 4338 5189 865 
223 1764 7336 4599 5465 880 
224 1861 7506 4751 5611 903 
225 1970 7659 4949 5899 921 
226 2097 7983 5179 6199 972 
227 2218 8085 5433 6407 970 
228 2284 8337 5821 6615 1037 
229 2337 8552 6018 6926 1069 
230 2388 8925 6121 7211 1101 
231 2490 9137 6419 7442 1163 
232 2551 9353 6705 7620 1156 
233 2641 9586 7092 7927 1259 
234 2758 9687 7452 8270 1306 
235 2792 9817 7765 8592 1355 
236 2792 10094 8030 8951 1415 
237 2896 10298 8385 9240 1497 
238 2992 10648 8753 9458 1550 
239 3095 10779 9043 9820 1617 
240 3155 11110 9452 10101 1691 
241 3230 11262 9723 10488 1724 
242 3346 11265 10014 10851 1795 
243 3458 11339 10255 11129 1852 
244 3582 11473 10568 11384 1875 
245 3645 11570 11026 11617 1853 
246 3698 11761 11381 11890 1967 
247 3725 11851 11596 12147 1985 
248 3771 12046 12000 12406 1993 
249 3842 12205 12446 12632 2135 
250 3883 12213 12685 12875 2209 
251 3969 12222 12927 13165 2194 
252 4090 12282 13195 13436 2211 
253 4205 12142 13400 13621 2284 
254 4338 12173 13699 13855 2415 
255 4393 12064 13991 14059 2500 
256 4555 11964 14288 14210 2592 
257 4574 11892 14498 14553 2630 
258 4685 11871 14556 14884 2658 
259 4693 11791 14716 15246 2654 
260 4773 11756 14965 15305 2673 
261 4788 11806 15055 15414 2623 
262 4885 11845 15245 15391 2657 
263 4860 11608 15336 15299 2683 
264 4941 11421 15554 15488 2746 
265 4949 11253 15653 15504 2789 
266 4999 11266 15832 15540 2828 
267 5016 11102 16028 15718 2858 
268 5084 10986 16101 15649 2854 
269 5088 11024 16264 15556 2891 
270 5063 10842 16259 15400 2875 
271 5012 10619 16222 15338 2889 
272 5011 10499 16326 15370 2859 
273 4999 10331 16311 15346 2858 
274 4895 10321 16305 15283 2940 
275 4945 10145 16293 15104 2964 
276 4960 10023 16144 15066 2992 
277 4828 9902 16137 14930 2939 
278 4847 9626 16073 14797 2932 
279 4893 9426 15911 14805 2893 
280 4849 9255 15916 14507 2776 
281 4808 8940 15627 14301 2750 
282 4784 8696 15607 14167 2758 
283 4718 8442 15344 14026 2658 
284 4668 8274 15075 13910 2700 
285 4590 8026 14785 13586 2625 
286 4598 7788 14581 13272 2574 
287 4527 7603 14357 13038 2565 
288 4465 7328 14160 12842 2570 
289 4318 7153 13847 12623 2502 
290 4275 6979 13632 12362 2506 
291 4161 6612 13317 12304 2444 
292 4151 6438 13006 11946 2413 
293 4046 6249 12666 11736 2433 
294 3942 6070 12317 11569 2343 
295 3942 5929 12084 11155 2287 
296 3984 5662 11800 10731 2241 
297 3912 5471 11437 10383 2126 
298 3817 5267 11060 10178 2153 
299 3679 5117 10807 10031 2156 
300 3574 4933 10514 9715 2067 
301 3387 4789 10202 9414 2052 
302 3185 4599 9884 9210 2020 
303 3092 4469 9594 9088 1936 
304 2964 4350 9258 8799 1853 
305 2816 4097 8921 8443 1813 
306 2803 3952 8682 8097 1785 
307 2704 3787 8402 7826 1678 
308 2620 3697 8082 7539 1690 
309 2498 3642 7725 7263 1651 
310 2386 3514 7562 7147 1577 
311 2311 3341 7375 6856 1536 
312 2237 3278 7110 6672 1432 
313 2208 3204 6870 6453 1432 
314 2147 3003 6679 6139 1389 
315 2130 2911 6431 6021 1322 
316 2066 2798 6278 5878 1285 
317 1975 2663 6007 5640 1299 
318 1917 2543 5888 5320 1291 
319 1848 2371 5613 5217 1215 
320 1803 2275 5514 5054 1151 
321 1724 2246 5358 4890 1100 
322 1603 2102 5125 4657 1034 
323 1510 2013 5029 4536 997 
324 1457 1965 4751 4390 916 
325 1413 1894 4579 4261 872 
326 1379 1822 4421 4089 855 
327 1344 1736 4243 3913 841 
328 1310 1649 4060 3754 804 
329 1182 1562 3829 3589 790 
330 1155 1484 3623 3429 768 
331 1092 1433 3516 3254 731 
332 1012 1369 3376 3163 731 
333 982 1310 3138 3007 720 
334 935 1271 2996 2868 696 
335 913 1227 2818 2700 683 
336 857 1190 2697 2578 650 
337 836 1151 2582 2526 636 
338 803 1092 2563 2410 589 
339 766 1022 2443 2294 584 
340 739 974 2386 2183 561 
341 705 922 2264 2116 523 
342 682 886 2163 2018 513 
343 629 838 2118 1887 479 
344 586 803 2085 1797 456 
345 579 764 2024 1708 432 
346 540 732 1924 1617 418 
347 511 687 1860 1557 386 
348 506 659 1786 1524 378 
349 493 607 1762 1455 351 
350 467 582 1635 1419 335 
351 418 570 1592 1355 321 
352 403 553 1530 1274 320 
353 398 540 1440 1284 310 
354 391 529 1395 1233 310 
355 374 495 1400 1189 303 
356 380 480 1292 1149 307 
357 377 455 1226 1101 279 
358 354 450 1153 1045 246 
359 360 419 1134 1024 238 
360 348 398 1114 969 235 
361 339 362 1047 940 241 
362 319 340 955 896 244 
363 297 306 914 886 260 
364 296 298 889 828 252 
365 278 281 845 800 257 
366 270 260 796 763 257 
367 254 259 769 705 217 
368 233 259 686 674 217 
369 210 242 676 634 198 
370 196 242 665 626 180 
371 190 241 618 584 180 
372 185 233 583 564 178 
373 177 213 526 545 160 
374 183 206 503 493 163 
375 167 200 462 478 155 
376 182 193 470 452 145 
377 184 201 456 404 145 
378 174 199 481 393 146 
379 157 199 462 365 128 
380 163 204 439 351 122 
381 151 198 401 350 119 
382 125 181 393 349 112 
383 126 162 392 327 121 
384 114 166 376 315 111 
385 119 149 342 262 99 
386 119 139 329 251 101 
387 114 134 305 218 91 
388 97 110 294 191 90 
389 83 102 295 190 86 
390 85 97 277 178 85 
391 76 92 269 156 78 
392 80 83 264 152 66 
393 76 77 252 166 52 
394 72 75 239 158 54 
395 71 69 234 151 44 
396 71 63 216 146 39 
397 73 57 203 143 34 
398 74 61 211 151 32 
399 69 67 254 142 35 
400 65 62 245 138 40 
401 67 53 235 133 41 
402 64 50 215 122 33 
403 62 56 195 132 36 
404 48 45 178 133 29 
405 45 40 183 136 24 
406 42 35 183 127 15 
407 37 43 186 133 13 
408 31 41 187 135 10 
409 32 46 190 129 7 
410 25 40 173 133 6 
411 21 35 156 121 8 
412 19 27 131 126 3 
413 19 27 125 120 2 
414 17 28 128 112 3 
415 22 29 125 105 3 
416 22 29 124 90 2 
417 22 28 115 87 3 
418 24 32 103 79 3 
419 22 29 90 75 5 
420 23 24 87 73 6 
421 20 25 72 65 8 
422 21 24 74 72 11 
423 23 21 81 74 10 
424 23 14 78 76 11 
425 21 19 74 75 13 
426 23 19 75 77 12 
427 21 16 81 82 11 
428 16 16 81 76 12 
429 19 21 76 75 16 
430 15 17 76 79 15 
431 16 19 83 78 15 
432 14 26 79 67 14 
433 15 26 84 62 12 
434 14 30 80 62 11 
435 18 29 73 62 8 
436 16 31 68 52 5 
437 16 33 64 56 5 
438 13 33 71 59 5 
439 11 32 67 62 4 
440 9 37 65 51 2 
441 7 33 59 48 3 
442 3 38 64 46 0 
443 4 31 68 38 1 
444 7 26 71 35 1 
445 10 24 63 33 1 
446 12 22 64 44 1 
447 11 22 64 40 2 
448 9 20 66 46 3 
449 11 18 67 40 2 
450 10 20 58 36 1 
451 9 23 59 34 1 
452 6 23 59 37 2 
453 11 26 49 36 2 
454 10 25 53 45 2 
455 13 27 48 48 2 
456 14 22 50 38 2 
457 12 24 44 37 2 
458 12 26 36 43 2 
459 12 30 39 31 1 
460 11 28 37 31 1 
461 11 22 40 35 1 
462 10 21 35 39 1 
463 9 17 35 31 2 
464 14 19 34 28 3 
465 11 25 35 25 4 
466 11 22 37 25 5 
467 13 30 40 28 1 
468 14 30 38 26 1 
469 13 24 29 26 2 
470 18 24 24 24 1 
471 15 19 24 25 0 
472 15 20 28 26 0 
473 16 24 27 29 0 
474 13 23 31 26 0 
475 14 19 23 23 0 
476 9 18 22 24 0 
477 8 22 30 22 0 
478 5 24 30 21 0 
479 3 19 32 22 0 
480 5 19 28 24 0 
481 3 23 27 26 0 
482 2 19 25 21 0 
483 2 13 22 17 0 
484 3 10 24 13 0 
485 1 8 31 13 0 
486 2 10 29 13 0 
487 2 13 29 14 0 
488 4 13 23 19 0 
489 5 11 20 21 0 
490 11 10 21 23 0 
491 9 9 20 23 0 
492 14 10 23 22 0 
493 10 9 25 23 0 
494 13 8 26 23 0 
495 11 10 29 25 0 
496 12 16 32 26 1 
497 11 15 36 35 2 
498 9 17 28 30 1 
499 7 17 35 27 1 
500 5 16 31 23 1 
501 8 14 27 20 0 
502 9 16 24 21 0 
503 10 19 29 21 0 
504 10 18 30 20 1 
505 8 17 23 21 1 
506 9 10 20 21 2 
507 12 9 18 18 1 
508 10 9 22 15 1 
509 7 7 20 14 0 
510 6 8 15 17 1 
511 4 7 18 16 1 
512 3 8 18 19 1 
513 4 7 22 20 1 
514 3 6 23 19 0 
515 1 5 22 14 0 
516 5 2 27 16 0 
517 4 3 26 14 0 
518 3 4 23 13 0 
519 3 2 25 13 0 
520 4 2 28 18 0 
521 5 1 24 18 0 
522 6 0 24 17 0 
523 3 0 23 10 0 
524 2 0 24 11 0 
525 2 1 21 6 0 
526 3 0 17 7 0 
527 1 0 17 8 0 
528 1 0 16 13 0 
529 1 0 16 9 0 
530 0 0 13 8 0 
531 0 0 11 5 0 
532 0 0 9 1 0 
533 0 0 5 1 0 
534 0 0 3 2 0 
535 0 0 5 2 0 
536 0 0 7 1 0 
537 0 0 9 0 0 
538 0 0 11 0 0 
539 0 0 7 0 0 
540 0 0 6 0 0 
541 0 0 4 0 0 
542 0 0 5 0 0 
543 0 0 4 0 0 
544 0 0 2 0 0 
545 0 0 2 0 0 
546 0 0 3 0 0 
547 0 0 2 0 0 
548 0 0 3 0 0 
549 0 0 2 0 0 
550 0 0 1 0 0 
551 0 0 0 0 0 
