1 0 9 0 0 0 
2 0 8 0 0 0 
3 0 9 0 0 0 
4 0 8 0 0 0 
5 0 6 0 0 0 
6 0 9 0 0 0 
7 0 12 0 0 0 
8 0 15 0 0 0 
9 0 10 0 1 0 
10 0 6 0 1 0 
11 0 6 0 1 0 
12 0 6 0 2 0 
13 1 9 0 0 0 
14 0 11 0 0 0 
15 0 7 0 0 0 
16 0 11 0 0 0 
17 0 14 1 0 0 
18 0 21 4 2 0 
19 0 19 2 1 0 
20 0 18 1 0 0 
21 0 17 1 1 0 
22 0 13 0 1 0 
23 0 10 0 0 0 
24 0 15 0 0 0 
25 0 16 0 0 0 
26 0 16 1 3 0 
27 0 14 1 3 0 
28 0 15 1 2 0 
29 0 16 1 4 0 
30 1 14 2 5 0 
31 2 13 2 7 0 
32 3 13 1 8 0 
33 3 18 1 7 0 
34 3 16 1 8 0 
35 5 16 0 8 0 
36 6 17 0 11 0 
37 6 21 1 8 0 
38 7 17 1 7 0 
39 6 18 2 6 0 
40 6 18 4 6 0 
41 4 13 5 7 0 
42 4 19 4 5 0 
43 5 25 7 4 0 
44 5 27 9 4 0 
45 5 26 11 6 0 
46 4 23 17 7 0 
47 6 21 15 8 0 
48 7 22 26 7 0 
49 11 22 28 10 0 
50 8 33 24 12 0 
51 7 33 22 12 0 
52 6 36 16 12 0 
53 10 44 16 14 0 
54 11 52 18 18 0 
55 11 55 30 35 0 
56 6 49 23 32 1 
57 5 47 21 36 1 
58 5 38 26 33 1 
59 10 39 21 32 1 
60 8 43 26 35 1 
61 9 42 31 47 0 
62 12 40 34 55 0 
63 11 45 34 57 0 
64 15 44 30 50 0 
65 12 45 33 55 1 
66 12 51 36 57 2 
67 13 61 33 66 3 
68 13 67 31 74 3 
69 10 65 35 80 3 
70 9 78 39 80 4 
71 10 85 36 77 5 
72 17 85 42 89 5 
73 21 86 41 92 3 
74 17 90 46 82 3 
75 20 91 49 89 8 
76 21 89 56 100 8 
77 23 92 52 110 10 
78 24 94 50 117 5 
79 33 91 44 119 5 
80 33 92 46 124 8 
81 30 100 59 140 8 
82 31 104 72 133 8 
83 30 115 71 137 12 
84 35 129 76 151 12 
85 34 132 87 154 9 
86 28 136 96 166 12 
87 34 149 94 199 10 
88 36 154 106 200 14 
89 46 157 101 198 18 
90 45 191 108 212 17 
91 44 178 117 208 17 
92 55 191 118 237 16 
93 68 176 132 256 14 
94 75 191 138 264 16 
95 71 210 143 269 19 
96 73 225 149 277 18 
97 81 248 163 278 25 
98 84 246 178 284 26 
99 86 277 194 296 24 
100 85 310 210 303 33 
101 101 340 214 320 42 
102 91 352 232 340 47 
103 96 384 271 348 45 
104 108 419 301 347 57 
105 115 434 311 341 57 
106 112 457 325 376 58 
107 115 477 349 388 59 
108 102 522 326 398 67 
109 107 559 345 422 69 
110 122 633 360 450 65 
111 143 654 401 497 68 
112 139 685 419 555 68 
113 155 711 426 614 71 
114 168 779 473 660 74 
115 171 813 488 696 83 
116 172 912 516 748 77 
117 177 950 548 805 64 
118 183 987 567 861 63 
119 204 1041 596 910 62 
120 222 1091 602 925 69 
121 233 1165 598 966 65 
122 263 1239 602 1026 73 
123 265 1291 618 1103 73 
124 295 1324 662 1141 76 
125 321 1446 685 1157 85 
126 344 1522 726 1237 102 
127 349 1617 787 1297 99 
128 387 1712 817 1361 97 
129 444 1792 877 1426 106 
130 460 1850 985 1479 121 
131 495 1936 1083 1543 137 
132 501 2028 1167 1592 139 
133 543 2211 1248 1624 161 
134 545 2330 1339 1698 163 
135 566 2443 1380 1844 180 
136 585 2544 1510 1934 183 
137 620 2611 1585 2010 201 
138 661 2771 1708 2126 224 
139 710 2918 1836 2185 225 
140 723 3060 1911 2333 241 
141 768 3199 2045 2474 255 
142 773 3395 2168 2493 280 
143 804 3433 2306 2597 311 
144 822 3699 2373 2676 342 
145 914 3824 2495 2823 357 
146 931 3972 2631 2897 359 
147 931 4175 2791 3007 360 
148 975 4349 2980 3127 383 
149 1068 4512 3112 3266 409 
150 1137 4635 3188 3466 424 
151 1187 4763 3322 3637 460 
152 1212 4985 3451 3787 465 
153 1268 5087 3624 3992 483 
154 1357 5385 3721 4167 523 
155 1441 5675 3875 4404 542 
156 1499 5947 3998 4674 557 
157 1553 6134 4169 4930 600 
158 1560 6457 4427 5117 629 
159 1628 6642 4560 5349 666 
160 1643 6849 4724 5524 701 
161 1681 7060 4911 5706 746 
162 1769 7317 5119 6001 771 
163 1872 7488 5377 6105 800 
164 1954 7819 5636 6376 855 
165 2019 8081 5952 6607 838 
166 2158 8414 6213 6855 865 
167 2206 8704 6493 7083 914 
168 2338 9074 6723 7384 967 
169 2459 9315 7031 7817 987 
170 2491 9665 7283 8207 1066 
171 2544 10050 7576 8399 1110 
172 2686 10361 7885 8559 1146 
173 2780 10717 8135 8722 1179 
174 2876 10958 8410 9074 1250 
175 3020 11193 8667 9403 1286 
176 3142 11419 9008 9578 1331 
177 3216 11709 9380 9898 1412 
178 3333 11902 9772 10209 1501 
179 3487 12109 9997 10620 1570 
180 3546 12383 10315 10769 1639 
181 3672 12506 10783 10972 1725 
182 3778 12679 11061 11273 1693 
183 3875 12722 11398 11560 1797 
184 4043 12652 11759 11713 1789 
185 3997 12874 12076 11844 1868 
186 4085 13003 12328 12268 1963 
187 4256 12974 12559 12586 1979 
188 4306 12969 12888 12820 2027 
189 4324 13073 13044 13046 2117 
190 4367 13062 13229 13337 2244 
191 4424 13156 13450 13473 2386 
192 4490 13007 13779 13569 2541 
193 4489 12950 14101 13807 2586 
194 4705 12862 14351 13894 2624 
195 4728 12882 14719 14086 2650 
196 4783 12885 14929 14145 2745 
197 4837 12831 15141 14431 2849 
198 4807 12700 15106 14651 2914 
199 4805 12619 15148 14907 2961 
200 4815 12447 15166 15160 2995 
201 4817 12290 15271 15258 3137 
202 4979 12145 15430 15286 3138 
203 4932 11982 15473 15359 3195 
204 4845 11719 15410 15379 3237 
205 4840 11383 15387 15443 3184 
206 4776 11219 15356 15534 3244 
207 4905 10978 15552 15569 3242 
208 5085 10647 15649 15604 3275 
209 4980 10512 15713 15796 3314 
210 4809 10334 15870 15606 3337 
211 4774 10076 15814 15516 3317 
212 4716 9922 15635 15161 3283 
213 4735 9629 15572 14903 3300 
214 4714 9477 15418 14801 3273 
215 4732 9283 15371 14739 3183 
216 4709 9116 15210 14629 3288 
217 4681 8871 15120 14505 3185 
218 4675 8684 15199 14246 3108 
219 4592 8426 14864 14008 2974 
220 4603 8255 14595 13848 2908 
221 4548 8116 14403 13708 2913 
222 4508 7924 14158 13464 2889 
223 4442 7745 14040 13207 2851 
224 4454 7496 13774 13006 2806 
225 4360 7333 13523 12930 2788 
226 4282 7127 13272 12565 2739 
227 4254 7007 13091 12465 2778 
228 4202 6887 12833 12215 2716 
229 4025 6591 12515 11904 2624 
230 4007 6385 12208 11637 2554 
231 3822 6108 12054 11303 2572 
232 3750 5929 11650 11056 2548 
233 3680 5751 11464 10742 2479 
234 3548 5523 11048 10325 2492 
235 3516 5372 10825 10181 2420 
236 3429 5094 10610 9896 2333 
237 3315 4905 10480 9552 2333 
238 3232 4755 10260 9258 2307 
239 3098 4637 9951 9051 2196 
240 2931 4524 9761 8721 2090 
241 2771 4269 9495 8421 2105 
242 2773 4178 9242 8248 2076 
243 2615 4069 8941 7946 2054 
244 2614 3842 8710 7738 1955 
245 2506 3648 8403 7478 1954 
246 2394 3564 8088 7299 1886 
247 2297 3474 7879 7096 1848 
248 2237 3276 7494 6815 1809 
249 2199 3127 7224 6552 1778 
250 2099 2988 6962 6337 1676 
251 2017 2897 6729 6156 1644 
252 1967 2790 6558 5936 1580 
253 1912 2737 6330 5604 1540 
254 1878 2716 6251 5426 1493 
255 1793 2629 5923 5224 1443 
256 1723 2550 5723 4951 1396 
257 1656 2455 5470 4827 1326 
258 1605 2360 5230 4749 1277 
259 1582 2286 5043 4530 1271 
260 1512 2220 4853 4255 1180 
261 1501 2152 4671 4100 1130 
262 1396 2080 4544 3932 1109 
263 1364 1948 4346 3761 1090 
264 1324 1885 4207 3606 1045 
265 1300 1841 4128 3456 982 
266 1262 1799 3974 3451 963 
267 1204 1747 3897 3331 909 
268 1198 1654 3766 3210 854 
269 1117 1588 3618 3094 788 
270 1152 1465 3510 2925 715 
271 1114 1389 3448 2794 691 
272 1088 1372 3292 2639 675 
273 1046 1316 3274 2547 646 
274 1014 1238 3048 2445 629 
275 1006 1213 2939 2281 615 
276 977 1145 2804 2132 586 
277 900 1130 2756 2017 551 
278 835 1105 2698 1960 516 
279 745 1040 2512 1917 506 
280 740 957 2376 1808 458 
281 666 919 2269 1727 428 
282 626 853 2203 1708 414 
283 578 822 2061 1662 400 
284 575 795 2026 1580 387 
285 535 762 1896 1499 375 
286 478 711 1813 1445 340 
287 481 660 1685 1388 319 
288 485 617 1581 1339 301 
289 446 662 1491 1282 301 
290 446 637 1393 1200 277 
291 413 594 1293 1152 279 
292 391 560 1272 1109 252 
293 362 507 1234 997 244 
294 357 517 1208 915 249 
295 338 494 1108 829 248 
296 329 480 1082 816 225 
297 324 457 1040 793 230 
298 318 432 994 814 224 
299 303 405 969 757 220 
300 302 395 909 722 200 
301 307 383 850 722 199 
302 314 370 826 693 205 
303 310 358 791 674 180 
304 283 325 746 650 179 
305 252 300 701 643 182 
306 256 309 693 615 173 
307 258 280 674 601 164 
308 252 251 657 579 173 
309 223 257 646 568 165 
310 217 246 595 566 165 
311 203 235 575 544 152 
312 181 226 582 516 125 
313 170 223 530 497 125 
314 151 207 495 488 131 
315 146 210 465 451 125 
316 142 183 426 451 109 
317 129 193 409 446 112 
318 140 190 389 421 117 
319 139 179 353 425 118 
320 128 161 358 384 101 
321 121 146 341 363 101 
322 116 150 330 348 96 
323 106 140 331 361 98 
324 97 121 333 353 91 
325 102 114 342 309 84 
326 99 104 330 274 83 
327 86 93 352 271 76 
328 77 72 312 246 69 
329 62 77 293 223 64 
330 56 61 268 205 65 
331 51 64 276 205 63 
332 59 64 278 185 58 
333 57 62 266 158 51 
334 50 61 249 166 47 
335 50 52 235 156 50 
336 44 41 212 157 57 
337 48 36 210 153 54 
338 52 29 203 142 46 
339 39 35 210 128 52 
340 28 32 192 124 51 
341 32 30 196 126 49 
342 39 30 177 129 52 
343 34 27 163 118 54 
344 33 28 153 113 56 
345 32 26 142 115 59 
346 32 23 137 107 51 
347 27 19 129 95 48 
348 27 20 121 84 47 
349 30 19 123 89 42 
350 34 22 116 83 37 
351 35 18 95 84 32 
352 30 18 94 80 25 
353 24 15 86 80 24 
354 27 18 79 74 21 
355 26 14 76 79 19 
356 29 15 72 76 13 
357 28 17 72 66 14 
358 27 15 73 56 15 
359 23 19 71 56 15 
360 20 13 64 65 15 
361 22 12 64 60 16 
362 19 11 68 51 17 
363 15 6 72 42 17 
364 14 6 86 39 16 
365 11 6 73 42 15 
366 8 4 70 38 11 
367 7 2 59 36 14 
368 7 2 57 34 18 
369 5 2 49 38 15 
370 7 1 43 34 13 
371 7 3 41 32 13 
372 9 0 39 30 14 
373 12 1 33 26 12 
374 12 2 33 23 14 
375 10 2 32 25 11 
376 6 0 32 29 10 
377 5 1 27 25 6 
378 7 1 28 22 7 
379 9 1 26 22 5 
380 7 3 20 22 4 
381 6 3 23 25 4 
382 9 5 21 25 3 
383 9 4 25 20 4 
384 11 4 24 20 2 
385 10 7 18 19 1 
386 9 9 13 20 0 
387 7 10 16 17 1 
388 7 11 14 14 1 
389 5 12 10 13 1 
390 4 15 8 10 1 
391 4 11 5 9 1 
392 3 12 5 12 1 
393 4 10 7 10 1 
394 5 10 9 6 0 
395 5 9 9 9 0 
396 3 5 9 8 0 
397 2 4 5 5 0 
398 0 4 4 6 0 
399 0 3 2 9 0 
400 0 6 2 8 0 
401 0 4 2 8 0 
402 1 2 1 4 0 
403 1 2 2 2 0 
404 1 2 2 3 0 
405 0 2 2 2 0 
406 0 2 2 2 0 
407 0 1 2 1 0 
408 0 0 0 0 0 
