1 0 5 0 1 0 
2 0 3 0 0 0 
3 0 4 0 1 0 
4 0 4 0 0 0 
5 0 12 0 0 0 
6 0 11 1 0 0 
7 0 18 0 0 0 
8 0 11 0 1 0 
9 1 17 0 0 0 
10 1 18 0 0 0 
11 2 23 1 0 0 
12 2 13 3 0 0 
13 1 16 2 1 0 
14 5 15 2 1 0 
15 2 16 2 1 0 
16 3 19 1 2 0 
17 3 18 1 4 2 
18 2 13 0 2 1 
19 1 16 1 1 1 
20 1 21 3 2 0 
21 2 19 0 2 0 
22 0 24 3 3 0 
23 3 24 0 12 0 
24 1 36 3 6 0 
25 0 42 3 7 0 
26 6 37 1 6 0 
27 6 34 3 5 1 
28 3 32 3 6 0 
29 2 37 8 6 0 
30 3 41 8 5 0 
31 4 50 8 7 0 
32 3 53 6 8 1 
33 3 46 15 5 1 
34 2 49 15 6 0 
35 3 55 16 4 1 
36 5 77 16 7 0 
37 3 79 18 2 1 
38 10 70 12 6 0 
39 15 90 25 5 0 
40 3 90 23 6 0 
41 4 89 22 4 0 
42 13 113 22 9 1 
43 14 113 28 12 2 
44 13 95 25 15 2 
45 9 111 24 10 0 
46 10 131 12 13 3 
47 10 114 22 16 0 
48 13 134 22 19 0 
49 18 145 34 21 0 
50 23 141 31 24 3 
51 23 165 31 16 3 
52 20 212 30 33 1 
53 21 204 37 23 5 
54 20 205 36 32 2 
55 21 193 63 24 1 
56 36 192 32 39 0 
57 19 186 46 45 5 
58 34 195 40 36 3 
59 36 220 61 48 5 
60 49 227 60 58 3 
61 54 220 69 39 4 
62 46 202 80 59 5 
63 48 232 69 65 7 
64 55 302 77 91 11 
65 39 306 71 77 9 
66 41 325 77 105 8 
67 52 327 81 96 4 
68 52 359 106 97 11 
69 58 346 112 119 10 
70 57 371 110 115 6 
71 64 426 112 135 15 
72 59 397 126 153 4 
73 73 430 140 161 15 
74 71 402 130 163 9 
75 72 447 150 184 9 
76 81 495 177 189 12 
77 80 510 186 189 11 
78 97 530 193 218 14 
79 99 536 215 232 24 
80 104 594 225 255 19 
81 127 592 250 264 13 
82 135 664 304 295 24 
83 131 778 295 286 26 
84 152 730 291 303 24 
85 152 764 314 301 34 
86 148 811 332 371 46 
87 149 824 341 360 34 
88 189 817 357 385 37 
89 171 921 364 445 36 
90 204 906 400 494 39 
91 192 987 434 476 33 
92 214 1042 446 537 35 
93 216 1097 449 483 45 
94 207 1097 497 537 43 
95 209 1188 509 603 55 
96 244 1246 576 678 51 
97 296 1235 597 662 53 
98 247 1345 644 713 59 
99 271 1370 647 726 72 
100 306 1482 717 793 66 
101 312 1528 724 901 73 
102 319 1608 684 900 82 
103 335 1594 797 972 92 
104 344 1703 840 1006 91 
105 399 1731 861 1129 114 
106 342 1889 840 1176 91 
107 386 1911 962 1167 120 
108 392 2007 969 1268 120 
109 469 2032 1051 1338 143 
110 461 2059 1123 1393 136 
111 461 2172 1190 1463 152 
112 519 2259 1230 1512 163 
113 526 2291 1278 1586 155 
114 540 2326 1415 1620 198 
115 578 2488 1477 1615 201 
116 591 2512 1482 1731 236 
117 636 2640 1572 1797 224 
118 581 2690 1630 1834 258 
119 679 2709 1745 1946 277 
120 730 2805 1781 2158 302 
121 746 2979 1840 2092 315 
122 762 3060 1889 2253 354 
123 708 3138 1975 2368 317 
124 789 3171 2006 2350 320 
125 791 3228 2154 2365 351 
126 848 3274 2198 2580 372 
127 904 3468 2273 2626 392 
128 925 3385 2414 2723 382 
129 946 3520 2397 2900 430 
130 950 3731 2557 3051 438 
131 988 3589 2641 3073 473 
132 1085 3841 2769 3237 500 
133 1054 3934 2895 3405 479 
134 1182 4010 2983 3381 527 
135 1123 3920 3067 3387 562 
136 1166 4091 3195 3548 568 
137 1228 4213 3223 3634 524 
138 1290 4152 3329 3785 591 
139 1275 4140 3471 3833 597 
140 1272 4178 3608 3972 627 
141 1376 4234 3716 4131 671 
142 1332 4123 3746 4099 650 
143 1365 4237 3995 4211 653 
144 1392 4241 3945 4413 721 
145 1478 4399 4153 4466 725 
146 1475 4221 4167 4379 746 
147 1455 4149 4149 4599 754 
148 1541 4182 4251 4564 807 
149 1550 4131 4323 4697 824 
150 1514 4119 4475 4823 867 
151 1687 3979 4572 4959 885 
152 1593 4104 4729 4939 860 
153 1581 4000 4770 4951 902 
154 1630 4075 4878 4971 911 
155 1573 3980 4990 4975 867 
156 1634 3878 5180 5102 922 
157 1697 3864 5103 5231 945 
158 1738 3872 5209 5136 964 
159 1655 3669 5201 5073 1025 
160 1762 3697 5220 5082 970 
161 1657 3670 5223 5162 1025 
162 1759 3806 5337 5169 991 
163 1692 3572 5297 5072 999 
164 1664 3455 5446 5161 1040 
165 1693 3366 5449 5098 1043 
166 1670 3284 5418 5027 1083 
167 1667 3265 5490 5043 1086 
168 1650 3103 5394 4885 997 
169 1667 3085 5306 5003 1033 
170 1592 3050 5348 4966 1062 
171 1639 3068 5199 4863 1051 
172 1660 2921 5281 4833 1059 
173 1532 2850 5219 4727 1114 
174 1540 2782 5160 4776 1015 
175 1558 2643 5041 4640 1018 
176 1615 2590 4879 4544 951 
177 1503 2496 4858 4519 968 
178 1520 2405 4833 4449 967 
179 1461 2345 4734 4333 1019 
180 1426 2285 4651 4327 988 
181 1444 2231 4578 4196 999 
182 1386 2230 4395 4209 906 
183 1316 2056 4452 4055 890 
184 1375 1990 4360 3886 847 
185 1316 1939 4145 3894 877 
186 1341 1909 4230 3722 875 
187 1280 1779 4172 3768 859 
188 1203 1729 4199 3614 913 
189 1216 1681 4056 3565 871 
190 1176 1546 3848 3389 831 
191 1145 1592 3667 3347 820 
192 1086 1596 3747 3194 781 
193 1150 1549 3515 3212 810 
194 1068 1438 3498 3018 790 
195 1084 1418 3386 2957 770 
196 1004 1361 3346 2861 697 
197 1001 1362 3212 2891 693 
198 1017 1320 3115 2830 700 
199 943 1182 3032 2683 711 
200 898 1115 2941 2582 723 
201 936 1077 2795 2453 652 
202 813 1018 2806 2349 605 
203 795 1029 2661 2399 635 
204 791 970 2622 2253 628 
205 779 900 2457 2195 574 
206 764 899 2411 2088 583 
207 712 874 2325 2052 519 
208 683 905 2306 1989 520 
209 680 796 2149 1948 503 
210 651 804 2137 1808 481 
211 628 757 1996 1799 443 
212 615 750 1892 1715 395 
213 570 698 1797 1657 359 
214 564 709 1729 1566 371 
215 568 620 1671 1539 399 
216 501 624 1647 1571 354 
217 516 648 1517 1456 366 
218 493 573 1489 1364 323 
219 503 569 1361 1416 323 
220 483 564 1357 1245 305 
221 427 550 1281 1227 280 
222 397 497 1222 1182 261 
223 407 482 1217 1155 234 
224 432 485 1181 1135 228 
225 354 469 1154 993 224 
226 341 420 1099 994 230 
227 376 438 1026 962 200 
228 330 401 923 902 183 
229 298 385 951 887 163 
230 296 358 889 750 185 
231 281 313 871 768 165 
232 274 335 827 735 189 
233 292 361 762 706 171 
234 237 283 764 740 160 
235 230 301 695 733 150 
236 229 278 719 691 137 
237 195 274 724 681 152 
238 206 251 648 595 110 
239 194 255 606 614 106 
240 148 245 546 622 115 
241 182 219 571 539 111 
242 149 226 560 490 105 
243 177 217 484 487 109 
244 160 239 499 439 97 
245 163 225 485 442 90 
246 140 215 433 455 93 
247 159 179 409 417 91 
248 152 169 416 410 99 
249 132 190 425 387 80 
250 146 161 344 376 72 
251 119 151 398 343 90 
252 97 139 352 325 71 
253 115 128 353 313 55 
254 109 120 364 334 50 
255 113 130 327 295 64 
256 89 137 296 262 57 
257 90 112 351 277 40 
258 87 124 299 240 48 
259 84 111 294 258 43 
260 82 87 263 224 36 
261 77 94 268 239 38 
262 75 82 229 216 36 
263 90 83 227 224 21 
264 82 83 275 183 29 
265 69 73 246 170 27 
266 74 81 226 186 25 
267 76 86 223 175 10 
268 71 80 192 163 22 
269 52 84 193 188 27 
270 49 67 182 159 14 
271 52 68 159 146 17 
272 47 68 178 157 15 
273 41 67 176 149 16 
274 46 68 129 151 14 
275 36 53 165 156 16 
276 40 79 144 132 15 
277 42 63 158 114 11 
278 33 44 156 113 18 
279 32 52 133 115 10 
280 23 55 160 96 10 
281 28 45 133 93 10 
282 34 39 138 92 9 
283 28 46 109 84 6 
284 24 32 109 95 6 
285 32 47 128 91 4 
286 31 50 98 81 12 
287 28 50 107 82 6 
288 30 52 118 80 6 
289 20 45 97 65 3 
290 22 52 94 76 5 
291 28 34 94 73 9 
292 19 32 80 77 5 
293 21 26 83 66 5 
294 31 30 74 62 6 
295 16 32 72 48 7 
296 30 20 70 41 3 
297 28 17 74 49 9 
298 24 12 69 42 3 
299 11 21 51 37 6 
300 25 17 66 38 8 
301 25 18 47 32 15 
302 17 14 44 43 12 
303 17 21 60 36 9 
304 16 18 50 37 6 
305 14 24 33 46 8 
306 15 11 40 39 6 
307 18 15 56 29 6 
308 22 21 47 35 6 
309 19 14 44 40 2 
310 17 17 39 26 1 
311 14 8 32 32 7 
312 13 10 28 23 4 
313 8 14 21 31 4 
314 11 12 31 29 1 
315 18 9 28 28 3 
316 13 12 28 26 3 
317 13 11 34 31 1 
318 17 6 28 21 3 
319 10 6 24 18 0 
320 7 6 27 15 2 
321 9 12 29 10 4 
322 7 2 16 15 1 
323 3 5 31 14 1 
324 9 7 25 9 0 
325 2 5 29 9 0 
326 1 7 24 13 1 
327 4 6 14 20 0 
328 0 6 13 19 3 
329 2 4 16 13 0 
330 5 10 14 16 0 
331 2 6 19 9 0 
332 3 6 17 10 0 
333 2 7 17 8 1 
334 5 7 13 9 0 
335 5 4 20 7 0 
336 2 4 20 2 1 
337 4 6 15 9 0 
338 2 5 18 9 0 
339 3 3 13 7 0 
340 3 3 15 8 0 
341 1 2 14 4 0 
342 3 3 17 6 0 
343 0 5 21 4 0 
344 4 3 26 5 0 
345 1 4 17 6 0 
346 0 2 17 2 0 
347 1 1 13 10 0 
348 1 1 19 9 0 
349 2 5 9 11 0 
350 0 2 8 8 2 
351 2 3 13 8 0 
352 3 3 9 3 0 
353 5 4 8 9 0 
354 1 3 12 8 1 
355 2 0 16 10 0 
356 2 5 21 6 0 
357 1 2 8 4 1 
358 3 1 14 8 0 
359 4 1 15 6 0 
360 5 1 7 9 2 
361 2 0 8 6 0 
362 4 3 12 2 0 
363 2 1 12 7 1 
364 3 2 13 8 0 
365 5 3 7 12 1 
366 0 3 9 4 0 
367 2 2 8 4 3 
368 1 5 13 8 1 
369 1 4 13 5 1 
370 4 1 12 4 0 
371 3 1 18 7 0 
372 1 3 20 4 0 
373 2 5 21 4 0 
374 3 5 7 6 0 
375 1 3 17 5 0 
376 2 4 10 3 0 
377 1 1 11 6 0 
378 1 1 14 1 1 
379 1 0 7 5 0 
380 2 2 3 2 0 
381 1 1 6 1 0 
382 5 0 1 2 0 
383 0 0 3 1 0 
384 1 0 3 1 0 
385 1 0 0 5 0 
386 1 0 3 2 0 
387 2 0 1 1 1 
388 2 0 3 0 3 
389 1 0 0 1 3 
390 0 0 0 0 0 
391 1 0 0 4 0 
392 0 0 0 1 0 
393 1 0 0 1 1 
394 0 0 1 2 0 
395 0 0 2 2 0 
396 2 1 1 1 0 
397 0 0 0 0 0 
398 0 0 0 0 0 
399 1 0 0 0 0 
400 0 1 0 0 0 
401 0 1 0 0 0 
402 0 2 0 0 0 
403 0 0 0 0 0 
404 1 0 0 0 0 
405 0 1 0 0 0 
406 0 0 0 0 0 
407 0 0 0 0 0 
408 0 0 0 0 0 
