1 0 12 0 0 0 
2 0 14 0 0 0 
3 1 10 0 0 0 
4 1 9 0 0 0 
5 0 12 0 0 0 
6 0 10 0 0 0 
7 0 14 0 0 0 
8 0 19 0 1 0 
9 0 20 0 0 0 
10 1 24 0 0 0 
11 3 23 0 0 0 
12 2 25 2 0 0 
13 2 30 3 0 0 
14 3 30 3 1 0 
15 5 33 3 2 0 
16 4 36 2 2 0 
17 3 33 4 3 0 
18 8 51 6 5 0 
19 4 63 6 5 0 
20 4 71 5 5 0 
21 7 80 8 5 0 
22 9 86 7 3 2 
23 9 91 8 5 1 
24 11 87 7 7 2 
25 9 88 11 5 2 
26 7 76 15 10 3 
27 8 73 18 13 3 
28 5 72 14 9 1 
29 6 70 11 5 0 
30 4 57 12 6 1 
31 3 59 10 5 1 
32 2 64 13 8 1 
33 1 55 11 8 1 
34 5 48 8 7 1 
35 6 53 9 3 0 
36 6 60 10 8 1 
37 5 60 12 13 1 
38 4 56 7 8 1 
39 2 64 4 6 0 
40 3 56 5 8 0 
41 2 57 5 10 0 
42 0 60 10 6 0 
43 0 63 13 3 0 
44 2 67 15 2 0 
45 6 67 15 7 0 
46 9 78 21 15 0 
47 13 90 22 16 0 
48 16 98 21 21 0 
49 14 99 28 28 0 
50 15 105 36 33 0 
51 9 120 34 32 0 
52 13 132 37 26 0 
53 18 134 36 26 0 
54 19 130 42 28 0 
55 24 143 46 38 0 
56 22 137 39 41 2 
57 30 138 30 59 2 
58 29 132 30 63 2 
59 33 129 28 74 5 
60 30 145 32 71 6 
61 27 157 33 69 5 
62 38 178 27 77 4 
63 47 195 32 79 7 
64 49 203 40 86 9 
65 49 229 50 96 9 
66 43 242 53 91 7 
67 48 263 55 91 8 
68 50 285 75 104 10 
69 49 282 102 115 13 
70 52 311 112 121 12 
71 44 321 106 133 12 
72 42 327 116 145 15 
73 52 350 124 152 13 
74 53 371 130 187 13 
75 63 416 153 195 16 
76 64 443 166 187 18 
77 68 505 195 193 20 
78 72 506 217 191 23 
79 84 542 216 205 26 
80 80 577 218 219 34 
81 90 608 229 246 38 
82 92 635 249 259 41 
83 89 661 268 302 44 
84 100 687 283 332 43 
85 105 722 300 357 50 
86 105 780 329 375 52 
87 122 846 347 381 48 
88 120 900 369 409 47 
89 131 915 387 427 51 
90 150 955 413 476 53 
91 153 1042 444 507 50 
92 161 1106 451 530 55 
93 168 1118 477 597 67 
94 187 1099 483 627 78 
95 207 1124 522 650 74 
96 225 1117 550 681 86 
97 255 1170 577 739 86 
98 261 1255 613 783 93 
99 284 1338 666 854 104 
100 309 1393 703 928 114 
101 348 1448 765 1016 136 
102 357 1558 853 1036 131 
103 369 1655 921 1112 143 
104 366 1717 984 1153 158 
105 390 1825 993 1230 170 
106 415 1929 1042 1271 180 
107 419 2063 1114 1377 193 
108 434 2159 1195 1487 214 
109 466 2281 1273 1531 207 
110 490 2388 1354 1556 202 
111 552 2463 1390 1636 204 
112 564 2566 1452 1671 223 
113 571 2699 1556 1772 255 
114 579 2911 1597 1915 263 
115 618 3056 1689 2027 276 
116 642 3152 1888 2131 292 
117 673 3337 1974 2163 301 
118 729 3470 2051 2211 331 
119 776 3566 2109 2294 362 
120 829 3754 2228 2396 385 
121 858 3956 2367 2591 409 
122 935 4245 2494 2656 429 
123 907 4458 2642 2726 462 
124 991 4655 2841 2914 451 
125 1052 4801 3053 3063 481 
126 1130 5032 3200 3170 521 
127 1150 5188 3317 3318 562 
128 1210 5360 3502 3463 572 
129 1248 5680 3671 3609 603 
130 1317 5989 3904 3743 614 
131 1408 6184 4056 3967 645 
132 1442 6416 4221 4204 656 
133 1529 6652 4330 4358 655 
134 1607 6833 4502 4606 672 
135 1677 7117 4683 4828 701 
136 1769 7268 4882 5052 727 
137 1860 7628 5128 5254 779 
138 1986 7864 5371 5539 856 
139 2028 8118 5722 5738 877 
140 2097 8403 5905 5904 962 
141 2127 8715 6102 6143 1014 
142 2139 8924 6484 6374 1029 
143 2297 9134 6744 6580 1108 
144 2384 9314 6870 6860 1150 
145 2452 9508 7257 6992 1215 
146 2477 9768 7548 7285 1231 
147 2620 10094 7839 7556 1302 
148 2770 10270 8091 7884 1313 
149 2872 10580 8225 8226 1453 
150 2985 10820 8540 8606 1533 
151 3048 11154 8946 8881 1568 
152 3133 11356 9388 9235 1554 
153 3229 11530 9750 9465 1648 
154 3226 11629 10028 9724 1729 
155 3321 11756 10137 10006 1808 
156 3458 11922 10351 10145 1908 
157 3623 12091 10592 10485 1945 
158 3664 12287 10884 10907 2008 
159 3771 12225 11252 11152 2069 
160 3925 12373 11474 11475 2165 
161 4023 12321 11657 11745 2194 
162 4137 12509 11786 11969 2196 
163 4243 12476 12246 12370 2259 
164 4276 12507 12391 12715 2290 
165 4303 12476 12613 13013 2338 
166 4355 12529 12867 13211 2395 
167 4360 12531 13187 13434 2447 
168 4467 12642 13480 13665 2435 
169 4571 12539 13747 14094 2417 
170 4660 12524 13872 14434 2497 
171 4638 12436 14270 14599 2603 
172 4719 12201 14699 14788 2685 
173 4810 12176 14754 14793 2696 
174 4870 12042 14836 14955 2766 
175 5010 12036 15033 15100 2784 
176 5013 11977 15409 15434 2788 
177 4970 11944 15583 15527 2785 
178 5039 11853 15533 15751 2787 
179 5087 11681 15606 15933 2795 
180 5092 11474 15624 15952 2822 
181 5066 11417 15586 16149 2837 
182 5020 11123 15683 16099 2843 
183 5128 10987 15755 16071 2884 
184 5165 10851 15665 16069 2856 
185 5191 10776 15710 16069 2902 
186 5174 10573 15773 15884 2865 
187 5161 10285 15830 15924 2959 
188 5121 10140 15827 15802 2875 
189 5115 9923 15602 15728 2863 
190 5178 9710 15517 15736 2944 
191 5091 9523 15502 15649 2903 
192 4961 9318 15408 15553 2907 
193 4798 9258 15353 15282 2947 
194 4651 8991 15371 15144 2917 
195 4649 8674 15093 15169 2835 
196 4657 8428 14887 15049 2724 
197 4556 8197 14698 14832 2679 
198 4442 7933 14458 14460 2670 
199 4392 7890 14176 14286 2633 
200 4275 7708 13970 13914 2660 
201 4206 7489 13665 13570 2609 
202 4057 7385 13416 13293 2440 
203 4010 7106 13213 12865 2418 
204 3988 6775 12928 12664 2388 
205 3883 6629 12713 12423 2291 
206 3779 6431 12468 12148 2249 
207 3656 6188 12109 11936 2193 
208 3653 5899 11815 11766 2139 
209 3503 5712 11463 11401 2066 
210 3455 5546 11208 11116 2065 
211 3405 5354 10982 10924 2099 
212 3308 5130 10635 10603 1977 
213 3249 5021 10313 10213 1961 
214 3127 4852 9940 9793 1905 
215 3035 4682 9714 9652 1816 
216 2974 4462 9351 9453 1788 
217 2835 4346 9192 8998 1708 
218 2842 4177 8861 8569 1677 
219 2788 4047 8574 8230 1602 
220 2747 3930 8304 7996 1550 
221 2601 3740 8191 7799 1503 
222 2478 3570 7927 7625 1462 
223 2346 3474 7723 7311 1417 
224 2345 3395 7494 7120 1389 
225 2297 3383 7216 6877 1340 
226 2197 3221 6932 6598 1256 
227 2112 3044 6719 6330 1252 
228 2035 2931 6420 6065 1233 
229 1953 2821 6207 5805 1151 
230 1899 2734 5923 5588 1161 
231 1807 2620 5579 5332 1108 
232 1723 2494 5479 5170 1063 
233 1671 2435 5308 5080 1030 
234 1601 2315 5202 4838 1025 
235 1589 2210 5066 4645 1023 
236 1555 2123 4993 4584 950 
237 1490 2024 4847 4483 935 
238 1454 2001 4598 4261 903 
239 1423 1942 4397 4163 900 
240 1375 1869 4201 4016 866 
241 1344 1773 4097 3898 828 
242 1322 1702 3916 3679 829 
243 1266 1660 3715 3457 801 
244 1203 1545 3582 3424 792 
245 1138 1446 3414 3270 738 
246 1092 1368 3311 3139 716 
247 1056 1351 3204 3060 685 
248 1030 1303 3088 2896 647 
249 979 1208 2960 2820 600 
250 929 1138 2838 2644 591 
251 904 1111 2731 2562 531 
252 851 1069 2646 2411 518 
253 864 1048 2519 2323 480 
254 849 1009 2456 2176 440 
255 806 934 2375 2176 414 
256 794 907 2220 2095 387 
257 734 901 2176 2031 398 
258 708 863 2136 1928 375 
259 673 811 2079 1818 346 
260 649 774 2000 1677 362 
261 589 732 1980 1618 368 
262 572 683 1850 1544 368 
263 534 652 1770 1466 373 
264 534 609 1662 1385 351 
265 467 593 1643 1324 333 
266 454 566 1579 1298 331 
267 416 536 1532 1244 300 
268 400 542 1451 1173 276 
269 389 543 1378 1123 260 
270 380 490 1300 1088 264 
271 358 458 1237 1044 255 
272 345 439 1171 989 249 
273 342 417 1157 922 227 
274 337 408 1080 906 215 
275 330 382 1032 810 216 
276 327 376 1001 834 218 
277 322 388 927 774 229 
278 307 374 918 770 223 
279 291 345 875 716 212 
280 279 321 861 690 200 
281 259 313 819 658 185 
282 251 301 768 628 197 
283 247 271 768 599 191 
284 244 240 765 564 183 
285 224 252 723 537 181 
286 229 252 735 492 176 
287 224 222 655 466 171 
288 219 196 615 427 173 
289 196 179 560 400 167 
290 175 166 515 404 157 
291 182 172 475 406 150 
292 187 158 456 417 143 
293 177 148 439 385 148 
294 161 146 454 346 138 
295 148 143 444 354 127 
296 137 152 426 345 120 
297 133 128 409 305 122 
298 123 129 405 305 120 
299 121 114 358 299 95 
300 104 112 359 273 80 
301 105 109 356 238 91 
302 111 100 342 228 81 
303 107 93 316 220 79 
304 106 88 318 212 71 
305 107 73 293 205 62 
306 83 63 264 201 59 
307 81 56 250 195 65 
308 78 53 248 194 61 
309 73 52 244 179 59 
310 69 45 222 173 53 
311 63 43 196 177 53 
312 59 46 192 158 52 
313 55 47 198 152 47 
314 47 49 195 162 53 
315 42 45 189 156 63 
316 37 51 178 142 60 
317 36 46 165 150 54 
318 33 50 170 152 49 
319 33 49 164 142 43 
320 31 54 164 145 37 
321 42 53 162 125 35 
322 45 63 164 129 36 
323 45 57 159 101 38 
324 40 50 150 104 34 
325 34 43 147 100 34 
326 29 38 140 108 30 
327 24 30 125 101 25 
328 27 19 108 94 31 
329 22 23 98 112 32 
330 19 25 87 98 34 
331 17 19 83 89 28 
332 17 16 75 74 34 
333 15 16 74 72 31 
334 12 18 71 64 34 
335 16 18 67 61 36 
336 12 16 59 57 31 
337 13 19 50 60 22 
338 18 19 43 51 18 
339 14 16 34 51 17 
340 15 12 32 56 15 
341 13 11 30 52 17 
342 12 11 26 47 17 
343 12 11 31 50 15 
344 10 9 22 61 17 
345 8 11 29 54 15 
346 10 11 23 49 16 
347 10 12 21 42 11 
348 12 9 20 50 12 
349 11 9 19 39 14 
350 11 4 21 26 12 
351 7 3 18 26 9 
352 6 3 18 22 4 
353 6 5 21 19 4 
354 7 3 23 15 2 
355 2 3 25 14 2 
356 2 4 30 11 3 
357 0 4 31 12 5 
358 0 5 31 11 8 
359 0 5 28 7 3 
360 0 4 32 7 2 
361 0 4 27 10 1 
362 0 3 26 8 1 
363 1 5 23 12 1 
364 2 6 24 18 1 
365 2 9 24 15 1 
366 2 4 22 13 1 
367 3 4 18 14 3 
368 1 2 18 18 4 
369 2 2 13 20 5 
370 2 3 13 27 2 
371 1 1 13 25 1 
372 1 1 13 20 1 
373 1 1 9 21 1 
374 0 0 8 20 0 
375 0 0 5 24 0 
376 0 0 8 16 0 
377 0 0 8 14 0 
378 0 0 9 19 0 
379 0 0 11 16 0 
380 0 0 10 12 0 
381 0 0 8 9 0 
382 0 0 7 11 0 
383 0 0 5 11 0 
384 0 0 1 9 0 
385 1 0 2 9 0 
386 1 0 4 12 0 
387 1 0 2 12 0 
388 1 0 1 8 0 
389 1 0 1 7 0 
390 0 0 1 7 0 
391 0 0 2 7 0 
392 0 0 2 7 0 
393 0 0 1 8 0 
394 0 0 2 5 0 
395 0 0 3 5 0 
396 0 0 1 6 0 
397 0 0 0 4 0 
398 0 0 0 7 0 
399 0 0 0 5 0 
400 0 0 0 3 0 
401 0 0 0 5 0 
402 0 0 0 3 0 
403 0 0 0 3 0 
404 0 0 0 2 0 
405 0 0 0 2 0 
406 0 0 0 2 0 
407 0 0 0 2 0 
408 0 0 0 2 0 
409 0 0 0 1 0 
410 0 0 0 0 0 
