1 1 5 0 0 0 
2 0 3 0 1 0 
3 0 10 0 0 0 
4 0 3 1 0 0 
5 0 3 0 0 0 
6 0 5 0 0 0 
7 0 4 0 0 0 
8 0 4 0 0 0 
9 0 3 0 0 0 
10 0 5 0 0 0 
11 0 3 0 0 1 
12 0 4 1 2 0 
13 2 3 0 0 1 
14 1 5 0 0 0 
15 1 0 0 0 0 
16 3 1 0 0 0 
17 0 3 0 0 0 
18 0 2 0 0 0 
19 0 2 0 0 0 
20 0 5 0 0 0 
21 0 7 0 0 0 
22 0 6 0 1 0 
23 0 3 0 0 0 
24 0 5 0 0 0 
25 0 4 0 0 0 
26 0 1 0 0 0 
27 0 5 0 0 0 
28 1 4 0 0 0 
29 1 4 0 2 0 
30 0 8 0 1 0 
31 0 7 2 2 0 
32 1 5 1 1 0 
33 0 5 1 2 0 
34 4 11 3 1 0 
35 0 8 1 3 0 
36 1 3 1 2 0 
37 3 9 1 2 0 
38 0 8 1 2 0 
39 1 11 0 4 0 
40 1 8 1 2 0 
41 2 16 0 1 0 
42 1 20 0 0 0 
43 0 14 0 3 0 
44 0 20 0 2 0 
45 0 12 2 5 0 
46 1 16 1 4 0 
47 1 26 3 3 0 
48 1 26 3 0 0 
49 2 17 0 5 0 
50 2 22 3 7 0 
51 0 35 3 3 0 
52 3 24 2 2 0 
53 3 20 2 3 0 
54 0 24 3 3 1 
55 3 18 3 1 0 
56 0 35 1 3 0 
57 1 25 1 3 0 
58 6 33 2 2 0 
59 6 29 3 2 0 
60 4 33 2 5 0 
61 4 41 4 3 0 
62 5 54 1 1 0 
63 3 54 3 1 0 
64 3 52 4 3 0 
65 2 53 6 2 0 
66 2 57 9 4 0 
67 5 66 7 4 0 
68 4 53 9 7 1 
69 5 74 12 9 0 
70 8 67 17 9 0 
71 12 54 11 9 0 
72 9 62 17 9 0 
73 9 71 13 8 0 
74 11 72 16 7 0 
75 9 78 9 12 2 
76 6 88 14 8 1 
77 9 78 21 13 2 
78 10 78 20 10 3 
79 11 85 20 13 0 
80 18 75 22 17 1 
81 17 92 27 25 5 
82 14 83 35 31 1 
83 14 88 23 32 3 
84 13 124 20 29 2 
85 17 133 23 29 3 
86 7 110 25 30 1 
87 19 134 21 34 4 
88 22 134 23 26 5 
89 23 123 28 33 3 
90 21 134 38 24 8 
91 28 157 32 27 3 
92 25 171 25 35 7 
93 22 158 40 27 13 
94 21 186 45 44 7 
95 27 174 49 26 6 
96 27 185 55 30 3 
97 27 200 57 42 5 
98 27 207 55 48 8 
99 34 226 57 60 7 
100 31 204 62 65 10 
101 30 225 71 87 17 
102 30 234 68 91 12 
103 35 259 82 76 9 
104 36 278 84 114 11 
105 50 295 88 108 14 
106 56 262 92 127 14 
107 55 326 71 117 7 
108 49 289 69 129 14 
109 54 322 99 130 19 
110 72 331 106 138 18 
111 75 324 94 154 25 
112 88 345 98 157 21 
113 71 393 115 189 35 
114 104 382 124 202 32 
115 107 412 140 197 31 
116 103 426 186 225 42 
117 118 418 142 238 38 
118 102 442 179 219 35 
119 126 490 168 258 42 
120 134 469 174 260 47 
121 119 534 213 297 56 
122 140 571 213 310 46 
123 129 568 231 344 43 
124 120 602 246 352 39 
125 140 654 252 353 53 
126 154 700 288 371 54 
127 135 771 295 416 83 
128 163 765 367 405 70 
129 150 809 369 427 68 
130 166 817 383 474 82 
131 185 897 416 463 70 
132 195 961 438 499 67 
133 197 958 478 529 100 
134 185 1050 468 587 90 
135 197 1088 533 609 93 
136 227 1176 542 646 85 
137 229 1220 557 690 74 
138 257 1229 651 748 77 
139 270 1314 684 783 88 
140 297 1420 678 804 94 
141 299 1479 726 887 102 
142 338 1504 748 883 126 
143 328 1691 805 1002 132 
144 338 1703 873 991 130 
145 385 1831 911 1067 145 
146 412 1880 959 1104 149 
147 444 1871 949 1172 133 
148 444 1992 1005 1205 151 
149 460 2181 1088 1242 162 
150 529 2276 1151 1322 181 
151 554 2279 1137 1424 164 
152 518 2395 1219 1435 176 
153 596 2426 1264 1532 197 
154 622 2413 1253 1557 190 
155 638 2539 1370 1641 197 
156 645 2696 1388 1755 208 
157 669 2706 1574 1857 200 
158 669 2813 1562 1901 207 
159 734 2856 1733 2068 240 
160 753 2990 1761 2050 237 
161 777 3058 1808 2138 249 
162 817 3218 1945 2191 264 
163 824 3302 2043 2368 285 
164 898 3400 2125 2477 283 
165 920 3443 2259 2569 294 
166 953 3586 2284 2586 282 
167 997 3551 2374 2678 335 
168 1033 3625 2481 2766 329 
169 1105 3768 2589 2829 377 
170 1085 3909 2768 2969 364 
171 1079 3862 2915 3062 374 
172 1153 3899 3020 3178 401 
173 1152 3889 3150 3260 413 
174 1136 3918 3255 3291 439 
175 1233 3962 3338 3505 447 
176 1190 4090 3387 3629 507 
177 1295 4122 3448 3759 509 
178 1300 4124 3594 3773 511 
179 1346 4199 3600 3856 527 
180 1304 4156 3856 4008 570 
181 1429 4241 3909 4060 591 
182 1395 4265 3973 4129 546 
183 1362 4427 4058 4256 660 
184 1448 4245 4069 4429 612 
185 1508 4342 4096 4470 635 
186 1508 4287 4173 4409 671 
187 1557 4275 4430 4629 711 
188 1652 4172 4416 4614 742 
189 1499 4162 4630 4670 736 
190 1626 4278 4597 4842 756 
191 1605 3971 4749 4988 768 
192 1557 4033 4844 5030 829 
193 1579 3876 4964 4944 858 
194 1606 3920 4981 5022 824 
195 1599 3793 5112 4974 869 
196 1682 3830 5080 4999 862 
197 1696 3819 5145 5121 920 
198 1656 3712 5099 5190 924 
199 1761 3686 5283 5224 950 
200 1614 3661 5443 5322 900 
201 1712 3494 5318 5033 971 
202 1661 3395 5387 5129 1008 
203 1672 3388 5379 5236 1001 
204 1648 3299 5335 5144 1018 
205 1724 3278 5621 5155 1033 
206 1631 3191 5348 4999 990 
207 1619 3170 5342 5163 1040 
208 1653 3156 5528 5003 1063 
209 1583 2937 5354 5022 991 
210 1691 2942 5352 5055 1037 
211 1621 2783 5365 4962 1072 
212 1646 2768 5265 4866 1051 
213 1518 2782 5268 4820 1137 
214 1529 2663 5167 4736 1051 
215 1472 2623 5182 4716 1046 
216 1524 2518 5097 4584 1031 
217 1534 2418 4835 4398 1068 
218 1482 2403 4833 4504 1025 
219 1416 2299 4799 4378 962 
220 1424 2228 4775 4363 961 
221 1389 2232 4713 4237 984 
222 1397 2126 4636 4192 882 
223 1397 2008 4574 4148 876 
224 1343 1995 4355 4089 925 
225 1324 1930 4328 3907 861 
226 1256 1810 4266 3928 883 
227 1308 1761 4075 3929 878 
228 1249 1846 4035 3850 810 
229 1213 1731 3973 3639 809 
230 1162 1670 3769 3619 831 
231 1198 1690 3860 3512 813 
232 1177 1575 3681 3409 826 
233 1100 1504 3549 3304 793 
234 1035 1436 3415 3211 750 
235 1010 1329 3416 3018 798 
236 1061 1408 3297 2945 777 
237 1033 1276 3152 2790 677 
238 931 1249 3126 2746 703 
239 946 1239 3127 2640 643 
240 892 1250 2981 2575 671 
241 887 1164 2853 2558 587 
242 857 1048 2707 2631 607 
243 855 1106 2722 2352 565 
244 825 1050 2587 2332 569 
245 797 993 2596 2262 558 
246 821 969 2463 2149 552 
247 817 956 2390 1975 577 
248 746 879 2230 1842 513 
249 723 958 2224 1846 535 
250 671 889 2058 1776 502 
251 678 838 2006 1669 480 
252 624 764 2028 1664 527 
253 611 797 1869 1531 473 
254 597 702 1711 1605 421 
255 539 684 1742 1487 414 
256 549 677 1714 1403 412 
257 469 640 1604 1342 415 
258 467 637 1612 1355 402 
259 503 606 1602 1305 355 
260 448 605 1478 1308 327 
261 393 559 1482 1159 333 
262 373 516 1378 1143 306 
263 417 470 1309 1120 307 
264 368 501 1306 1096 281 
265 362 444 1260 1031 274 
266 355 438 1186 980 250 
267 344 392 1101 928 243 
268 311 390 1103 894 204 
269 327 364 1026 869 210 
270 269 393 972 940 214 
271 284 354 898 824 204 
272 290 355 935 797 188 
273 267 334 840 753 192 
274 259 332 857 681 187 
275 236 290 828 679 183 
276 226 271 797 665 151 
277 209 289 714 637 127 
278 184 246 654 572 145 
279 178 256 670 560 159 
280 180 244 629 552 117 
281 164 248 607 506 101 
282 169 208 566 533 115 
283 163 195 557 491 123 
284 176 180 492 447 97 
285 163 178 525 441 91 
286 151 171 506 425 89 
287 144 164 442 391 96 
288 122 147 443 365 78 
289 129 168 426 362 84 
290 138 151 397 339 73 
291 120 138 460 330 77 
292 108 148 405 329 73 
293 114 139 350 311 74 
294 100 125 352 277 92 
295 110 118 354 285 51 
296 109 111 329 244 62 
297 86 113 316 249 54 
298 79 101 345 238 45 
299 73 116 363 235 54 
300 88 89 288 247 41 
301 83 90 296 197 35 
302 62 93 267 195 39 
303 79 69 268 216 32 
304 95 91 234 201 39 
305 69 94 260 202 37 
306 52 69 215 175 54 
307 58 82 234 191 40 
308 65 56 224 165 36 
309 55 44 240 169 34 
310 72 66 224 177 30 
311 61 61 207 166 23 
312 63 52 192 148 42 
313 55 42 172 122 27 
314 45 53 185 122 19 
315 56 40 165 119 31 
316 43 46 171 117 28 
317 41 38 161 107 26 
318 45 36 156 110 22 
319 44 33 165 109 21 
320 35 39 136 88 12 
321 34 36 147 98 18 
322 36 37 114 88 16 
323 39 36 118 112 19 
324 26 33 126 77 16 
325 40 29 78 109 15 
326 31 32 94 70 17 
327 28 31 98 94 12 
328 35 26 92 85 15 
329 30 27 85 65 15 
330 28 20 77 72 17 
331 28 20 70 64 13 
332 29 24 59 55 23 
333 20 13 68 60 16 
334 25 25 67 52 21 
335 21 14 64 46 10 
336 35 19 72 58 14 
337 15 13 60 62 12 
338 20 15 58 64 17 
339 28 20 38 65 11 
340 23 24 53 52 15 
341 18 16 46 49 13 
342 24 21 55 49 15 
343 15 21 53 53 8 
344 21 26 49 42 11 
345 11 23 46 55 11 
346 13 31 38 27 10 
347 19 17 49 31 8 
348 15 20 39 28 8 
349 21 18 44 35 3 
350 14 14 39 26 13 
351 17 23 36 37 14 
352 17 11 48 20 2 
353 16 16 38 19 3 
354 17 4 44 17 1 
355 13 10 39 12 5 
356 15 6 48 20 6 
357 22 4 36 18 3 
358 12 4 28 17 4 
359 4 4 32 15 3 
360 9 5 28 21 5 
361 11 4 18 26 4 
362 6 1 22 15 4 
363 10 1 24 18 6 
364 10 2 29 13 7 
365 15 1 19 7 3 
366 5 5 27 11 6 
367 8 5 23 18 4 
368 2 4 30 23 3 
369 1 9 22 16 5 
370 5 4 17 6 6 
371 1 4 19 19 5 
372 1 3 10 8 7 
373 2 6 15 14 5 
374 4 3 12 5 9 
375 6 6 14 5 4 
376 1 3 10 10 2 
377 2 3 11 6 6 
378 1 2 15 6 3 
379 2 2 9 5 6 
380 6 1 17 9 6 
381 3 3 15 14 7 
382 4 2 16 9 7 
383 2 1 11 6 1 
384 2 1 17 9 4 
385 3 1 8 11 5 
386 2 1 8 10 3 
387 3 2 11 12 7 
388 4 0 12 9 4 
389 3 2 11 12 5 
390 1 3 6 7 6 
391 1 1 12 14 1 
392 1 4 12 12 1 
393 1 2 17 11 0 
394 0 3 9 4 4 
395 3 0 22 9 2 
396 2 1 16 8 1 
397 3 1 14 10 4 
398 4 2 7 6 6 
399 0 2 5 9 4 
400 1 2 13 10 2 
401 4 1 9 12 4 
402 2 3 8 9 2 
403 1 2 8 12 1 
404 2 5 4 12 2 
405 3 0 4 16 2 
406 3 1 5 19 3 
407 0 0 3 21 4 
408 3 1 6 9 6 
409 4 0 5 14 5 
410 1 0 2 10 5 
411 3 0 3 12 2 
412 1 0 6 3 1 
413 3 0 4 7 4 
414 0 0 7 6 3 
415 2 0 13 3 2 
416 2 1 4 1 3 
417 0 0 5 6 0 
418 1 0 2 2 1 
419 2 0 6 2 1 
420 2 0 3 3 0 
421 2 0 5 2 1 
422 1 0 1 2 0 
423 0 0 7 5 0 
424 2 0 5 2 1 
425 2 0 6 0 0 
426 0 0 6 1 0 
427 0 0 7 2 0 
428 0 0 4 1 0 
429 2 1 4 5 0 
430 0 0 3 5 0 
431 1 0 2 4 0 
432 1 1 1 3 0 
433 0 0 1 2 0 
434 0 1 5 8 0 
435 0 0 4 0 0 
436 1 1 5 0 0 
437 0 2 3 2 0 
438 0 1 5 1 0 
439 1 1 8 3 0 
440 0 2 5 2 1 
441 0 0 13 1 0 
442 0 0 12 2 0 
443 3 0 6 5 0 
444 2 1 3 4 0 
445 2 1 8 5 0 
446 0 0 4 0 0 
447 2 1 6 4 0 
448 2 1 2 5 0 
449 1 0 5 3 0 
450 0 0 7 4 0 
451 1 0 4 5 0 
452 1 3 3 3 0 
453 1 1 1 3 0 
454 2 2 2 1 0 
455 2 1 4 1 0 
456 2 2 2 1 0 
457 0 3 3 2 0 
458 1 1 3 3 0 
459 0 2 2 3 0 
460 0 0 1 1 0 
461 1 5 0 3 0 
462 1 0 1 6 0 
463 0 0 1 1 0 
464 0 0 3 2 0 
465 0 0 0 5 1 
466 0 0 2 3 1 
467 0 0 2 5 0 
468 0 0 1 2 0 
469 0 0 4 4 0 
470 0 0 4 5 2 
471 1 0 5 2 0 
472 2 1 2 2 0 
473 1 2 3 3 1 
474 1 0 1 7 0 
475 0 1 1 4 0 
476 1 0 4 1 1 
477 0 1 1 3 0 
478 0 0 1 2 1 
479 1 0 0 0 1 
480 0 0 0 1 1 
481 0 0 0 0 1 
482 0 0 1 1 0 
483 0 0 0 2 0 
484 0 0 0 2 0 
485 0 0 1 1 0 
486 0 0 1 0 0 
487 0 0 0 0 0 
488 0 0 0 0 0 
489 0 0 0 0 0 
490 0 0 0 0 0 
491 0 0 0 0 0 
492 0 0 0 0 0 
493 0 0 0 0 0 
494 0 0 0 0 0 
