1 0 3 0 0 0 
2 0 7 0 0 0 
3 0 3 0 0 0 
4 0 7 0 0 0 
5 0 1 0 0 0 
6 0 4 0 1 0 
7 0 6 0 0 0 
8 0 5 0 0 0 
9 0 8 0 0 0 
10 0 7 0 0 0 
11 0 2 0 0 0 
12 0 8 0 0 0 
13 0 9 0 0 0 
14 1 8 0 0 0 
15 0 8 0 0 0 
16 0 12 1 0 0 
17 0 10 0 0 0 
18 5 15 0 1 0 
19 4 12 1 2 0 
20 5 11 1 3 0 
21 2 15 0 0 0 
22 5 16 0 0 0 
23 3 18 2 0 0 
24 0 20 0 1 0 
25 2 21 1 0 0 
26 5 9 1 1 1 
27 4 11 4 1 0 
28 4 11 3 0 0 
29 1 16 1 2 0 
30 1 19 8 2 0 
31 1 15 6 4 0 
32 0 12 4 10 0 
33 3 18 5 1 0 
34 4 10 4 3 0 
35 3 18 8 5 0 
36 4 12 9 3 0 
37 1 16 6 2 0 
38 1 19 7 0 0 
39 4 19 8 5 0 
40 4 28 5 2 0 
41 4 22 12 0 0 
42 0 22 8 1 2 
43 4 22 5 0 1 
44 6 34 7 3 1 
45 3 29 4 2 2 
46 3 20 15 2 0 
47 2 17 6 6 0 
48 4 21 7 5 0 
49 6 27 5 4 0 
50 7 35 11 5 0 
51 7 34 6 7 2 
52 5 43 8 4 1 
53 8 39 4 1 0 
54 3 57 3 0 1 
55 5 34 4 2 1 
56 2 37 2 1 2 
57 5 45 2 9 1 
58 6 42 5 3 1 
59 5 53 6 4 1 
60 4 53 2 3 1 
61 3 46 2 4 0 
62 4 63 1 5 2 
63 6 58 4 7 1 
64 8 64 2 4 1 
65 3 70 2 8 1 
66 4 78 2 9 1 
67 7 71 6 11 2 
68 4 74 6 9 3 
69 6 76 6 10 2 
70 10 100 10 11 0 
71 12 75 6 16 1 
72 12 106 11 18 4 
73 10 110 8 23 2 
74 7 99 9 30 2 
75 7 101 9 30 3 
76 18 109 17 25 3 
77 17 120 23 36 5 
78 16 123 27 42 6 
79 21 125 12 30 5 
80 33 138 27 27 9 
81 30 137 38 49 10 
82 35 139 44 37 8 
83 25 153 43 53 4 
84 20 159 47 45 5 
85 18 178 39 39 4 
86 23 177 48 42 8 
87 29 182 43 51 5 
88 37 188 51 53 8 
89 32 189 44 57 7 
90 43 218 52 65 13 
91 43 292 54 61 13 
92 30 255 64 53 17 
93 56 286 72 55 8 
94 35 300 71 71 15 
95 41 339 85 73 14 
96 58 333 114 69 12 
97 63 350 103 94 15 
98 58 391 112 101 20 
99 83 395 121 90 21 
100 53 432 136 118 24 
101 60 419 154 129 23 
102 58 456 129 111 33 
103 87 480 129 156 27 
104 69 501 158 128 29 
105 85 497 147 137 31 
106 84 528 172 179 38 
107 80 517 156 182 42 
108 95 540 170 202 45 
109 83 533 177 184 46 
110 77 594 213 225 38 
111 81 618 221 244 50 
112 97 645 246 261 52 
113 108 703 254 283 68 
114 99 732 295 306 81 
115 112 759 292 345 76 
116 107 767 282 360 73 
117 126 810 366 339 69 
118 128 848 390 414 71 
119 157 887 421 404 70 
120 146 943 441 407 72 
121 184 1013 449 460 80 
122 201 1069 477 462 75 
123 199 1062 485 496 83 
124 191 1104 489 521 114 
125 225 1136 525 543 111 
126 230 1206 533 553 107 
127 261 1181 570 613 97 
128 298 1241 572 643 126 
129 278 1374 625 663 107 
130 280 1371 697 714 124 
131 291 1393 735 743 132 
132 330 1478 722 830 139 
133 344 1568 778 809 145 
134 310 1615 898 900 143 
135 338 1639 875 962 171 
136 371 1791 947 964 161 
137 407 1795 1007 1048 187 
138 388 1820 1018 1095 170 
139 420 1981 1097 1186 207 
140 470 2065 1170 1229 190 
141 480 2096 1196 1350 210 
142 493 2126 1223 1469 214 
143 496 2293 1330 1476 243 
144 523 2349 1347 1486 232 
145 552 2610 1380 1583 264 
146 594 2493 1493 1642 292 
147 576 2591 1649 1725 295 
148 635 2756 1636 1762 281 
149 657 2835 1768 1867 276 
150 690 2831 1863 1893 344 
151 738 2816 1956 2012 350 
152 708 3012 1989 2062 375 
153 777 3178 2128 2127 374 
154 790 3258 2122 2329 372 
155 875 3370 2252 2329 370 
156 859 3560 2356 2458 375 
157 864 3556 2427 2608 405 
158 925 3632 2469 2698 494 
159 925 3655 2684 2765 493 
160 975 3692 2816 2822 566 
161 1088 3755 2876 2985 556 
162 1060 3888 2955 2982 563 
163 1024 3931 3049 3141 624 
164 1133 4041 3104 3397 582 
165 1205 4104 3176 3475 621 
166 1166 4072 3410 3519 666 
167 1281 4016 3446 3750 663 
168 1332 4090 3552 3746 666 
169 1341 4061 3704 3887 676 
170 1348 4052 3759 3951 685 
171 1326 4002 3860 4133 683 
172 1472 4018 3997 4226 743 
173 1381 4229 4036 4252 705 
174 1401 4213 4075 4256 763 
175 1439 4118 4208 4336 780 
176 1531 4210 4250 4469 768 
177 1590 4024 4387 4562 827 
178 1494 4147 4619 4673 820 
179 1527 4005 4630 4722 789 
180 1647 4063 4562 4821 813 
181 1653 4041 4763 4777 846 
182 1701 4087 4857 4935 850 
183 1648 3946 4978 4968 877 
184 1738 3944 4948 5184 903 
185 1697 3863 5040 5150 920 
186 1682 3836 4905 5257 906 
187 1680 3752 5318 5305 994 
188 1682 3724 5075 5239 968 
189 1761 3687 5188 5079 923 
190 1727 3670 5142 5233 996 
191 1732 3721 5238 5346 1001 
192 1770 3628 5244 5429 1088 
193 1736 3507 5159 5298 1065 
194 1742 3436 5106 5189 1020 
195 1705 3252 5129 5224 1026 
196 1668 3274 5232 5292 1040 
197 1702 3200 5095 5402 1008 
198 1698 3127 5144 5205 981 
199 1692 3049 5135 5365 1028 
200 1703 2990 5189 5321 982 
201 1669 2908 5158 5219 1003 
202 1661 2916 5195 5059 969 
203 1636 2844 5197 4904 991 
204 1629 2702 5079 4931 954 
205 1480 2662 5062 4746 949 
206 1518 2493 4975 4768 944 
207 1584 2525 4941 4730 948 
208 1571 2455 4808 4533 974 
209 1480 2370 4792 4587 941 
210 1445 2285 4720 4548 865 
211 1508 2309 4593 4341 881 
212 1357 2182 4633 4265 855 
213 1341 2062 4510 4082 890 
214 1304 2176 4315 4007 812 
215 1318 1991 4269 4057 808 
216 1381 1951 4197 3859 774 
217 1186 1885 4138 3823 801 
218 1239 1832 4115 3665 710 
219 1228 1758 3915 3695 715 
220 1148 1751 3805 3535 607 
221 1150 1590 3689 3349 647 
222 1086 1602 3657 3216 575 
223 1086 1488 3639 3299 617 
224 1019 1524 3445 3111 623 
225 1048 1397 3298 3012 604 
226 1084 1346 3224 2864 624 
227 959 1380 3195 2879 593 
228 1031 1353 3159 2632 567 
229 1014 1256 3015 2651 530 
230 941 1163 2929 2463 518 
231 915 1118 2784 2508 521 
232 888 1055 2700 2348 534 
233 746 996 2580 2395 493 
234 769 1033 2646 2202 488 
235 760 940 2449 2180 453 
236 710 969 2284 2083 427 
237 702 922 2284 2022 413 
238 688 834 2230 1947 396 
239 667 827 2241 1878 415 
240 604 855 2137 1841 371 
241 641 807 2008 1802 390 
242 564 814 2005 1683 368 
243 563 724 1906 1613 374 
244 535 690 1804 1631 366 
245 553 725 1757 1570 339 
246 601 659 1694 1486 312 
247 487 705 1651 1407 310 
248 486 683 1591 1411 294 
249 480 607 1545 1341 297 
250 440 568 1542 1298 279 
251 402 579 1377 1260 260 
252 434 517 1315 1202 279 
253 411 499 1238 1121 233 
254 416 496 1210 1072 244 
255 349 468 1184 1087 216 
256 359 418 1129 1103 207 
257 370 417 1089 1027 217 
258 340 417 1044 968 215 
259 302 401 967 943 206 
260 295 389 975 876 202 
261 279 383 901 856 190 
262 257 348 902 826 181 
263 301 361 863 806 194 
264 285 351 806 738 161 
265 256 297 801 730 164 
266 244 278 776 718 169 
267 207 289 736 657 161 
268 233 270 739 627 161 
269 227 244 736 617 152 
270 226 259 665 603 109 
271 191 233 618 543 116 
272 171 215 579 521 128 
273 159 205 625 521 114 
274 175 202 536 479 121 
275 182 175 508 455 115 
276 154 163 526 462 106 
277 128 148 460 426 102 
278 151 135 448 396 103 
279 118 123 462 398 79 
280 124 103 424 349 87 
281 96 121 378 342 84 
282 112 121 427 374 101 
283 116 130 413 359 73 
284 92 133 343 344 69 
285 87 103 357 316 60 
286 90 97 367 273 64 
287 99 89 303 252 69 
288 83 88 296 245 59 
289 86 74 282 240 63 
290 80 58 272 231 62 
291 79 69 263 210 55 
292 81 74 232 194 51 
293 62 65 233 192 50 
294 63 87 221 163 40 
295 65 72 215 158 34 
296 61 51 222 162 32 
297 75 61 195 140 47 
298 47 50 188 184 33 
299 66 50 186 168 36 
300 37 46 171 131 42 
301 52 35 166 140 26 
302 39 40 166 126 32 
303 57 40 142 112 35 
304 48 51 142 110 28 
305 42 43 121 103 23 
306 40 55 144 98 20 
307 40 37 133 82 27 
308 31 49 110 87 27 
309 40 35 106 86 27 
310 25 46 119 80 21 
311 25 30 116 84 33 
312 22 30 84 83 23 
313 24 46 104 71 21 
314 20 39 92 80 12 
315 22 44 123 85 12 
316 24 51 103 76 21 
317 32 47 95 61 21 
318 21 37 77 54 13 
319 34 24 74 57 19 
320 26 31 80 63 11 
321 17 31 77 60 12 
322 26 19 82 54 13 
323 18 24 69 66 12 
324 26 22 66 52 16 
325 25 14 69 46 16 
326 23 16 53 48 7 
327 12 19 57 41 8 
328 18 20 48 40 12 
329 19 22 34 37 8 
330 10 23 43 43 12 
331 21 19 27 36 10 
332 10 18 44 31 13 
333 14 20 43 41 8 
334 11 12 41 35 11 
335 17 15 34 44 12 
336 13 20 38 33 5 
337 6 16 35 46 11 
338 9 12 33 45 11 
339 5 13 41 35 6 
340 4 18 42 33 8 
341 10 14 27 32 6 
342 11 19 36 41 7 
343 11 14 35 43 4 
344 9 8 27 31 7 
345 7 10 35 33 10 
346 8 10 28 27 7 
347 7 5 29 27 8 
348 5 8 28 37 7 
349 7 8 26 29 4 
350 4 11 15 34 7 
351 4 7 13 26 7 
352 5 6 19 42 5 
353 9 11 15 29 5 
354 8 3 13 28 7 
355 5 10 10 13 4 
356 3 8 12 22 6 
357 9 4 6 20 2 
358 3 7 11 12 8 
359 4 7 8 25 3 
360 3 8 11 14 5 
361 5 9 6 9 4 
362 4 8 9 11 6 
363 6 16 3 11 4 
364 3 10 10 4 2 
365 4 8 4 12 4 
366 2 4 11 9 5 
367 4 6 9 15 5 
368 3 4 8 2 5 
369 3 4 8 4 3 
370 0 2 3 4 1 
371 1 1 7 4 4 
372 1 4 5 2 1 
373 1 5 8 2 6 
374 1 3 9 2 3 
375 1 4 8 1 2 
376 3 2 6 1 5 
377 3 3 5 3 1 
378 3 1 4 3 3 
379 1 2 3 8 0 
380 2 1 7 2 3 
381 0 0 1 1 2 
382 1 0 1 7 3 
383 1 1 2 2 1 
384 0 1 2 1 1 
385 1 0 3 2 1 
386 0 1 1 4 1 
387 1 0 1 3 1 
388 0 0 1 4 0 
389 1 0 1 0 0 
390 1 0 0 0 0 
391 0 0 0 2 0 
392 2 0 0 3 0 
393 1 0 0 0 0 
394 0 0 1 0 0 
395 1 0 0 0 0 
396 2 2 0 0 0 
397 0 0 0 0 0 
398 0 0 0 0 0 
399 1 0 0 1 0 
400 0 0 1 0 0 
401 2 0 0 0 0 
402 0 0 0 0 0 
403 1 0 0 0 0 
404 0 0 2 1 0 
405 0 0 1 0 0 
406 0 0 0 0 0 
407 1 0 0 0 0 
408 0 0 0 0 0 
