1 0 5 0 0 0 
2 0 6 0 1 0 
3 0 5 0 0 0 
4 1 6 0 0 0 
5 0 4 0 0 0 
6 0 5 0 0 0 
7 0 5 0 0 0 
8 0 8 0 0 0 
9 0 2 0 0 0 
10 0 6 0 0 0 
11 0 4 0 0 0 
12 1 5 0 0 0 
13 0 8 0 0 0 
14 0 7 0 0 1 
15 1 10 0 0 0 
16 0 4 0 1 0 
17 1 9 0 1 1 
18 3 8 2 2 0 
19 0 4 0 1 1 
20 1 8 0 0 0 
21 0 2 2 1 0 
22 3 7 0 2 0 
23 4 6 3 1 0 
24 3 4 2 5 0 
25 2 4 4 3 0 
26 2 7 3 5 0 
27 2 3 8 8 0 
28 3 8 5 4 0 
29 2 8 3 9 0 
30 5 4 1 6 0 
31 3 8 4 9 0 
32 5 12 6 11 0 
33 6 9 11 11 0 
34 3 13 2 12 0 
35 2 10 6 13 0 
36 4 17 5 11 0 
37 3 20 7 5 1 
38 6 20 7 8 0 
39 4 13 9 8 0 
40 1 14 8 13 0 
41 2 13 7 16 0 
42 4 25 13 11 1 
43 1 20 21 8 3 
44 4 16 13 8 4 
45 4 15 13 17 3 
46 6 20 22 14 3 
47 3 20 28 14 5 
48 14 25 21 14 4 
49 8 28 32 16 1 
50 5 37 23 14 6 
51 7 32 25 20 5 
52 10 33 45 20 10 
53 17 34 46 20 7 
54 5 40 41 21 12 
55 3 48 43 18 16 
56 13 39 49 25 4 
57 11 44 54 21 8 
58 4 56 62 34 7 
59 11 58 60 36 10 
60 16 56 50 30 9 
61 11 75 56 24 10 
62 7 71 64 33 7 
63 13 66 62 44 9 
64 16 62 56 46 11 
65 11 64 63 31 12 
66 12 72 60 46 9 
67 21 55 89 48 10 
68 30 62 81 64 9 
69 32 67 86 69 17 
70 19 79 68 57 11 
71 23 65 75 57 16 
72 21 81 102 49 11 
73 17 79 89 84 15 
74 31 81 83 71 20 
75 28 76 95 67 9 
76 27 104 109 63 10 
77 34 103 102 94 13 
78 39 125 87 84 10 
79 43 112 86 89 7 
80 28 131 111 107 6 
81 39 139 120 107 8 
82 39 134 110 116 11 
83 40 137 102 129 13 
84 49 148 116 114 17 
85 42 151 122 119 25 
86 37 165 120 132 22 
87 56 154 115 148 25 
88 44 187 131 153 30 
89 48 224 137 177 35 
90 51 210 121 154 38 
91 57 239 130 167 36 
92 58 236 178 192 49 
93 69 221 148 194 48 
94 73 257 165 200 33 
95 66 277 154 197 51 
96 71 282 188 211 46 
97 78 267 196 231 47 
98 89 287 214 253 50 
99 82 301 195 280 52 
100 78 324 196 290 50 
101 103 346 230 319 52 
102 107 315 234 326 71 
103 113 353 239 310 64 
104 99 397 251 337 56 
105 95 415 226 373 68 
106 111 446 265 380 49 
107 110 414 274 421 60 
108 122 450 301 372 62 
109 125 466 291 416 69 
110 140 508 293 431 90 
111 134 547 335 443 71 
112 193 582 330 468 94 
113 198 574 347 489 92 
114 187 646 382 553 82 
115 194 686 395 512 93 
116 162 739 379 597 93 
117 194 699 457 593 113 
118 209 730 450 642 110 
119 238 753 461 700 93 
120 193 857 499 649 122 
121 237 821 474 763 104 
122 236 840 558 707 139 
123 225 825 544 814 138 
124 248 852 635 817 144 
125 239 929 605 832 127 
126 248 960 659 824 161 
127 269 955 660 877 142 
128 275 1034 713 908 161 
129 298 1096 763 945 172 
130 315 1141 780 1054 202 
131 320 1207 867 999 203 
132 330 1255 853 1049 194 
133 349 1330 863 1102 206 
134 331 1328 1022 1183 200 
135 373 1354 959 1157 229 
136 439 1523 1019 1192 232 
137 403 1528 1123 1314 229 
138 463 1562 1166 1366 232 
139 455 1641 1164 1374 222 
140 464 1710 1223 1411 267 
141 509 1759 1352 1523 258 
142 500 1880 1358 1568 231 
143 491 1845 1390 1667 277 
144 551 2005 1532 1767 247 
145 538 2059 1515 1862 263 
146 576 2192 1564 1900 286 
147 535 2298 1694 2045 315 
148 571 2277 1750 1972 297 
149 654 2464 1883 2113 343 
150 663 2535 1938 2221 359 
151 636 2566 2008 2247 388 
152 708 2678 2089 2322 379 
153 748 2714 2142 2403 376 
154 759 2825 2161 2470 450 
155 806 2895 2338 2446 428 
156 786 2973 2395 2635 428 
157 887 3055 2416 2643 412 
158 870 3129 2575 2949 483 
159 913 3149 2558 2981 467 
160 951 3222 2751 2957 476 
161 1002 3245 2827 3236 445 
162 1003 3350 2842 3109 502 
163 1038 3466 2883 3281 502 
164 1125 3429 3028 3352 509 
165 1101 3573 3280 3475 565 
166 1147 3691 3262 3539 549 
167 1189 3655 3344 3579 609 
168 1174 3716 3423 3690 593 
169 1188 3826 3473 3835 584 
170 1279 3863 3601 3886 624 
171 1215 3867 3749 3962 589 
172 1301 3840 3683 4017 653 
173 1355 3877 3916 4170 658 
174 1385 3965 3973 4195 732 
175 1364 3866 3987 4219 718 
176 1380 4000 4103 4250 749 
177 1351 4124 4285 4284 764 
178 1451 4009 4314 4428 788 
179 1397 3998 4375 4428 811 
180 1494 4238 4328 4457 787 
181 1594 4179 4376 4585 813 
182 1514 4204 4364 4647 841 
183 1484 4216 4588 4674 877 
184 1591 4098 4461 4721 873 
185 1555 4254 4598 4696 920 
186 1570 4072 4717 4744 866 
187 1594 4111 4926 4874 969 
188 1688 4048 4853 4784 918 
189 1707 3975 4791 4847 982 
190 1634 4001 4846 4969 995 
191 1674 3912 5019 4855 1020 
192 1523 3867 4904 4893 981 
193 1567 3822 4834 4807 999 
194 1655 3675 4824 4964 981 
195 1651 3471 4873 4755 973 
196 1638 3538 4843 4795 904 
197 1594 3531 4850 4582 954 
198 1571 3499 4922 4734 952 
199 1568 3441 4876 4634 935 
200 1530 3334 4810 4595 988 
201 1650 3226 4693 4555 911 
202 1535 3147 4662 4524 937 
203 1523 3111 4553 4513 923 
204 1599 2880 4562 4310 874 
205 1509 2894 4526 4413 837 
206 1410 2831 4576 4358 839 
207 1420 2802 4456 4247 823 
208 1472 2614 4489 4134 803 
209 1422 2537 4334 4268 840 
210 1426 2447 4200 4082 752 
211 1463 2460 4331 3907 729 
212 1372 2360 4184 3904 748 
213 1397 2337 4062 3845 765 
214 1307 2182 3868 3742 742 
215 1294 2102 3999 3791 720 
216 1227 2123 3894 3606 748 
217 1217 2050 3743 3598 734 
218 1187 1991 3685 3537 691 
219 1163 1961 3598 3454 651 
220 1181 1892 3495 3298 650 
221 1143 1863 3435 3214 695 
222 1106 1737 3390 3080 627 
223 1039 1753 3251 3076 626 
224 1014 1591 3232 2857 632 
225 1035 1590 3121 2798 653 
226 984 1544 3102 2771 608 
227 971 1446 3008 2707 557 
228 928 1475 2948 2663 549 
229 951 1317 2786 2480 527 
230 885 1351 2697 2438 548 
231 904 1343 2657 2365 507 
232 818 1283 2609 2270 487 
233 834 1214 2542 2217 490 
234 798 1167 2373 2168 462 
235 731 1138 2364 2070 495 
236 722 1095 2253 2081 454 
237 717 1086 2237 1955 385 
238 708 1004 2121 1907 336 
239 665 959 2064 1753 378 
240 629 919 2015 1773 389 
241 608 869 1937 1720 362 
242 631 892 1969 1630 374 
243 607 818 1877 1655 403 
244 554 782 1802 1537 345 
245 573 791 1695 1547 324 
246 551 737 1707 1443 313 
247 465 717 1592 1478 335 
248 534 713 1635 1368 327 
249 467 664 1503 1318 299 
250 449 604 1485 1234 277 
251 440 638 1442 1219 301 
252 443 574 1304 1208 274 
253 441 553 1319 1135 281 
254 396 519 1198 1122 254 
255 362 490 1172 1035 235 
256 385 512 1131 1099 247 
257 343 511 1109 1010 241 
258 341 508 1139 930 242 
259 348 451 1058 895 227 
260 304 416 1088 920 220 
261 344 459 1031 816 189 
262 317 401 949 776 198 
263 294 383 922 761 187 
264 290 372 878 724 185 
265 298 369 857 711 181 
266 267 351 795 659 162 
267 239 348 762 683 151 
268 221 317 742 615 133 
269 249 312 751 629 146 
270 231 293 663 611 151 
271 229 304 650 557 154 
272 213 278 613 538 129 
273 216 261 588 500 132 
274 199 230 579 463 94 
275 203 237 530 501 110 
276 162 215 487 526 101 
277 183 212 500 474 73 
278 149 220 456 452 80 
279 157 213 459 426 76 
280 169 176 401 395 72 
281 153 152 425 443 98 
282 178 166 400 414 87 
283 153 155 358 374 91 
284 126 164 347 360 87 
285 140 140 313 375 77 
286 111 145 323 361 82 
287 134 135 305 338 61 
288 93 112 283 326 84 
289 100 122 262 323 72 
290 120 106 247 290 80 
291 93 93 265 245 61 
292 78 83 259 240 64 
293 80 75 264 234 40 
294 79 82 233 198 44 
295 71 64 221 211 34 
296 83 72 191 184 36 
297 82 76 195 167 27 
298 66 77 196 179 41 
299 53 55 216 189 32 
300 76 66 182 179 42 
301 54 68 172 159 37 
302 54 42 201 148 29 
303 47 52 180 135 31 
304 56 52 163 141 31 
305 52 44 160 119 31 
306 59 46 143 102 13 
307 37 39 147 98 22 
308 53 42 140 100 21 
309 36 47 124 120 19 
310 56 36 113 103 25 
311 39 47 111 88 26 
312 42 39 110 86 24 
313 39 42 101 72 20 
314 38 34 105 59 19 
315 40 38 107 76 14 
316 32 48 87 67 15 
317 31 33 99 67 13 
318 22 40 90 71 10 
319 34 54 97 51 7 
320 27 34 77 56 6 
321 29 30 80 52 13 
322 38 31 78 71 9 
323 23 28 66 58 16 
324 16 43 49 47 8 
325 27 19 50 51 7 
326 26 26 45 62 8 
327 19 30 54 47 9 
328 22 26 47 37 8 
329 27 25 34 51 14 
330 22 29 37 58 4 
331 19 23 43 47 12 
332 24 17 32 47 17 
333 19 16 46 36 8 
334 13 26 30 26 11 
335 11 26 28 30 11 
336 9 16 30 29 10 
337 9 16 34 35 10 
338 12 19 28 32 6 
339 15 18 25 42 10 
340 13 20 36 43 11 
341 13 17 35 31 5 
342 10 20 25 31 10 
343 17 15 18 45 6 
344 12 24 22 35 4 
345 6 13 18 27 5 
346 10 20 15 25 2 
347 6 19 14 29 1 
348 3 16 11 20 3 
349 8 26 19 23 5 
350 2 12 11 22 2 
351 5 12 16 20 3 
352 2 8 11 23 6 
353 7 8 10 22 4 
354 7 5 13 16 7 
355 0 7 15 13 3 
356 8 3 12 15 5 
357 6 6 6 12 6 
358 3 5 18 13 6 
359 5 7 6 9 4 
360 2 6 10 12 7 
361 3 6 9 12 1 
362 4 11 13 13 5 
363 6 8 8 13 4 
364 6 11 16 10 2 
365 5 9 10 8 3 
366 0 6 8 2 1 
367 9 9 5 6 2 
368 3 12 4 5 2 
369 3 7 5 10 3 
370 2 6 6 3 4 
371 2 6 6 11 2 
372 2 7 6 5 4 
373 4 4 4 9 4 
374 4 13 6 8 2 
375 3 10 7 8 3 
376 2 9 7 8 2 
377 0 7 8 16 2 
378 2 6 2 11 3 
379 3 6 3 8 1 
380 1 9 5 8 1 
381 1 6 3 7 4 
382 1 2 4 9 0 
383 2 3 4 6 2 
384 0 3 4 9 3 
385 4 4 0 9 3 
386 1 1 5 3 2 
387 2 7 2 14 3 
388 2 2 0 7 3 
389 3 4 1 7 3 
390 6 3 1 11 2 
391 8 1 0 7 0 
392 2 3 4 8 0 
393 5 0 0 2 2 
394 3 0 2 6 0 
395 1 2 3 5 1 
396 0 0 1 5 1 
397 2 1 0 1 1 
398 2 0 5 3 0 
399 2 0 4 4 0 
400 3 2 4 4 0 
401 4 0 4 0 1 
402 1 1 4 3 0 
403 2 0 4 4 0 
404 1 0 2 6 0 
405 4 1 1 4 0 
406 3 3 1 3 0 
407 1 2 1 4 0 
408 3 1 1 7 0 
409 2 0 0 5 0 
410 0 1 2 8 0 
411 2 1 0 6 0 
412 1 0 0 4 0 
413 0 0 1 2 0 
414 2 1 0 5 0 
415 1 1 0 2 0 
416 0 0 1 2 0 
417 2 0 2 2 0 
418 1 2 2 5 0 
419 1 1 3 2 0 
420 0 2 1 2 0 
421 1 0 2 1 0 
422 0 2 0 2 0 
423 1 0 1 1 0 
424 0 0 0 0 0 
425 1 1 0 3 0 
426 2 1 0 2 0 
427 0 0 0 2 0 
428 0 0 0 0 0 
429 0 0 0 1 0 
430 0 0 0 0 1 
431 0 0 0 1 0 
432 0 0 1 0 0 
433 0 0 1 0 0 
434 0 2 0 0 0 
435 0 1 0 1 0 
436 0 1 0 0 0 
437 0 0 0 2 0 
438 0 1 0 0 0 
439 0 0 0 1 0 
440 0 1 0 0 0 
441 0 1 0 0 0 
442 0 0 0 0 0 
443 0 0 0 0 0 
