1 0 9 0 0 0 
2 0 7 0 0 0 
3 0 5 0 1 0 
4 1 5 1 1 0 
5 0 5 0 4 0 
6 1 3 1 3 1 
7 1 9 0 3 0 
8 1 2 1 5 1 
9 1 1 0 2 0 
10 2 2 0 2 0 
11 1 3 0 4 0 
12 2 3 0 1 0 
13 1 4 1 3 0 
14 1 4 0 0 0 
15 1 2 0 1 0 
16 0 3 0 1 0 
17 1 4 0 1 0 
18 0 4 1 0 0 
19 4 6 1 2 0 
20 1 2 0 1 0 
21 2 2 1 0 0 
22 4 4 1 1 0 
23 0 7 2 1 0 
24 1 5 3 1 0 
25 3 4 1 1 0 
26 2 8 5 5 0 
27 1 7 1 6 0 
28 3 8 3 3 0 
29 2 8 1 0 0 
30 0 10 2 2 0 
31 0 5 2 2 0 
32 0 11 4 4 0 
33 1 10 4 1 0 
34 2 14 6 3 0 
35 1 20 7 3 0 
36 3 14 8 6 0 
37 4 12 4 4 0 
38 5 10 5 7 0 
39 3 19 5 6 0 
40 3 11 6 5 0 
41 2 20 3 6 0 
42 3 22 9 5 0 
43 0 15 10 7 0 
44 1 17 6 8 0 
45 2 33 4 2 0 
46 1 24 5 5 1 
47 2 31 2 6 0 
48 2 35 6 6 0 
49 2 34 2 10 0 
50 4 33 6 7 0 
51 3 27 5 6 0 
52 1 42 2 3 0 
53 6 46 5 4 0 
54 4 56 9 3 1 
55 3 52 3 6 0 
56 10 75 7 5 0 
57 6 68 8 7 0 
58 2 55 5 8 0 
59 6 68 8 5 0 
60 7 71 5 13 0 
61 6 88 10 14 0 
62 11 95 4 10 0 
63 11 95 8 12 1 
64 11 96 10 24 0 
65 9 87 18 28 0 
66 10 100 14 29 2 
67 9 93 11 26 0 
68 12 105 15 34 0 
69 10 88 19 36 1 
70 8 104 20 45 1 
71 10 100 21 41 1 
72 12 107 22 41 0 
73 16 129 38 44 4 
74 19 126 31 57 3 
75 17 125 38 60 2 
76 19 148 46 54 4 
77 20 138 44 71 4 
78 36 184 37 58 1 
79 23 173 54 65 3 
80 30 212 31 69 2 
81 17 220 53 83 1 
82 40 226 57 92 7 
83 31 240 55 72 8 
84 30 276 71 101 5 
85 33 281 55 91 3 
86 40 303 83 104 10 
87 42 332 77 90 10 
88 44 313 93 111 14 
89 49 347 97 125 16 
90 54 355 94 103 25 
91 63 334 117 143 18 
92 86 387 117 174 18 
93 85 414 126 179 16 
94 72 443 153 140 22 
95 77 443 148 180 29 
96 88 459 172 172 29 
97 89 518 172 209 30 
98 76 518 169 221 23 
99 93 581 211 214 29 
100 110 603 227 228 32 
101 140 651 236 247 39 
102 158 648 275 243 36 
103 127 711 295 320 40 
104 138 747 281 304 39 
105 159 828 319 341 52 
106 148 858 313 356 58 
107 157 867 366 341 39 
108 176 908 357 361 56 
109 195 1006 395 369 59 
110 194 984 372 394 62 
111 180 1036 434 402 67 
112 187 1130 441 468 79 
113 228 1105 470 509 96 
114 261 1211 553 512 79 
115 256 1384 563 576 76 
116 261 1350 522 601 119 
117 249 1456 646 592 123 
118 269 1565 670 658 120 
119 319 1557 691 677 111 
120 316 1614 729 744 115 
121 311 1754 691 767 115 
122 308 1801 792 798 137 
123 369 1832 878 850 143 
124 375 1900 889 829 139 
125 359 1976 966 973 156 
126 383 1993 926 955 158 
127 401 2084 1060 995 162 
128 450 2200 1064 1137 169 
129 471 2215 1068 1099 179 
130 467 2314 1181 1117 200 
131 451 2425 1213 1188 192 
132 516 2381 1281 1288 175 
133 558 2452 1379 1391 204 
134 571 2611 1419 1420 231 
135 576 2635 1553 1568 232 
136 556 2713 1545 1664 259 
137 642 2799 1611 1675 250 
138 605 2963 1664 1751 250 
139 694 2983 1663 1807 266 
140 692 3088 1842 1906 290 
141 709 3253 1862 2081 299 
142 754 3270 1969 2125 268 
143 810 3188 2074 2200 296 
144 886 3428 2151 2296 306 
145 884 3510 2215 2372 348 
146 862 3556 2459 2513 366 
147 937 3660 2428 2646 380 
148 987 3689 2621 2667 377 
149 1008 3767 2760 2826 363 
150 1100 3887 2680 2907 400 
151 1122 4030 2798 3027 428 
152 1123 4105 2873 3153 475 
153 1138 3939 3044 3178 455 
154 1118 4202 3286 3319 526 
155 1207 4094 3294 3462 524 
156 1280 4250 3488 3610 598 
157 1252 4241 3511 3764 569 
158 1317 4202 3627 3890 575 
159 1378 4206 3754 3999 622 
160 1343 4195 3912 4058 630 
161 1347 4156 3926 4051 621 
162 1329 4096 4112 4146 646 
163 1388 4154 4148 4364 765 
164 1404 3990 4094 4408 723 
165 1463 4157 4301 4498 791 
166 1567 4117 4415 4665 773 
167 1597 4068 4510 4641 791 
168 1619 4016 4620 4739 844 
169 1542 4056 4556 4845 861 
170 1619 4081 4703 4795 869 
171 1616 3988 4777 5043 849 
172 1660 3792 4840 5059 919 
173 1631 3794 4927 5093 911 
174 1692 3810 5038 5228 958 
175 1696 3815 5061 5204 952 
176 1719 3660 5187 5276 897 
177 1693 3619 5088 5294 940 
178 1768 3641 5314 5355 921 
179 1735 3608 5453 5437 930 
180 1745 3417 5345 5527 977 
181 1711 3417 5401 5430 976 
182 1726 3389 5408 5561 984 
183 1666 3175 5631 5531 1014 
184 1706 3263 5454 5412 1059 
185 1748 3105 5562 5329 1027 
186 1761 3145 5532 5470 992 
187 1744 3108 5295 5497 1035 
188 1652 2996 5460 5363 1048 
189 1626 2967 5343 5135 990 
190 1641 2926 5381 5130 988 
191 1620 2882 5305 5129 990 
192 1665 2736 5282 5103 1031 
193 1611 2788 5327 5001 1014 
194 1552 2642 5209 4880 994 
195 1574 2605 5233 4753 954 
196 1606 2533 5134 4815 992 
197 1544 2506 5032 4706 927 
198 1572 2392 4993 4547 923 
199 1467 2315 5014 4607 990 
200 1503 2216 4909 4416 961 
201 1400 2085 4633 4450 963 
202 1468 2040 4629 4230 897 
203 1377 2064 4528 4277 874 
204 1340 2001 4421 4173 883 
205 1371 1934 4322 4087 869 
206 1286 1796 4215 3821 909 
207 1289 1829 4186 3857 859 
208 1313 1737 4093 3688 833 
209 1223 1679 3930 3643 855 
210 1188 1656 3803 3547 772 
211 1199 1621 3649 3489 743 
212 1157 1530 3646 3350 716 
213 1106 1491 3546 3282 729 
214 1111 1425 3465 3317 672 
215 1052 1418 3384 3186 650 
216 1042 1353 3155 3075 612 
217 1073 1348 3119 2887 591 
218 1016 1266 3083 2890 602 
219 990 1313 3010 2809 562 
220 948 1198 2806 2667 564 
221 889 1119 2789 2567 495 
222 895 1130 2644 2439 500 
223 817 1081 2575 2370 543 
224 834 1089 2492 2328 496 
225 795 980 2399 2143 470 
226 820 956 2304 2128 461 
227 723 906 2307 2043 413 
228 697 905 2220 2008 390 
229 673 805 2227 1937 391 
230 638 794 2089 1883 417 
231 593 774 2039 1749 375 
232 643 768 1954 1709 350 
233 609 705 1806 1628 342 
234 572 705 1803 1621 343 
235 543 653 1700 1544 306 
236 479 597 1626 1470 291 
237 534 586 1546 1420 286 
238 474 606 1509 1406 266 
239 473 529 1496 1325 249 
240 461 539 1411 1314 251 
241 396 479 1374 1221 227 
242 450 462 1251 1224 254 
243 374 396 1275 1100 221 
244 380 396 1207 1087 212 
245 332 407 1052 967 223 
246 352 412 1073 967 196 
247 300 393 1053 966 186 
248 311 382 1045 941 171 
249 316 346 951 967 177 
250 303 340 1008 889 165 
251 284 311 958 910 144 
252 270 306 921 839 161 
253 272 295 817 804 185 
254 284 292 768 783 159 
255 262 225 777 743 146 
256 223 248 696 726 151 
257 235 230 711 752 146 
258 202 244 717 699 151 
259 212 218 666 663 139 
260 191 236 596 611 139 
261 167 188 612 606 122 
262 142 198 582 580 122 
263 172 180 569 588 115 
264 159 185 556 581 111 
265 173 188 524 479 99 
266 138 148 505 495 93 
267 145 174 467 458 96 
268 117 140 407 460 90 
269 137 153 425 443 73 
270 144 135 399 366 75 
271 143 140 391 403 73 
272 125 130 360 365 66 
273 121 122 358 360 68 
274 118 123 355 314 63 
275 117 146 323 310 49 
276 99 95 341 308 46 
277 101 93 318 269 59 
278 107 103 312 268 43 
279 90 78 295 259 52 
280 112 98 266 268 51 
281 85 101 256 268 51 
282 81 90 231 210 57 
283 81 91 219 219 36 
284 66 78 221 183 49 
285 65 74 190 184 32 
286 62 84 199 177 43 
287 61 78 180 158 47 
288 80 77 165 168 50 
289 58 64 153 147 35 
290 59 50 141 129 26 
291 62 53 137 139 19 
292 56 49 138 136 22 
293 36 47 136 142 21 
294 46 63 129 126 16 
295 61 47 128 103 19 
296 51 60 111 84 24 
297 48 39 103 110 34 
298 28 53 103 123 20 
299 38 41 97 96 25 
300 42 39 114 91 28 
301 38 35 69 79 23 
302 36 43 75 91 22 
303 31 30 87 69 20 
304 33 36 72 92 27 
305 34 33 67 64 16 
306 21 35 79 67 19 
307 34 38 82 57 18 
308 26 31 68 55 18 
309 26 37 76 68 19 
310 18 29 71 63 19 
311 20 22 50 58 16 
312 22 25 60 60 19 
313 20 27 48 49 10 
314 11 18 45 55 13 
315 18 15 55 51 13 
316 28 18 62 60 10 
317 22 22 42 42 10 
318 20 25 58 41 10 
319 20 14 45 36 7 
320 9 12 48 41 9 
321 16 16 42 33 8 
322 16 20 40 34 9 
323 14 14 28 33 10 
324 11 13 35 28 6 
325 15 16 33 27 4 
326 14 20 10 26 11 
327 22 13 25 18 9 
328 10 11 34 35 9 
329 11 14 27 23 9 
330 9 5 29 23 11 
331 14 9 22 21 5 
332 16 12 25 25 8 
333 12 4 22 19 7 
334 12 9 18 34 7 
335 6 3 36 23 11 
336 6 10 30 15 7 
337 12 4 24 21 11 
338 11 1 32 17 5 
339 3 6 25 13 8 
340 6 10 20 15 8 
341 3 6 32 9 5 
342 9 7 21 11 4 
343 5 8 27 10 6 
344 4 6 25 10 5 
345 6 2 16 9 8 
346 7 2 13 13 5 
347 3 5 21 5 7 
348 7 3 19 4 3 
349 6 1 20 7 4 
350 5 4 16 5 3 
351 4 2 18 2 3 
352 4 2 14 7 1 
353 8 2 9 5 1 
354 3 2 19 4 1 
355 8 6 17 2 0 
356 3 3 22 3 0 
357 3 1 14 3 0 
358 4 0 22 3 1 
359 1 0 16 4 1 
360 2 1 12 5 3 
361 4 2 19 4 2 
362 2 0 16 6 4 
363 1 2 14 2 3 
364 1 4 10 1 6 
365 4 2 13 5 3 
366 1 3 14 3 2 
367 1 3 15 6 2 
368 5 4 17 5 0 
369 2 6 13 5 1 
370 2 3 14 3 0 
371 0 4 13 3 1 
372 0 3 7 3 1 
373 1 4 8 2 1 
374 0 5 9 4 1 
375 1 4 9 1 4 
376 2 5 11 3 1 
377 1 1 9 4 0 
378 1 1 8 4 0 
379 0 0 7 7 1 
380 0 0 6 5 0 
381 1 0 7 1 2 
382 0 0 14 2 0 
383 1 0 12 5 1 
384 0 1 10 1 1 
385 1 1 7 2 1 
386 1 1 5 0 2 
387 0 0 9 0 0 
388 0 0 14 1 0 
389 0 1 5 1 1 
390 0 0 9 0 0 
391 0 0 6 2 0 
392 0 0 10 1 0 
393 0 0 7 0 0 
394 0 0 10 0 0 
395 2 0 6 1 0 
396 1 1 6 0 0 
397 1 1 7 0 0 
398 1 0 7 0 0 
399 0 2 9 0 0 
400 2 0 7 0 0 
401 0 0 4 2 0 
402 0 0 6 1 0 
403 0 0 1 1 0 
404 0 0 3 0 0 
405 0 0 5 1 0 
406 0 0 2 1 0 
407 0 0 10 5 1 
408 1 0 2 0 0 
409 1 0 3 0 0 
410 1 0 4 0 0 
411 0 0 5 0 0 
412 1 0 3 1 0 
413 0 0 2 0 0 
414 0 0 3 1 0 
415 0 0 1 0 0 
416 0 0 0 1 0 
417 1 0 1 0 0 
418 0 0 1 1 0 
419 0 0 0 0 0 
420 0 0 0 0 0 
421 0 1 0 0 0 
422 0 1 0 1 0 
423 0 1 1 1 0 
424 0 1 0 0 0 
425 0 0 1 0 0 
426 0 0 0 0 0 
427 0 0 0 0 0 
428 0 1 0 0 0 
429 0 0 0 0 0 
430 0 0 0 0 0 
431 0 0 0 0 0 
432 0 0 0 0 0 
433 0 0 0 0 0 
