1 0 9 0 0 0 
2 0 6 0 0 0 
3 0 9 0 0 0 
4 0 11 0 0 0 
5 0 10 0 0 0 
6 0 9 0 0 0 
7 0 6 0 0 0 
8 0 6 0 0 0 
9 0 6 0 0 0 
10 0 6 0 0 0 
11 0 6 0 0 0 
12 0 6 0 0 0 
13 0 6 0 1 0 
14 0 5 0 1 0 
15 0 8 0 0 0 
16 1 6 0 0 0 
17 1 4 0 0 0 
18 2 4 0 0 0 
19 3 4 0 0 0 
20 3 4 0 1 0 
21 3 7 0 0 0 
22 2 7 0 0 0 
23 3 6 0 0 0 
24 4 7 0 0 0 
25 3 7 0 2 0 
26 4 8 0 3 0 
27 2 9 0 2 0 
28 2 7 0 1 0 
29 2 8 1 2 0 
30 3 12 2 6 0 
31 2 12 2 4 0 
32 3 8 3 4 1 
33 3 11 2 4 0 
34 5 18 1 10 0 
35 3 13 2 8 0 
36 4 16 1 8 0 
37 2 16 3 9 0 
38 1 24 5 8 0 
39 1 23 5 8 0 
40 2 26 7 7 0 
41 1 29 8 7 0 
42 1 32 8 8 0 
43 4 35 10 10 0 
44 7 30 7 10 0 
45 5 23 10 13 0 
46 3 28 9 11 0 
47 4 32 11 13 0 
48 3 25 11 15 0 
49 2 21 10 9 2 
50 1 24 9 15 3 
51 0 25 10 16 2 
52 2 27 11 9 1 
53 2 32 9 5 1 
54 2 36 6 5 2 
55 3 39 8 6 1 
56 2 40 7 6 4 
57 2 48 7 3 2 
58 0 48 5 2 1 
59 1 52 5 4 1 
60 3 71 4 3 1 
61 5 75 6 4 1 
62 8 78 9 7 0 
63 6 76 10 8 0 
64 8 76 10 5 1 
65 8 93 12 4 0 
66 4 104 12 3 0 
67 8 101 10 8 1 
68 9 95 6 6 1 
69 11 97 11 6 1 
70 7 115 11 8 1 
71 10 114 15 12 1 
72 11 119 19 13 2 
73 14 117 18 18 2 
74 20 104 30 21 4 
75 21 96 36 21 3 
76 23 110 33 26 4 
77 18 99 32 24 4 
78 17 103 30 20 4 
79 20 113 34 23 4 
80 21 107 35 21 3 
81 28 117 42 22 3 
82 27 116 49 27 2 
83 24 117 45 35 3 
84 27 114 46 43 4 
85 20 111 58 42 5 
86 23 104 61 45 6 
87 22 101 54 43 5 
88 20 104 64 42 4 
89 18 113 79 44 3 
90 20 113 73 53 3 
91 28 118 76 60 4 
92 28 121 90 72 3 
93 29 129 88 88 2 
94 36 130 96 96 4 
95 35 136 96 104 2 
96 40 142 90 117 2 
97 47 149 84 123 1 
98 60 160 104 132 1 
99 67 177 111 140 1 
100 65 197 123 141 3 
101 71 211 133 164 2 
102 70 200 147 168 2 
103 74 211 141 157 4 
104 89 255 126 169 3 
105 83 265 139 182 4 
106 87 274 147 213 12 
107 84 308 164 213 17 
108 84 328 160 233 13 
109 107 372 177 249 23 
110 114 400 181 241 26 
111 130 409 189 222 35 
112 144 446 211 221 32 
113 149 488 248 224 39 
114 140 520 269 223 48 
115 144 557 286 253 52 
116 140 586 341 274 46 
117 151 616 372 310 59 
118 149 669 418 318 69 
119 154 696 466 317 66 
120 151 722 504 343 56 
121 169 776 538 377 54 
122 180 860 544 394 57 
123 194 908 563 429 64 
124 191 960 559 437 69 
125 206 1000 625 470 82 
126 190 1028 664 528 90 
127 217 1130 679 559 88 
128 256 1206 730 608 84 
129 251 1267 795 636 72 
130 268 1374 864 637 77 
131 274 1429 879 676 86 
132 288 1486 977 710 107 
133 285 1543 1021 770 113 
134 296 1646 1102 790 120 
135 305 1745 1158 855 128 
136 312 1808 1218 924 146 
137 340 1886 1281 946 149 
138 395 2011 1352 934 155 
139 402 2112 1374 1038 155 
140 443 2232 1425 1093 165 
141 472 2346 1439 1149 185 
142 509 2418 1485 1178 195 
143 526 2529 1559 1227 230 
144 533 2596 1631 1314 236 
145 572 2721 1709 1393 242 
146 615 2886 1837 1465 253 
147 649 3094 1888 1575 286 
148 674 3163 1967 1635 253 
149 711 3290 2050 1710 254 
150 756 3432 2164 1796 275 
151 790 3623 2199 1923 289 
152 823 3743 2334 2043 326 
153 886 3960 2384 2207 354 
154 908 4165 2528 2323 361 
155 930 4388 2638 2423 364 
156 967 4603 2756 2600 364 
157 1030 4861 2872 2708 376 
158 1096 4992 2997 2889 396 
159 1165 5228 3109 3049 403 
160 1221 5515 3294 3208 393 
161 1282 5692 3516 3451 423 
162 1340 5825 3615 3584 447 
163 1400 6041 3789 3759 470 
164 1468 6334 3978 3827 466 
165 1504 6508 4153 4072 505 
166 1539 6698 4313 4261 540 
167 1597 6843 4459 4529 549 
168 1672 7126 4773 4758 568 
169 1747 7361 4880 4926 610 
170 1771 7604 5084 5133 660 
171 1871 7810 5319 5322 727 
172 1942 8031 5535 5561 789 
173 2054 8327 5792 5831 824 
174 2163 8754 6039 6089 908 
175 2195 8926 6205 6286 953 
176 2323 9229 6596 6517 1029 
177 2399 9438 6837 6857 1054 
178 2460 9522 7130 7165 1123 
179 2661 9825 7321 7361 1246 
180 2757 10016 7617 7676 1304 
181 2773 10270 8013 7928 1427 
182 2912 10580 8184 8177 1468 
183 2964 10772 8493 8379 1531 
184 3079 11105 8809 8727 1599 
185 3172 11332 9058 9236 1664 
186 3236 11484 9397 9641 1705 
187 3389 11609 9646 10047 1721 
188 3469 11626 9920 10363 1761 
189 3524 11857 10174 10803 1803 
190 3585 12155 10469 11131 1892 
191 3712 12283 10670 11418 1999 
192 3733 12524 10925 11683 2091 
193 3804 12622 11379 12064 2144 
194 3896 12817 11739 12315 2166 
195 4029 12763 11933 12440 2231 
196 4096 12850 12218 12633 2248 
197 4216 12992 12523 13052 2310 
198 4371 13138 12941 13167 2386 
199 4418 13254 13173 13411 2460 
200 4502 13143 13419 13708 2533 
201 4544 13170 13662 13937 2592 
202 4587 13055 13881 14227 2708 
203 4505 12880 14203 14499 2730 
204 4588 12637 14468 14816 2787 
205 4782 12343 14697 15151 2862 
206 4743 12273 14920 15327 2957 
207 4749 12226 15091 15368 2918 
208 4783 12210 15308 15403 2927 
209 4806 12201 15483 15699 2907 
210 4786 12200 15648 15876 2996 
211 4853 12011 15693 15939 2997 
212 4920 11882 15855 15896 3010 
213 4890 11793 15986 15972 3029 
214 4936 11574 16000 15975 3043 
215 4989 11516 15975 16085 3087 
216 5034 11200 15938 15994 3120 
217 4950 10985 16058 15987 3101 
218 4986 10809 15934 15914 3062 
219 4995 10640 15883 15945 3144 
220 5070 10405 15787 15814 3161 
221 5006 10245 15922 15662 3111 
222 5091 10023 15709 15461 3116 
223 4998 9752 15510 15437 3132 
224 4943 9519 15364 15260 3115 
225 4954 9287 15265 15173 3098 
226 4824 9045 15148 15004 3141 
227 4764 8894 14956 14895 3161 
228 4802 8518 14853 14646 3160 
229 4619 8284 14472 14481 3130 
230 4604 8158 14343 14181 3065 
231 4518 8008 14264 13901 3039 
232 4440 7595 13986 13715 2955 
233 4449 7366 13776 13429 2994 
234 4398 7107 13414 13130 2958 
235 4215 6952 13211 13057 2901 
236 4146 6736 12961 12840 2836 
237 4019 6531 12560 12571 2805 
238 3974 6380 12363 12315 2688 
239 3887 6222 12130 11959 2548 
240 3792 6005 11811 11785 2524 
241 3757 5720 11512 11599 2477 
242 3647 5496 11209 11426 2458 
243 3585 5372 10904 11168 2377 
244 3493 5139 10692 10762 2284 
245 3346 4966 10496 10441 2218 
246 3299 4732 10242 10121 2178 
247 3234 4645 10077 10059 2050 
248 3150 4524 9699 9742 2041 
249 3026 4324 9355 9616 2016 
250 2901 4134 8988 9365 1936 
251 2824 3981 8715 9097 1862 
252 2738 3779 8580 8730 1813 
253 2685 3658 8260 8384 1773 
254 2579 3542 8010 8177 1709 
255 2489 3359 7772 7948 1633 
256 2439 3288 7563 7749 1541 
257 2389 3159 7366 7412 1487 
258 2289 3046 7088 7157 1426 
259 2218 2917 6827 6901 1357 
260 2193 2814 6555 6559 1315 
261 2090 2708 6195 6260 1233 
262 2004 2596 5947 6061 1225 
263 1958 2494 5679 5742 1144 
264 1798 2433 5420 5639 1087 
265 1761 2308 5210 5447 1029 
266 1707 2189 5078 5210 989 
267 1687 2112 4807 4899 933 
268 1566 2045 4660 4740 918 
269 1533 2011 4480 4536 886 
270 1490 1884 4271 4364 838 
271 1431 1822 4157 4056 780 
272 1396 1777 3964 3907 795 
273 1340 1692 3797 3760 749 
274 1297 1617 3631 3646 716 
275 1273 1475 3538 3431 700 
276 1253 1403 3438 3314 648 
277 1174 1378 3354 3190 639 
278 1152 1312 3283 3049 634 
279 1121 1255 3126 2944 617 
280 1006 1150 2974 2833 595 
281 920 1115 2931 2710 560 
282 919 1054 2815 2635 548 
283 818 1014 2721 2505 531 
284 829 985 2551 2403 497 
285 819 960 2415 2280 479 
286 779 926 2258 2173 443 
287 742 911 2122 2133 420 
288 712 863 2039 2001 405 
289 683 816 1976 1929 388 
290 662 805 1922 1835 373 
291 593 783 1879 1779 366 
292 575 722 1801 1720 334 
293 581 713 1692 1603 301 
294 556 679 1640 1485 310 
295 516 686 1620 1408 307 
296 512 655 1577 1345 294 
297 471 652 1474 1340 307 
298 463 612 1411 1313 293 
299 435 565 1374 1247 292 
300 409 565 1297 1122 255 
301 363 539 1226 1059 246 
302 371 499 1139 1012 226 
303 341 511 1081 979 225 
304 342 476 1028 929 219 
305 346 442 955 933 201 
306 313 421 942 900 190 
307 304 406 901 869 173 
308 297 367 887 823 182 
309 286 347 864 808 181 
310 280 341 806 775 180 
311 254 322 805 734 159 
312 238 294 758 728 157 
313 231 274 769 673 147 
314 226 265 725 635 140 
315 227 239 691 610 130 
316 235 227 667 565 123 
317 216 208 630 531 107 
318 202 193 612 518 110 
319 216 180 595 494 104 
320 207 188 552 462 98 
321 193 191 513 438 113 
322 172 175 480 409 101 
323 162 170 457 399 86 
324 151 152 417 381 69 
325 145 164 400 350 62 
326 123 151 377 327 66 
327 131 143 345 309 62 
328 107 129 361 298 55 
329 102 116 370 285 59 
330 95 108 343 279 51 
331 87 97 317 268 29 
332 84 85 330 277 30 
333 65 95 333 259 22 
334 59 82 292 250 26 
335 56 70 275 257 26 
336 54 56 256 229 32 
337 42 53 244 204 34 
338 45 49 234 200 32 
339 45 43 217 181 29 
340 46 41 210 182 23 
341 44 43 196 171 25 
342 44 45 185 152 24 
343 50 38 160 143 20 
344 44 34 141 120 22 
345 36 31 145 128 18 
346 35 25 151 110 17 
347 32 29 145 105 19 
348 32 29 137 91 14 
349 24 25 132 70 14 
350 23 22 118 57 10 
351 28 21 109 48 11 
352 29 12 101 47 8 
353 29 10 87 46 6 
354 29 10 91 51 5 
355 34 13 79 51 4 
356 28 16 82 44 2 
357 25 13 79 41 3 
358 26 12 76 37 2 
359 31 15 77 28 5 
360 32 15 66 28 5 
361 28 25 65 22 2 
362 19 19 59 21 3 
363 15 17 46 24 2 
364 16 19 40 23 1 
365 14 14 32 19 0 
366 13 14 34 17 0 
367 10 13 31 20 0 
368 7 9 37 21 0 
369 13 10 33 12 0 
370 12 11 30 8 0 
371 12 11 31 6 0 
372 10 12 29 9 0 
373 5 11 25 12 0 
374 4 9 26 11 0 
375 3 6 23 13 1 
376 5 3 19 9 0 
377 3 6 23 10 0 
378 2 6 21 8 0 
379 3 3 17 7 0 
380 4 3 14 7 0 
381 4 4 14 8 0 
382 4 3 15 9 0 
383 2 4 16 6 0 
384 3 3 20 4 0 
385 1 3 17 4 0 
386 2 3 8 3 0 
387 3 3 10 4 0 
388 3 3 8 2 0 
389 3 3 8 1 0 
390 1 2 10 1 0 
391 0 7 14 2 0 
392 1 7 18 2 0 
393 0 7 20 2 0 
394 0 8 13 2 0 
395 0 10 14 1 0 
396 0 14 15 2 0 
397 2 11 15 2 0 
398 0 12 8 3 0 
399 0 11 7 3 0 
400 0 14 7 3 0 
401 0 13 4 2 0 
402 0 13 4 1 0 
403 0 9 2 1 0 
404 0 6 2 1 0 
405 0 3 1 0 0 
406 0 2 2 0 0 
407 0 2 2 0 0 
408 0 1 2 0 0 
409 0 1 2 0 0 
410 0 0 3 0 0 
411 0 0 2 0 0 
412 0 0 4 0 0 
413 0 0 2 0 0 
414 0 0 2 0 0 
415 0 0 1 0 0 
416 0 0 1 0 0 
417 0 0 0 0 0 
