1 0 12 0 1 0 
2 0 14 0 0 0 
3 0 19 0 0 0 
4 2 21 0 0 0 
5 2 28 0 0 0 
6 2 32 0 0 0 
7 3 35 1 1 0 
8 3 29 1 2 0 
9 6 29 3 1 0 
10 7 26 6 2 0 
11 10 24 5 2 0 
12 12 26 4 0 0 
13 12 27 3 0 0 
14 15 30 2 1 0 
15 11 30 5 1 0 
16 12 31 4 3 1 
17 8 41 2 6 0 
18 8 44 2 5 0 
19 8 45 1 7 0 
20 8 53 1 7 2 
21 12 56 1 7 4 
22 10 57 1 8 4 
23 7 61 3 6 3 
24 9 71 5 8 2 
25 8 70 7 10 2 
26 6 65 8 11 2 
27 9 63 11 10 1 
28 6 59 10 10 2 
29 9 62 14 8 1 
30 13 57 18 7 1 
31 13 67 17 10 1 
32 13 92 17 12 1 
33 10 106 11 13 1 
34 11 101 11 11 2 
35 10 100 8 11 5 
36 10 103 10 13 5 
37 13 108 18 15 5 
38 14 109 17 24 6 
39 20 120 29 31 9 
40 25 121 33 38 12 
41 22 115 38 42 13 
42 19 116 33 40 12 
43 13 106 32 50 13 
44 14 121 38 52 10 
45 15 116 44 51 9 
46 13 127 50 57 11 
47 18 137 42 54 14 
48 17 158 41 56 13 
49 22 156 44 56 10 
50 33 152 51 56 15 
51 38 191 45 59 14 
52 46 207 46 61 11 
53 46 206 54 64 11 
54 52 229 60 60 11 
55 49 251 63 52 15 
56 45 288 77 63 20 
57 55 315 69 71 21 
58 57 329 78 80 23 
59 65 332 85 77 35 
60 71 346 94 96 38 
61 69 327 107 99 48 
62 72 345 122 115 52 
63 83 382 143 125 41 
64 83 384 149 134 37 
65 80 413 177 147 46 
66 80 449 200 164 51 
67 96 469 200 172 54 
68 96 491 215 159 64 
69 92 497 246 177 71 
70 95 529 263 180 75 
71 88 568 274 195 80 
72 93 569 263 199 96 
73 103 605 302 217 107 
74 100 648 321 242 107 
75 115 710 312 244 110 
76 135 752 319 275 109 
77 133 766 341 295 115 
78 155 818 382 325 115 
79 148 874 430 334 110 
80 170 961 445 361 127 
81 184 1060 494 399 127 
82 190 1088 531 428 148 
83 178 1117 543 468 164 
84 190 1240 571 527 172 
85 208 1311 596 543 183 
86 218 1361 653 568 185 
87 240 1460 681 602 184 
88 250 1478 699 653 211 
89 291 1528 731 682 212 
90 294 1604 780 705 222 
91 315 1685 788 745 225 
92 337 1737 841 783 249 
93 356 1842 877 881 257 
94 385 1896 943 964 254 
95 393 2021 1004 1043 257 
96 427 2156 1075 1099 285 
97 463 2249 1156 1127 271 
98 452 2370 1199 1193 304 
99 496 2463 1260 1261 315 
100 538 2605 1311 1309 321 
101 554 2726 1377 1363 303 
102 574 2866 1461 1469 311 
103 559 3029 1573 1571 306 
104 585 3154 1721 1667 293 
105 593 3393 1796 1713 310 
106 614 3558 1857 1785 329 
107 639 3733 1920 1857 344 
108 709 3884 2068 1918 361 
109 759 4050 2125 1962 378 
110 761 4213 2276 2055 405 
111 811 4370 2349 2286 420 
112 860 4528 2454 2371 445 
113 924 4742 2574 2418 493 
114 993 4903 2695 2562 540 
115 1032 5174 2829 2645 555 
116 1100 5311 2965 2796 555 
117 1151 5450 3138 2937 597 
118 1149 5646 3371 3093 630 
119 1216 5911 3584 3190 654 
120 1314 6126 3816 3301 715 
121 1349 6382 3963 3481 727 
122 1413 6613 4184 3603 745 
123 1503 6856 4316 3870 743 
124 1575 7147 4435 4107 775 
125 1606 7314 4581 4380 821 
126 1657 7621 4788 4628 879 
127 1770 7877 4944 4773 931 
128 1836 8169 5135 4923 954 
129 1942 8433 5194 5126 1002 
130 2018 8633 5399 5432 1041 
131 2061 8900 5605 5546 1105 
132 2045 9087 5781 5745 1189 
133 2141 9334 6030 6019 1230 
134 2196 9580 6312 6293 1278 
135 2285 9858 6564 6455 1341 
136 2395 10076 6807 6683 1389 
137 2515 10446 7150 6895 1463 
138 2530 10680 7395 7170 1507 
139 2644 10790 7690 7359 1516 
140 2642 11001 7855 7693 1597 
141 2749 11284 8193 7946 1612 
142 2900 11535 8545 8363 1642 
143 3119 11645 8761 8710 1696 
144 3216 11829 9107 9209 1771 
145 3255 11977 9350 9580 1858 
146 3352 12089 9565 9895 1868 
147 3568 12200 9847 10130 1954 
148 3639 12274 10233 10471 2025 
149 3727 12302 10593 10880 2066 
150 3879 12463 10878 11142 2104 
151 3953 12390 11210 11316 2158 
152 4026 12685 11424 11691 2236 
153 4087 12748 11511 11882 2337 
154 4158 12934 11908 12114 2317 
155 4166 13135 12140 12428 2360 
156 4212 13254 12486 12903 2388 
157 4276 13145 12738 13161 2405 
158 4313 13249 12999 13408 2431 
159 4331 13099 13144 13560 2468 
160 4404 12984 13359 13734 2420 
161 4516 12858 13622 14083 2453 
162 4632 12781 13853 14303 2471 
163 4696 12616 14030 14543 2533 
164 4722 12358 14141 14823 2532 
165 4806 12196 14228 15063 2621 
166 4879 11992 14464 15256 2609 
167 4901 11977 14522 15413 2553 
168 4955 11872 14534 15460 2613 
169 4944 11710 14755 15580 2636 
170 4895 11458 14908 15700 2595 
171 4886 11256 15148 15869 2631 
172 4906 11021 15316 15841 2642 
173 4939 10856 15408 15866 2711 
174 4927 10713 15369 15987 2736 
175 4908 10649 15435 15918 2735 
176 4910 10283 15602 15896 2772 
177 4810 10079 15615 15928 2750 
178 4843 9875 15579 15823 2718 
179 4835 9678 15578 15782 2812 
180 4736 9464 15543 15560 2805 
181 4710 9198 15458 15473 2798 
182 4685 9001 15284 15520 2794 
183 4670 8689 15069 15356 2803 
184 4620 8455 14882 15135 2823 
185 4739 8164 14762 14884 2831 
186 4729 7858 14521 14650 2770 
187 4712 7643 14414 14480 2784 
188 4609 7388 14031 14377 2698 
189 4515 7145 13970 14048 2659 
190 4439 6900 13844 13589 2712 
191 4391 6717 13765 13433 2599 
192 4258 6604 13591 13204 2512 
193 4177 6469 13585 12804 2423 
194 4134 6274 13381 12540 2479 
195 4023 6116 13013 12360 2432 
196 3977 5876 12879 12060 2376 
197 3977 5684 12616 11860 2349 
198 3871 5513 12349 11569 2336 
199 3765 5392 12027 11219 2269 
200 3630 5272 11847 10945 2206 
201 3532 5099 11651 10755 2180 
202 3460 4981 11283 10464 2077 
203 3332 4886 10972 10176 2087 
204 3221 4706 10718 9873 2067 
205 3189 4475 10352 9720 1998 
206 3148 4415 10108 9453 1958 
207 3058 4206 9749 9116 1926 
208 3016 4034 9477 8873 1886 
209 2927 3957 9184 8677 1859 
210 2785 3760 9041 8398 1793 
211 2708 3677 8814 8119 1738 
212 2637 3591 8370 7891 1623 
213 2547 3505 8229 7636 1576 
214 2487 3427 8001 7379 1475 
215 2399 3309 7821 7159 1438 
216 2313 3179 7477 6902 1385 
217 2288 3060 7163 6588 1313 
218 2194 2992 6929 6420 1320 
219 2082 2887 6738 6143 1263 
220 2050 2827 6453 5954 1224 
221 1964 2773 6237 5659 1197 
222 1870 2663 5989 5420 1124 
223 1833 2551 5819 5263 1081 
224 1788 2471 5554 5059 1070 
225 1701 2350 5306 4847 1076 
226 1647 2260 5150 4678 1051 
227 1580 2157 4904 4526 1025 
228 1501 2059 4776 4332 992 
229 1432 1880 4596 4180 953 
230 1404 1765 4539 4064 924 
231 1377 1708 4345 4016 883 
232 1379 1581 4107 3813 855 
233 1321 1574 3956 3630 831 
234 1334 1484 3836 3527 763 
235 1262 1389 3650 3488 735 
236 1226 1374 3468 3414 707 
237 1175 1344 3342 3280 647 
238 1168 1258 3194 3093 581 
239 1129 1226 3093 2913 530 
240 1021 1135 2993 2781 504 
241 977 1072 2923 2644 522 
242 945 1025 2831 2541 509 
243 897 1038 2809 2475 520 
244 862 991 2688 2383 509 
245 803 938 2538 2239 490 
246 741 857 2376 2112 468 
247 708 756 2273 1990 460 
248 683 704 2269 1923 415 
249 666 688 2239 1847 399 
250 623 690 2175 1728 378 
251 620 669 2102 1608 395 
252 604 630 1991 1566 367 
253 587 599 1986 1475 351 
254 563 597 1916 1370 334 
255 531 548 1875 1338 325 
256 500 520 1762 1323 320 
257 474 500 1702 1221 295 
258 437 478 1672 1167 290 
259 424 443 1535 1121 279 
260 428 446 1424 1098 264 
261 401 395 1346 1049 234 
262 376 406 1309 1011 208 
263 362 382 1240 984 202 
264 351 372 1172 926 180 
265 330 335 1094 884 184 
266 348 323 1078 873 183 
267 368 312 1007 841 194 
268 361 304 958 806 182 
269 336 283 915 749 172 
270 292 269 867 681 161 
271 274 244 773 631 156 
272 269 246 737 586 146 
273 270 239 713 547 147 
274 266 229 700 516 137 
275 242 228 664 476 124 
276 218 229 644 452 104 
277 209 226 617 450 84 
278 216 222 570 470 81 
279 196 206 538 451 78 
280 182 187 498 435 68 
281 171 210 474 439 65 
282 168 216 472 416 69 
283 144 213 455 387 70 
284 140 195 411 374 73 
285 147 191 421 395 69 
286 147 197 432 366 74 
287 129 180 416 312 67 
288 125 173 425 313 64 
289 115 160 402 314 64 
290 99 141 382 279 67 
291 106 143 359 243 58 
292 98 129 323 227 51 
293 94 130 330 201 48 
294 97 123 324 194 49 
295 83 122 279 194 46 
296 72 119 269 173 45 
297 67 117 250 173 37 
298 68 105 228 177 39 
299 66 96 226 162 35 
300 62 96 230 171 29 
301 61 88 221 171 28 
302 68 79 205 143 29 
303 61 77 211 136 23 
304 55 60 191 141 21 
305 55 68 180 125 19 
306 46 69 166 111 19 
307 39 68 144 108 17 
308 39 62 148 99 12 
309 37 57 136 88 15 
310 30 48 130 82 17 
311 33 36 129 78 16 
312 27 29 122 81 14 
313 23 38 117 81 18 
314 23 33 120 77 22 
315 24 37 117 81 17 
316 21 36 102 76 17 
317 13 33 91 76 24 
318 12 23 81 88 25 
319 14 23 78 91 27 
320 13 27 77 77 22 
321 20 19 74 81 22 
322 20 25 66 88 16 
323 20 20 62 89 12 
324 22 16 59 83 12 
325 19 12 56 85 12 
326 23 10 54 71 11 
327 24 9 55 66 12 
328 23 9 67 57 14 
329 18 6 58 59 17 
330 16 12 59 65 16 
331 17 9 56 64 16 
332 18 10 55 66 18 
333 15 11 52 64 16 
334 16 5 43 54 16 
335 14 5 36 51 11 
336 15 6 28 50 9 
337 15 7 33 45 7 
338 12 6 33 39 4 
339 11 9 38 29 3 
340 8 11 41 22 2 
341 10 9 39 23 4 
342 7 8 51 32 4 
343 6 7 51 28 4 
344 3 7 58 32 5 
345 4 7 57 36 7 
346 7 5 52 31 6 
347 6 8 52 27 2 
348 8 10 56 26 3 
349 11 11 51 26 4 
350 10 13 35 25 1 
351 9 14 31 21 1 
352 8 12 43 19 0 
353 8 12 39 14 0 
354 10 11 37 12 0 
355 10 10 47 12 0 
356 5 8 48 15 0 
357 6 8 50 13 0 
358 7 9 51 17 0 
359 7 10 53 20 1 
360 8 6 48 23 0 
361 11 8 48 24 0 
362 13 7 52 28 0 
363 11 7 58 30 0 
364 10 5 53 26 0 
365 8 7 49 23 0 
366 8 8 42 21 0 
367 6 6 43 26 0 
368 5 6 41 28 0 
369 4 7 44 28 0 
370 2 7 44 20 0 
371 5 6 39 19 0 
372 7 3 41 19 0 
373 8 2 45 22 1 
374 9 4 40 20 1 
375 7 2 34 21 1 
376 6 2 29 23 1 
377 6 1 26 25 2 
378 5 0 23 23 1 
379 4 0 25 22 1 
380 4 1 24 21 0 
381 7 0 25 23 0 
382 9 2 23 18 0 
383 7 2 20 16 0 
384 6 3 22 13 0 
385 4 2 23 15 0 
386 4 1 23 13 0 
387 3 1 24 15 0 
388 1 0 22 14 0 
389 1 0 25 12 0 
390 1 0 22 12 0 
391 1 0 19 12 0 
392 0 1 18 14 0 
393 0 0 14 12 0 
394 0 0 12 12 0 
395 0 0 9 9 0 
396 0 0 9 7 0 
397 0 0 7 6 0 
398 0 0 3 5 0 
399 0 0 4 6 0 
400 0 0 6 4 0 
401 0 0 8 4 0 
402 0 0 5 3 0 
403 0 0 4 2 0 
404 0 0 4 2 0 
405 0 0 6 2 0 
406 0 0 4 1 0 
407 0 0 5 1 0 
408 0 0 4 1 0 
409 0 0 5 1 0 
410 0 0 5 1 0 
411 0 0 7 0 0 
412 1 0 8 0 0 
413 1 0 7 0 0 
414 0 0 6 0 0 
415 0 0 6 0 0 
416 0 0 4 0 0 
417 0 0 4 0 0 
418 0 0 7 0 0 
419 1 0 4 0 0 
420 1 0 1 0 0 
421 2 0 1 0 0 
422 2 0 1 0 0 
423 2 0 1 0 0 
424 2 0 0 0 0 
425 3 0 0 0 0 
426 4 0 0 1 0 
427 4 0 0 1 0 
428 3 0 1 2 0 
429 5 0 1 2 0 
430 6 0 1 3 0 
431 4 0 0 2 0 
432 5 0 0 3 0 
433 4 1 0 2 0 
434 5 1 0 1 0 
435 3 1 0 0 0 
436 4 0 2 0 2 
437 5 0 1 0 2 
438 5 0 1 0 1 
439 3 0 1 1 1 
440 4 1 1 1 0 
441 4 1 2 1 0 
442 3 2 3 0 0 
443 3 3 2 0 0 
444 3 3 2 0 0 
445 2 1 1 0 0 
446 3 1 1 0 0 
447 1 1 0 0 0 
448 1 1 0 0 0 
449 1 1 0 0 0 
450 0 2 0 0 0 
451 0 1 0 0 0 
452 0 1 0 0 0 
453 0 0 0 0 0 
