1 1 3 0 0 0 
2 0 1 0 0 0 
3 1 3 0 0 0 
4 0 4 0 0 0 
5 2 2 0 0 0 
6 0 5 0 0 0 
7 1 4 0 0 0 
8 0 2 0 0 0 
9 0 6 0 1 0 
10 0 5 1 0 0 
11 1 5 0 0 0 
12 1 6 0 1 0 
13 1 2 0 1 0 
14 3 2 0 0 0 
15 2 7 0 2 0 
16 3 7 0 1 0 
17 0 7 0 2 0 
18 0 5 0 2 0 
19 1 6 1 1 0 
20 1 8 0 1 0 
21 1 12 0 1 0 
22 1 10 0 0 0 
23 4 16 1 1 0 
24 3 9 0 2 0 
25 1 13 0 0 0 
26 1 15 0 1 0 
27 0 16 1 2 0 
28 1 16 3 1 0 
29 1 15 2 0 0 
30 1 12 3 0 2 
31 2 20 3 0 2 
32 3 11 3 0 1 
33 2 19 1 2 1 
34 2 23 3 6 1 
35 5 21 0 4 1 
36 5 21 2 4 0 
37 4 18 2 1 4 
38 3 16 1 1 0 
39 1 22 1 4 0 
40 6 8 1 3 0 
41 3 19 4 4 0 
42 3 21 2 3 0 
43 2 18 3 11 0 
44 6 21 7 4 0 
45 4 28 4 8 0 
46 1 23 6 12 0 
47 4 25 8 7 0 
48 8 25 6 9 1 
49 9 36 3 10 1 
50 4 27 3 13 0 
51 3 28 1 9 0 
52 6 44 3 13 1 
53 6 20 3 19 3 
54 6 38 6 7 0 
55 11 46 2 17 0 
56 4 33 4 10 2 
57 11 36 3 9 0 
58 5 36 8 11 0 
59 6 44 2 8 3 
60 3 47 7 17 3 
61 8 43 9 12 0 
62 5 44 8 17 0 
63 6 47 8 17 0 
64 4 44 8 25 0 
65 4 47 3 21 1 
66 5 43 7 23 1 
67 5 47 5 23 0 
68 9 46 8 13 1 
69 2 54 16 19 0 
70 11 64 14 22 0 
71 9 61 9 25 0 
72 6 55 12 19 0 
73 12 61 14 25 1 
74 15 60 17 28 1 
75 15 61 14 44 1 
76 11 60 20 45 5 
77 20 55 20 43 6 
78 18 72 22 47 2 
79 22 63 24 47 2 
80 13 60 21 47 1 
81 18 82 16 70 2 
82 14 74 24 57 5 
83 12 79 18 69 1 
84 24 94 27 56 4 
85 25 120 28 76 6 
86 21 97 37 63 6 
87 27 112 47 59 9 
88 33 118 52 67 6 
89 23 128 56 70 10 
90 20 105 61 71 5 
91 17 128 55 90 13 
92 33 144 54 83 17 
93 25 134 72 100 10 
94 29 140 53 93 16 
95 29 141 71 119 25 
96 32 159 73 124 18 
97 41 142 73 113 22 
98 40 160 114 119 24 
99 58 168 108 113 25 
100 27 186 117 130 23 
101 44 189 144 138 28 
102 42 187 155 128 25 
103 55 182 160 153 32 
104 44 207 173 151 32 
105 46 201 191 154 32 
106 66 243 190 176 38 
107 54 260 193 181 34 
108 69 253 190 183 31 
109 50 308 251 196 27 
110 74 315 232 213 34 
111 84 301 248 210 34 
112 87 307 273 196 38 
113 98 317 268 218 37 
114 107 332 285 242 50 
115 113 367 270 260 38 
116 105 369 295 264 50 
117 99 385 354 264 44 
118 149 419 313 305 53 
119 101 406 353 335 50 
120 126 466 344 328 55 
121 117 469 357 313 47 
122 139 434 388 360 63 
123 167 486 407 425 59 
124 171 544 423 403 66 
125 161 515 429 437 64 
126 151 592 479 491 76 
127 157 661 477 477 81 
128 167 620 524 495 68 
129 166 650 519 509 70 
130 189 717 574 549 88 
131 200 696 573 561 82 
132 197 773 606 587 88 
133 202 831 637 606 99 
134 228 823 683 620 107 
135 236 921 706 647 113 
136 263 987 692 684 99 
137 298 1024 751 719 119 
138 254 1109 823 700 125 
139 307 1178 835 821 133 
140 294 1238 901 823 136 
141 292 1187 830 850 149 
142 309 1346 909 893 158 
143 301 1394 917 952 138 
144 342 1466 975 1018 167 
145 375 1475 1062 1014 145 
146 409 1486 1123 1014 162 
147 428 1702 1168 1119 156 
148 399 1646 1291 1184 175 
149 422 1838 1291 1238 205 
150 447 1864 1406 1318 184 
151 484 1854 1441 1341 197 
152 549 2002 1533 1367 216 
153 554 1999 1570 1375 203 
154 569 2109 1585 1569 198 
155 571 2246 1653 1610 235 
156 632 2273 1740 1662 232 
157 602 2430 1756 1775 222 
158 731 2506 1848 1880 233 
159 677 2516 2035 1905 274 
160 757 2589 2052 2033 280 
161 774 2764 2155 2184 326 
162 795 2837 2132 2246 302 
163 829 3037 2265 2209 296 
164 817 3031 2415 2447 330 
165 830 3064 2378 2459 336 
166 912 3197 2502 2615 326 
167 909 3259 2489 2654 358 
168 981 3295 2649 2825 324 
169 875 3356 2702 2755 382 
170 940 3519 2962 2878 436 
171 1009 3542 2929 3018 436 
172 1039 3668 3086 3073 440 
173 1094 3652 3156 3201 496 
174 1142 3738 3222 3225 462 
175 1197 3774 3438 3302 498 
176 1267 3875 3339 3485 570 
177 1257 4003 3567 3583 565 
178 1277 3952 3790 3689 589 
179 1317 4012 3892 3870 645 
180 1412 4164 3737 3826 652 
181 1361 4183 3821 4038 662 
182 1400 4331 4014 4001 646 
183 1379 4295 4108 4084 671 
184 1439 4151 4307 4243 728 
185 1450 4246 4258 4278 776 
186 1529 4282 4467 4593 775 
187 1502 4313 4448 4500 740 
188 1518 4151 4479 4652 783 
189 1551 4277 4443 4697 811 
190 1564 4118 4741 4655 823 
191 1557 4262 4705 4781 807 
192 1652 4025 4736 4918 830 
193 1602 4156 4785 4868 812 
194 1721 4229 4942 4995 851 
195 1649 4193 5040 4923 875 
196 1703 4170 5036 5033 829 
197 1680 3994 5080 5083 902 
198 1743 4079 5067 5170 893 
199 1693 3909 5059 5071 910 
200 1666 3868 5129 5064 882 
201 1748 3758 5129 5109 853 
202 1698 3713 5242 5123 898 
203 1699 3712 5136 5056 917 
204 1655 3702 5139 5189 860 
205 1761 3489 5245 5228 885 
206 1727 3525 5010 4945 867 
207 1668 3555 5152 4926 874 
208 1671 3345 5043 5002 817 
209 1700 3278 4981 5010 822 
210 1698 3291 5006 4975 893 
211 1648 3330 4954 5011 923 
212 1630 3142 4895 4746 851 
213 1546 3068 4771 4876 848 
214 1641 2984 4914 4786 882 
215 1570 2887 4821 4811 920 
216 1596 2872 4764 4638 882 
217 1441 2719 4810 4590 871 
218 1407 2668 4679 4531 836 
219 1522 2617 4484 4316 961 
220 1451 2535 4536 4321 888 
221 1389 2369 4388 4173 860 
222 1425 2316 4345 4095 860 
223 1402 2350 4355 4135 814 
224 1328 2251 4267 4139 797 
225 1276 2116 4170 3916 784 
226 1297 2068 3933 3748 808 
227 1285 2011 3866 3747 745 
228 1196 1876 3857 3728 758 
229 1174 1849 3789 3479 749 
230 1220 1796 3796 3543 742 
231 1174 1767 3527 3367 708 
232 1117 1690 3529 3306 656 
233 1177 1625 3284 3299 720 
234 1030 1529 3198 3074 658 
235 990 1455 3212 2971 638 
236 1014 1460 3007 2940 633 
237 947 1315 2948 2745 618 
238 931 1319 2768 2674 614 
239 863 1305 2808 2600 640 
240 883 1237 2753 2534 611 
241 819 1213 2571 2563 603 
242 793 1126 2490 2465 561 
243 738 1178 2420 2364 515 
244 747 1039 2317 2352 558 
245 717 1099 2229 2238 516 
246 735 1013 2199 2165 473 
247 653 1001 2119 2031 453 
248 679 951 2034 1959 481 
249 638 885 1969 1819 441 
250 654 888 1967 1815 448 
251 655 859 1891 1785 414 
252 599 848 1839 1620 426 
253 581 788 1799 1492 378 
254 539 740 1693 1563 359 
255 504 763 1627 1397 395 
256 496 683 1564 1423 338 
257 450 697 1551 1266 361 
258 481 684 1420 1285 337 
259 418 577 1358 1179 284 
260 426 565 1304 1111 282 
261 409 572 1247 1101 279 
262 374 550 1243 1041 295 
263 382 541 1243 1052 276 
264 352 535 1146 985 285 
265 350 548 1111 922 270 
266 382 467 1038 863 232 
267 362 489 957 832 228 
268 357 445 961 820 238 
269 296 458 880 740 210 
270 290 440 866 774 200 
271 293 459 780 728 224 
272 292 409 797 747 200 
273 248 377 738 691 183 
274 267 354 708 617 195 
275 234 337 741 601 167 
276 227 336 637 603 170 
277 218 327 647 581 141 
278 193 304 589 541 119 
279 191 318 592 497 136 
280 174 305 550 485 132 
281 194 255 526 488 118 
282 186 260 507 462 115 
283 172 203 464 429 102 
284 161 234 443 390 102 
285 170 227 421 396 115 
286 144 232 419 371 121 
287 150 184 380 375 97 
288 145 171 395 380 97 
289 124 162 384 347 81 
290 90 166 355 323 76 
291 131 141 306 292 81 
292 109 132 313 286 83 
293 104 143 333 313 73 
294 85 115 309 284 62 
295 110 132 285 293 67 
296 93 136 277 240 64 
297 103 116 322 248 57 
298 86 108 279 233 59 
299 81 81 275 198 41 
300 98 87 254 199 41 
301 96 73 237 190 30 
302 72 95 240 172 36 
303 77 82 219 181 40 
304 63 94 195 169 30 
305 45 88 179 175 41 
306 78 67 166 174 35 
307 57 66 182 159 39 
308 67 63 173 163 28 
309 52 74 150 146 30 
310 66 60 149 141 33 
311 61 44 132 133 24 
312 49 63 116 134 18 
313 39 64 128 150 22 
314 53 50 116 114 26 
315 34 45 115 117 16 
316 47 39 87 123 25 
317 33 46 107 108 18 
318 37 36 93 111 14 
319 31 33 94 114 24 
320 34 52 93 109 14 
321 34 43 87 106 17 
322 38 33 77 90 14 
323 42 38 86 69 15 
324 35 50 63 69 12 
325 38 35 60 66 13 
326 25 39 55 59 12 
327 24 35 72 55 6 
328 26 42 46 51 11 
329 41 36 65 57 11 
330 20 35 58 57 9 
331 22 27 52 43 11 
332 23 20 54 37 7 
333 26 15 39 36 13 
334 23 20 37 34 6 
335 7 19 35 35 8 
336 12 21 34 22 7 
337 9 16 40 31 10 
338 17 21 29 25 7 
339 15 19 25 24 13 
340 17 15 28 20 11 
341 22 14 29 19 7 
342 12 18 38 20 7 
343 21 18 46 22 8 
344 13 11 33 25 12 
345 11 11 43 22 10 
346 7 19 24 21 1 
347 5 10 26 29 2 
348 13 17 18 11 1 
349 8 15 20 22 2 
350 3 10 27 25 4 
351 7 8 21 21 2 
352 11 7 23 12 0 
353 12 14 16 10 2 
354 8 10 18 12 0 
355 5 7 15 20 3 
356 7 6 17 24 4 
357 6 6 16 16 5 
358 5 7 18 14 2 
359 2 6 14 11 0 
360 0 7 16 19 2 
361 6 5 12 16 0 
362 5 8 8 24 1 
363 3 9 14 14 0 
364 1 7 4 11 2 
365 2 6 13 15 0 
366 3 5 13 4 3 
367 2 4 8 15 1 
368 0 5 12 18 1 
369 0 5 13 11 1 
370 2 9 12 13 1 
371 4 4 5 10 1 
372 4 5 7 10 1 
373 1 11 11 8 1 
374 3 7 8 2 0 
375 4 4 5 5 0 
376 1 4 6 7 1 
377 0 4 1 5 0 
378 1 2 2 3 1 
379 0 1 3 6 0 
380 1 2 3 3 0 
381 2 0 3 3 1 
382 0 3 2 4 0 
383 1 4 1 5 0 
384 2 2 1 3 0 
385 0 4 3 2 0 
386 0 2 2 3 0 
387 0 2 0 0 0 
388 1 2 2 0 0 
389 0 3 2 1 1 
390 0 4 1 0 0 
391 0 3 1 2 0 
392 2 4 2 1 0 
393 0 4 1 3 0 
394 0 4 0 1 0 
395 0 4 2 0 0 
396 0 7 0 1 0 
397 0 7 0 4 0 
398 0 5 0 1 0 
399 0 3 0 4 0 
400 0 0 0 2 0 
401 1 8 0 4 0 
402 0 2 1 2 0 
403 0 4 0 3 0 
404 0 4 0 2 0 
405 1 4 0 2 0 
406 0 1 0 4 0 
407 0 4 0 4 0 
408 0 1 0 4 0 
409 0 3 0 5 0 
410 2 2 1 5 0 
411 0 2 0 4 0 
412 0 0 0 1 0 
413 0 0 2 3 0 
414 0 3 1 1 0 
415 0 3 1 4 0 
416 1 0 0 1 0 
417 0 0 1 2 0 
418 0 0 1 4 0 
419 0 2 1 2 0 
420 0 1 3 1 0 
421 0 0 0 1 0 
422 0 1 2 1 0 
423 0 0 0 1 0 
424 0 2 1 0 0 
425 0 0 0 3 0 
426 0 0 0 3 0 
427 0 0 0 1 0 
428 0 1 0 2 0 
429 0 0 0 2 0 
430 0 1 0 1 0 
431 0 2 0 0 0 
432 0 0 1 1 0 
433 0 0 0 2 0 
434 1 0 0 0 0 
435 0 1 0 0 0 
436 0 0 0 1 0 
437 1 1 0 1 0 
438 0 0 0 0 0 
439 0 1 0 1 0 
440 0 1 0 1 0 
441 0 0 0 0 0 
442 0 0 0 1 0 
443 0 0 0 1 0 
444 0 0 0 1 0 
445 0 0 0 1 0 
446 0 0 0 0 0 
447 0 0 0 1 0 
448 0 0 0 2 0 
449 0 0 0 0 0 
450 0 0 0 0 0 
451 0 0 0 0 0 
452 0 0 0 0 0 
453 0 0 0 1 0 
454 0 0 0 1 0 
455 0 0 0 2 0 
456 0 0 0 4 0 
457 0 0 0 1 0 
458 0 0 0 1 0 
459 0 0 0 3 0 
460 0 0 0 3 0 
461 0 0 0 1 0 
462 0 0 1 1 0 
463 1 0 1 4 0 
464 0 0 2 3 0 
465 0 0 0 2 0 
466 0 0 0 0 0 
467 0 0 0 2 0 
468 0 0 0 3 0 
469 0 0 0 2 0 
470 0 0 0 1 0 
471 0 0 0 1 0 
472 0 0 0 0 0 
473 0 0 0 0 0 
474 0 0 0 2 0 
475 0 0 0 1 0 
476 0 0 0 2 0 
477 0 0 0 1 0 
478 0 0 0 2 0 
479 0 0 0 3 0 
480 0 0 0 3 0 
481 0 0 0 3 0 
482 0 0 0 3 0 
483 0 0 0 2 0 
484 0 0 0 0 0 
485 0 0 0 1 0 
486 0 0 0 1 0 
487 0 0 0 0 0 
488 0 0 0 0 0 
489 0 0 0 1 0 
490 0 0 0 0 0 
491 0 0 0 0 0 
492 0 0 0 0 0 
