1 0 6 0 0 0 
2 0 3 0 0 0 
3 0 2 0 0 0 
4 0 3 0 0 0 
5 0 3 0 0 0 
6 0 2 0 0 0 
7 0 2 1 0 0 
8 0 4 1 1 0 
9 0 0 0 0 0 
10 0 4 1 0 0 
11 0 2 1 0 0 
12 0 2 0 0 0 
13 0 4 0 0 0 
14 0 6 0 0 0 
15 1 5 0 0 0 
16 0 7 0 0 0 
17 0 12 0 0 0 
18 1 9 2 0 0 
19 0 8 3 0 0 
20 0 9 1 0 0 
21 0 12 3 1 0 
22 1 7 2 3 0 
23 0 8 5 1 1 
24 0 12 2 1 0 
25 0 16 8 2 0 
26 0 17 9 0 0 
27 1 15 3 4 0 
28 1 18 10 3 0 
29 4 21 10 4 0 
30 1 22 10 5 0 
31 1 14 6 1 0 
32 1 22 5 4 1 
33 1 27 7 3 0 
34 4 23 10 4 0 
35 1 23 11 2 0 
36 2 22 12 10 0 
37 1 19 13 7 1 
38 3 25 7 10 0 
39 0 19 5 9 0 
40 4 22 12 12 0 
41 4 27 12 11 1 
42 3 25 8 12 0 
43 7 28 10 12 0 
44 3 38 16 11 0 
45 9 42 12 11 0 
46 7 52 14 17 1 
47 2 58 23 8 1 
48 7 59 16 11 1 
49 9 68 24 13 1 
50 11 74 18 20 3 
51 8 68 14 19 4 
52 5 62 24 18 1 
53 11 67 25 28 2 
54 14 71 17 22 1 
55 10 74 31 20 2 
56 12 89 18 27 3 
57 10 77 18 19 1 
58 14 107 30 23 0 
59 14 100 33 27 2 
60 18 88 23 33 0 
61 24 103 27 31 0 
62 21 113 39 41 3 
63 20 113 45 48 2 
64 23 116 32 42 1 
65 26 118 40 51 0 
66 17 137 51 45 0 
67 24 140 42 66 4 
68 25 152 62 53 2 
69 27 173 56 50 3 
70 43 166 65 65 4 
71 44 184 68 76 3 
72 36 173 72 79 4 
73 36 183 90 80 7 
74 44 199 95 87 7 
75 37 204 91 98 12 
76 41 235 104 102 12 
77 39 250 119 114 8 
78 42 246 126 103 5 
79 39 266 151 103 5 
80 39 267 153 99 14 
81 51 287 153 108 16 
82 58 273 179 116 8 
83 54 277 194 125 16 
84 55 317 192 160 24 
85 63 292 175 158 19 
86 57 367 213 181 19 
87 74 378 213 157 37 
88 88 401 192 188 16 
89 97 355 240 224 26 
90 82 424 216 198 33 
91 86 448 233 212 35 
92 69 477 228 219 32 
93 112 491 233 272 39 
94 111 472 284 267 38 
95 99 536 299 269 39 
96 110 513 338 292 44 
97 112 585 333 311 35 
98 127 593 332 306 39 
99 138 581 353 394 40 
100 138 619 373 373 37 
101 149 651 373 406 52 
102 152 702 367 426 60 
103 170 729 377 417 38 
104 191 791 381 517 76 
105 186 788 413 515 77 
106 178 750 452 502 65 
107 173 838 465 540 83 
108 204 845 465 571 76 
109 164 909 536 574 78 
110 199 956 538 597 92 
111 242 959 566 637 99 
112 201 965 642 742 95 
113 228 1093 614 675 85 
114 251 1087 676 738 91 
115 273 1189 716 832 99 
116 283 1200 717 893 88 
117 299 1274 706 893 100 
118 263 1239 774 943 128 
119 329 1326 815 997 123 
120 288 1393 909 1022 120 
121 343 1360 897 1059 120 
122 365 1468 965 1126 128 
123 375 1585 990 1163 120 
124 363 1664 1045 1206 154 
125 400 1704 1103 1271 157 
126 403 1747 1086 1336 158 
127 456 1727 1218 1370 167 
128 465 1824 1258 1453 163 
129 526 1902 1256 1504 156 
130 480 1980 1390 1496 190 
131 491 2088 1478 1486 185 
132 546 2086 1506 1540 196 
133 536 2254 1564 1642 215 
134 589 2280 1648 1768 232 
135 576 2409 1689 1777 242 
136 627 2401 1785 1812 283 
137 647 2535 1794 1912 255 
138 651 2691 1841 1997 279 
139 681 2659 1833 2215 291 
140 669 2787 1952 2304 306 
141 684 2842 2032 2333 310 
142 735 2982 2089 2416 338 
143 747 3034 2212 2527 360 
144 833 3132 2267 2608 337 
145 768 3141 2311 2758 357 
146 857 3248 2483 2820 423 
147 931 3200 2543 2858 418 
148 908 3522 2657 2911 450 
149 930 3499 2771 3062 443 
150 1088 3561 2859 3168 437 
151 1029 3668 2992 3196 455 
152 1121 3788 3053 3387 508 
153 1129 3792 3116 3535 532 
154 1142 3907 3223 3528 504 
155 1224 3822 3341 3535 529 
156 1173 3816 3391 3636 569 
157 1163 3863 3501 3622 585 
158 1214 3924 3596 3785 618 
159 1283 4059 3733 3805 606 
160 1306 4063 3799 3912 588 
161 1315 4173 3885 4038 569 
162 1349 4029 3963 4220 656 
163 1378 4156 3960 4208 614 
164 1431 3986 4092 4371 640 
165 1430 4190 4248 4360 624 
166 1572 4014 4260 4475 697 
167 1507 4059 4377 4459 734 
168 1555 4312 4467 4451 710 
169 1584 4247 4506 4658 755 
170 1620 4168 4648 4667 733 
171 1633 4149 4595 4658 777 
172 1587 4118 4708 4688 822 
173 1680 4103 4914 4787 871 
174 1694 4006 4802 4616 838 
175 1775 3964 4833 4864 869 
176 1751 3919 4914 4834 836 
177 1652 3994 4850 4856 902 
178 1656 3873 4897 4809 888 
179 1652 3710 4779 4964 922 
180 1683 3719 4955 5017 900 
181 1640 3669 5025 4856 909 
182 1645 3475 4930 4804 910 
183 1544 3516 4950 4789 955 
184 1638 3358 4926 4943 968 
185 1591 3277 4878 4908 974 
186 1603 3294 4934 4873 969 
187 1528 3263 4761 4831 950 
188 1544 3097 4941 4791 914 
189 1562 3114 4715 4640 962 
190 1591 3104 4804 4622 980 
191 1456 3029 4859 4693 993 
192 1530 2928 4756 4524 998 
193 1487 2867 4677 4605 1021 
194 1589 2827 4643 4452 996 
195 1477 2858 4614 4433 992 
196 1470 2652 4553 4375 941 
197 1453 2532 4327 4288 936 
198 1447 2478 4379 4346 973 
199 1442 2383 4386 4287 903 
200 1407 2433 4188 4098 858 
201 1377 2243 4150 4087 884 
202 1322 2312 4084 3985 867 
203 1364 2253 4127 3808 908 
204 1291 2126 3934 3833 875 
205 1286 2018 3827 3772 815 
206 1161 1951 3793 3726 781 
207 1190 1898 3681 3533 818 
208 1177 1813 3641 3472 827 
209 1111 1696 3611 3461 776 
210 1095 1696 3392 3371 734 
211 1072 1560 3390 3154 725 
212 1051 1601 3365 3077 748 
213 965 1429 3247 3033 765 
214 1000 1418 3212 3011 738 
215 947 1422 3136 2782 680 
216 888 1362 3050 2753 627 
217 874 1312 3005 2727 681 
218 919 1260 2877 2619 619 
219 913 1189 2802 2536 629 
220 830 1126 2708 2449 585 
221 842 1102 2608 2412 547 
222 806 1051 2562 2356 527 
223 735 1015 2503 2314 564 
224 707 1006 2365 2268 511 
225 728 993 2396 2042 502 
226 770 900 2387 2054 466 
227 712 903 2209 1935 442 
228 658 873 2161 1845 457 
229 659 834 2030 1758 461 
230 656 816 2013 1655 426 
231 574 798 1903 1602 378 
232 564 750 1796 1576 397 
233 518 678 1737 1498 424 
234 529 752 1741 1356 385 
235 510 707 1662 1295 397 
236 510 669 1586 1253 359 
237 470 628 1461 1156 326 
238 443 574 1444 1188 351 
239 461 597 1397 1212 331 
240 429 554 1359 1105 316 
241 417 538 1328 1022 338 
242 433 492 1252 1027 315 
243 409 483 1223 1046 240 
244 371 490 1190 1034 236 
245 352 392 1176 946 236 
246 305 398 1123 893 227 
247 326 402 1035 872 223 
248 323 396 991 841 238 
249 313 319 924 829 211 
250 296 346 922 892 229 
251 267 366 934 792 209 
252 263 304 874 736 209 
253 272 291 816 707 196 
254 274 274 836 675 170 
255 221 239 797 658 164 
256 209 234 706 637 131 
257 222 248 706 646 154 
258 231 253 679 592 145 
259 231 249 637 582 127 
260 205 239 608 567 145 
261 185 214 578 621 112 
262 203 194 531 575 114 
263 158 195 537 508 105 
264 164 207 511 478 107 
265 164 169 463 424 101 
266 146 165 493 431 99 
267 127 179 442 388 92 
268 143 183 414 388 120 
269 124 154 404 387 83 
270 142 169 370 398 92 
271 119 158 384 363 87 
272 119 150 380 337 66 
273 112 142 376 375 64 
274 137 140 325 325 51 
275 116 112 307 300 61 
276 104 97 330 303 50 
277 105 117 289 316 61 
278 76 130 285 308 52 
279 94 106 278 279 44 
280 82 98 257 268 48 
281 88 95 242 240 61 
282 78 91 237 237 56 
283 83 78 257 234 57 
284 81 68 253 230 56 
285 78 65 266 199 44 
286 74 78 240 218 47 
287 71 89 212 191 47 
288 62 60 201 173 33 
289 70 76 220 173 36 
290 47 59 199 174 32 
291 50 61 176 165 34 
292 36 60 202 129 22 
293 42 50 188 151 24 
294 42 58 154 173 30 
295 46 58 168 157 27 
296 42 45 154 151 31 
297 34 60 175 158 27 
298 45 55 151 148 33 
299 38 41 130 189 20 
300 47 24 141 154 18 
301 48 42 114 137 30 
302 37 38 127 105 22 
303 32 36 97 127 21 
304 39 27 103 101 17 
305 34 31 89 101 12 
306 30 24 105 77 7 
307 25 26 88 92 9 
308 20 21 95 75 15 
309 19 28 89 73 16 
310 30 26 92 81 7 
311 16 27 62 71 9 
312 9 30 73 74 12 
313 13 39 60 70 9 
314 14 31 61 63 7 
315 14 26 78 60 7 
316 12 24 61 51 5 
317 14 30 42 63 5 
318 18 36 45 51 5 
319 12 15 37 58 7 
320 15 24 38 41 7 
321 12 18 24 26 3 
322 14 23 28 49 4 
323 5 24 30 35 4 
324 3 31 22 31 2 
325 12 22 19 46 2 
326 12 31 20 43 3 
327 10 16 28 30 5 
328 8 28 32 30 2 
329 7 26 29 23 4 
330 13 16 21 33 3 
331 15 20 33 31 1 
332 15 18 29 22 4 
333 11 20 23 17 3 
334 13 19 26 24 3 
335 4 16 43 22 8 
336 13 16 35 28 4 
337 12 6 42 12 4 
338 18 14 23 19 6 
339 11 10 24 23 10 
340 11 14 25 20 5 
341 15 9 29 13 2 
342 10 7 32 20 2 
343 15 10 17 16 3 
344 14 7 26 10 2 
345 8 10 19 15 1 
346 7 4 20 14 1 
347 10 4 26 17 0 
348 5 4 20 12 1 
349 6 4 28 15 0 
350 9 3 27 15 0 
351 5 3 19 11 0 
352 9 4 16 7 1 
353 3 5 25 12 2 
354 4 7 19 5 0 
355 2 2 17 8 1 
356 9 1 15 2 0 
357 8 2 12 4 0 
358 7 2 13 4 1 
359 3 3 15 3 2 
360 0 3 23 4 0 
361 1 4 15 5 2 
362 4 1 22 9 1 
363 1 1 14 8 0 
364 2 1 12 4 1 
365 4 1 7 8 0 
366 3 1 7 5 0 
367 1 1 8 6 1 
368 3 1 8 8 0 
369 5 4 9 5 0 
370 2 4 5 8 0 
371 3 0 5 3 0 
372 1 0 5 14 0 
373 0 0 6 7 2 
374 3 1 2 15 3 
375 3 3 6 7 1 
376 1 0 5 9 1 
377 1 0 5 6 1 
378 2 1 3 5 1 
379 1 1 4 2 2 
380 2 0 3 9 1 
381 1 0 3 11 0 
382 2 0 4 6 1 
383 1 0 4 5 0 
384 1 0 1 4 0 
385 0 1 2 2 0 
386 0 1 4 0 0 
387 0 0 5 4 0 
388 1 0 1 1 0 
389 1 0 1 3 0 
390 0 0 1 3 0 
391 1 0 0 2 0 
392 3 0 0 1 0 
393 1 0 0 1 0 
394 2 0 0 2 0 
395 0 0 0 1 1 
396 0 0 0 0 0 
397 0 0 1 0 0 
398 0 0 1 0 0 
399 0 0 2 0 0 
400 0 0 0 3 0 
401 0 0 0 4 0 
402 0 0 0 0 0 
403 0 0 0 1 0 
404 0 0 0 0 0 
405 0 0 0 0 0 
406 0 0 0 1 0 
407 0 0 0 0 0 
408 0 0 0 0 0 
409 0 0 0 3 0 
410 0 0 0 0 1 
411 0 0 0 0 1 
412 0 0 0 2 0 
413 0 0 0 2 0 
414 0 0 0 1 0 
415 0 0 1 0 0 
416 0 0 0 0 0 
417 0 0 0 2 0 
418 0 0 0 0 0 
419 0 0 0 1 0 
420 0 0 0 0 0 
421 0 0 1 1 0 
422 0 0 0 0 0 
423 0 0 0 4 0 
424 0 0 0 0 0 
425 0 0 0 0 0 
426 0 0 0 0 0 
427 0 0 0 0 0 
428 0 0 0 0 0 
429 0 0 0 1 0 
430 0 0 0 0 0 
431 0 0 0 2 0 
432 0 0 0 1 0 
433 0 0 0 0 0 
434 0 0 0 0 0 
435 0 0 0 0 0 
