1 0 2 0 0 0 
2 0 4 0 0 0 
3 1 7 0 0 0 
4 0 8 0 0 0 
5 0 2 0 0 0 
6 0 5 0 0 0 
7 2 10 0 0 0 
8 2 5 0 1 0 
9 0 7 0 0 0 
10 0 11 0 0 0 
11 2 11 1 0 0 
12 2 2 0 2 0 
13 0 9 0 0 0 
14 1 8 1 1 0 
15 2 4 0 2 0 
16 0 8 0 3 0 
17 1 9 0 1 0 
18 2 12 0 0 0 
19 4 11 1 0 1 
20 1 13 1 1 0 
21 1 6 1 1 0 
22 0 13 5 0 0 
23 1 16 0 2 0 
24 6 16 0 1 2 
25 1 8 2 0 2 
26 1 7 2 1 2 
27 1 10 3 0 1 
28 3 6 3 3 2 
29 0 5 5 3 1 
30 2 3 1 0 4 
31 1 7 4 2 3 
32 2 12 4 2 4 
33 1 12 3 5 4 
34 1 7 5 1 1 
35 3 12 9 1 4 
36 3 12 6 6 4 
37 5 10 8 2 3 
38 2 10 2 7 3 
39 2 12 5 9 8 
40 2 6 5 3 2 
41 2 11 2 5 1 
42 5 16 7 8 4 
43 5 19 8 7 2 
44 1 13 4 11 2 
45 4 17 6 8 1 
46 6 20 8 16 3 
47 5 17 8 10 3 
48 3 32 7 10 1 
49 5 22 7 14 2 
50 4 25 8 20 4 
51 11 35 3 20 2 
52 9 33 7 9 1 
53 8 29 4 10 2 
54 7 21 4 12 1 
55 6 29 2 15 0 
56 6 27 6 26 3 
57 11 38 11 13 1 
58 9 31 14 16 2 
59 11 29 13 18 3 
60 12 52 14 29 2 
61 14 44 17 26 2 
62 14 55 19 28 0 
63 16 41 21 26 2 
64 6 54 22 36 4 
65 12 66 23 27 0 
66 11 81 28 47 2 
67 12 50 21 53 2 
68 14 50 21 47 3 
69 13 87 32 50 4 
70 17 57 29 58 7 
71 18 84 44 61 6 
72 16 72 25 73 5 
73 14 64 35 72 6 
74 17 75 30 67 4 
75 25 92 34 60 4 
76 26 108 39 78 7 
77 18 104 48 85 6 
78 22 120 31 90 4 
79 26 127 32 71 6 
80 25 117 38 91 7 
81 28 133 42 95 7 
82 24 124 46 99 7 
83 32 128 63 109 4 
84 32 145 60 120 5 
85 22 154 62 106 5 
86 41 172 64 127 9 
87 39 198 68 118 2 
88 32 207 81 134 10 
89 42 188 99 144 9 
90 41 211 101 153 10 
91 53 240 92 157 8 
92 38 222 97 160 6 
93 60 259 103 172 7 
94 53 265 118 191 10 
95 51 281 125 179 15 
96 66 323 108 185 13 
97 70 331 122 200 9 
98 82 330 113 194 14 
99 73 361 133 220 12 
100 90 378 137 234 15 
101 80 426 168 246 10 
102 78 435 180 285 11 
103 77 458 175 319 24 
104 82 464 176 313 30 
105 84 485 183 313 37 
106 95 560 200 339 35 
107 97 580 195 398 29 
108 117 587 231 353 37 
109 133 643 253 396 29 
110 122 660 273 377 37 
111 133 713 278 438 41 
112 154 720 291 445 59 
113 150 750 315 469 44 
114 181 762 353 488 62 
115 150 772 331 524 55 
116 154 856 373 509 47 
117 206 915 431 568 54 
118 198 1000 444 517 50 
119 233 984 466 620 64 
120 214 1029 518 609 75 
121 247 1032 532 647 73 
122 237 1139 529 667 71 
123 260 1228 620 764 81 
124 287 1269 648 708 65 
125 295 1331 724 793 86 
126 324 1444 684 846 103 
127 332 1465 789 859 86 
128 336 1471 834 911 111 
129 356 1599 891 942 97 
130 349 1694 899 978 121 
131 378 1679 969 1068 121 
132 421 1766 1004 1036 106 
133 384 1937 985 1186 151 
134 452 1991 1073 1201 142 
135 443 2006 1120 1238 136 
136 439 2184 1246 1351 184 
137 470 2255 1251 1275 173 
138 488 2285 1304 1423 172 
139 539 2283 1416 1475 165 
140 570 2415 1417 1588 194 
141 591 2514 1477 1601 230 
142 578 2615 1558 1721 212 
143 610 2668 1642 1757 223 
144 658 2798 1688 1802 273 
145 677 2893 1724 1990 255 
146 673 3062 1817 1889 261 
147 758 3154 1828 2075 277 
148 792 3203 1879 2082 270 
149 819 3332 1996 2230 267 
150 786 3269 2153 2220 314 
151 833 3358 2215 2392 304 
152 852 3351 2321 2434 323 
153 948 3380 2309 2547 323 
154 891 3604 2401 2603 376 
155 930 3766 2572 2728 389 
156 988 3757 2541 2745 401 
157 954 3824 2771 2834 399 
158 1077 3837 2886 2980 488 
159 1087 3915 2926 3027 482 
160 1081 4127 3072 3141 503 
161 1153 4259 3031 3253 537 
162 1142 4194 3214 3457 576 
163 1218 4202 3176 3342 577 
164 1183 4226 3448 3511 584 
165 1231 4188 3504 3537 609 
166 1267 4269 3504 3696 650 
167 1366 4191 3548 3830 679 
168 1335 4336 3827 3753 709 
169 1359 4313 4008 3993 731 
170 1413 4187 3983 3972 721 
171 1452 4208 4101 4159 748 
172 1467 4364 4042 4224 761 
173 1466 4246 4290 4381 807 
174 1492 4203 4388 4547 851 
175 1514 4182 4531 4612 857 
176 1601 4076 4636 4625 873 
177 1639 4134 4796 4639 944 
178 1666 4076 4880 4761 952 
179 1636 3898 4870 4906 893 
180 1652 3915 4944 5028 969 
181 1584 3891 4900 5045 946 
182 1642 3866 5095 5119 990 
183 1668 3777 5013 5133 1022 
184 1711 3739 5306 5058 1036 
185 1708 3702 5187 5093 1051 
186 1621 3628 5258 5239 1060 
187 1706 3573 5011 5168 1061 
188 1718 3476 5229 5168 988 
189 1659 3351 5108 5177 1026 
190 1641 3249 5258 5210 1048 
191 1655 3335 5284 5110 997 
192 1650 3322 5163 5118 1043 
193 1646 3193 5337 5360 1023 
194 1637 3083 5216 5047 1023 
195 1587 3016 5209 5077 1001 
196 1618 2986 5308 4984 1005 
197 1647 2803 5246 4914 1029 
198 1695 2843 5273 4929 995 
199 1609 2742 5079 5006 995 
200 1608 2717 5024 4735 968 
201 1595 2675 4998 4669 1003 
202 1582 2553 5005 4731 1050 
203 1548 2464 4876 4569 980 
204 1473 2386 4980 4638 1020 
205 1518 2417 4782 4484 1022 
206 1427 2386 4767 4389 937 
207 1451 2313 4622 4155 902 
208 1400 2285 4549 4104 949 
209 1411 2161 4448 4129 905 
210 1406 2041 4412 3966 892 
211 1380 1988 4289 3841 848 
212 1399 1937 4236 3796 826 
213 1284 1916 4196 3753 889 
214 1310 1845 4130 3561 851 
215 1283 1817 4024 3564 885 
216 1206 1764 3798 3498 819 
217 1175 1714 3855 3344 816 
218 1151 1598 3834 3327 782 
219 1085 1611 3639 3288 767 
220 1092 1538 3560 3134 783 
221 1036 1502 3514 3045 738 
222 971 1435 3320 2948 791 
223 997 1349 3296 2869 712 
224 1021 1409 3090 2800 713 
225 929 1357 3203 2643 614 
226 907 1243 2983 2663 654 
227 922 1177 2899 2537 584 
228 884 1143 2878 2467 609 
229 855 1081 2863 2351 566 
230 876 1041 2688 2299 531 
231 834 992 2599 2070 565 
232 778 930 2447 2100 536 
233 776 897 2447 1993 522 
234 726 864 2337 1964 469 
235 658 809 2339 1809 460 
236 684 831 2234 1842 460 
237 638 745 2141 1766 440 
238 592 759 2053 1758 427 
239 563 719 2026 1669 406 
240 555 658 1962 1643 419 
241 534 622 1826 1579 406 
242 522 624 1739 1511 385 
243 553 639 1639 1418 373 
244 517 573 1589 1386 377 
245 516 541 1461 1387 350 
246 478 495 1541 1248 350 
247 464 504 1404 1212 304 
248 424 512 1377 1182 327 
249 409 498 1337 1097 313 
250 442 485 1282 1089 287 
251 382 447 1231 1025 286 
252 385 423 1121 980 237 
253 361 404 1067 1013 254 
254 347 370 1017 938 232 
255 315 414 958 927 235 
256 306 368 986 880 191 
257 293 345 956 845 201 
258 279 324 906 804 185 
259 324 371 876 801 172 
260 279 312 822 726 161 
261 256 327 810 717 162 
262 229 282 786 687 168 
263 248 271 704 633 147 
264 218 300 698 594 137 
265 211 258 676 631 141 
266 210 233 654 549 128 
267 200 200 532 488 140 
268 195 189 573 490 128 
269 207 170 547 474 125 
270 189 186 574 446 127 
271 142 180 536 448 121 
272 187 175 510 438 102 
273 160 165 485 395 94 
274 146 173 511 368 86 
275 142 166 433 334 96 
276 141 138 419 359 104 
277 118 140 413 354 85 
278 114 128 391 362 84 
279 111 126 386 307 83 
280 82 117 369 320 87 
281 76 102 346 343 71 
282 85 104 312 299 81 
283 98 107 320 244 75 
284 84 103 303 258 66 
285 93 102 290 234 74 
286 81 84 285 249 59 
287 80 74 291 221 84 
288 87 95 276 232 61 
289 74 71 252 184 54 
290 77 91 249 199 65 
291 73 75 225 158 49 
292 62 65 202 187 53 
293 57 63 241 197 63 
294 69 67 216 162 70 
295 49 71 188 169 47 
296 52 87 187 148 52 
297 54 65 182 147 62 
298 58 55 186 146 51 
299 59 65 161 127 29 
300 54 52 154 125 45 
301 45 68 133 116 37 
302 46 53 149 114 41 
303 39 54 140 104 35 
304 35 53 132 81 32 
305 40 52 113 94 31 
306 25 44 96 101 22 
307 35 50 114 88 43 
308 25 48 94 99 38 
309 44 34 119 81 23 
310 30 33 87 75 35 
311 23 32 106 78 36 
312 31 24 75 64 36 
313 25 34 83 73 26 
314 39 19 72 62 22 
315 32 26 52 53 17 
316 22 39 70 66 13 
317 27 31 50 66 16 
318 23 28 44 53 23 
319 26 24 49 40 10 
320 17 24 53 42 21 
321 16 24 50 32 25 
322 23 32 41 51 21 
323 25 26 34 53 19 
324 18 24 30 45 22 
325 7 14 40 38 17 
326 20 20 28 42 15 
327 13 15 39 35 13 
328 8 21 45 25 21 
329 19 10 32 21 14 
330 14 16 37 19 19 
331 19 13 37 28 16 
332 11 7 35 28 18 
333 17 6 39 24 11 
334 11 15 40 29 14 
335 12 9 31 22 15 
336 8 11 22 23 18 
337 7 10 30 20 6 
338 3 6 19 23 7 
339 9 9 29 24 10 
340 7 11 20 25 7 
341 4 16 15 22 12 
342 16 6 22 17 6 
343 10 11 20 19 9 
344 11 17 19 14 6 
345 10 13 14 5 14 
346 6 13 18 8 3 
347 8 15 19 12 6 
348 6 8 14 10 2 
349 6 13 20 16 7 
350 4 14 12 19 6 
351 9 7 8 9 7 
352 11 11 12 9 8 
353 11 20 8 11 7 
354 8 11 15 10 7 
355 5 10 11 14 8 
356 7 11 10 8 3 
357 7 3 5 15 2 
358 4 1 9 9 1 
359 4 5 11 11 3 
360 2 5 11 8 4 
361 2 7 10 10 1 
362 4 2 14 8 1 
363 2 2 12 6 2 
364 9 4 10 3 1 
365 4 2 10 4 2 
366 1 4 8 4 1 
367 4 4 4 2 2 
368 1 7 4 6 2 
369 1 6 8 4 1 
370 2 8 5 7 1 
371 1 6 4 4 0 
372 2 2 4 0 4 
373 3 2 2 0 3 
374 2 3 1 2 2 
375 2 3 2 5 2 
376 3 5 2 4 2 
377 2 7 4 7 0 
378 5 4 1 2 0 
379 3 2 2 4 1 
380 5 4 0 2 0 
381 5 0 3 4 0 
382 2 0 1 3 1 
383 3 0 0 3 1 
384 0 0 2 5 0 
385 1 0 1 4 0 
386 0 0 1 3 0 
387 0 0 1 2 0 
388 2 0 2 3 0 
389 0 0 0 2 0 
390 1 0 1 0 1 
391 0 0 0 1 0 
392 0 0 1 1 0 
393 2 0 0 0 0 
394 3 1 0 1 0 
395 0 0 0 0 0 
396 0 0 0 0 0 
397 0 1 0 0 0 
398 0 0 0 1 0 
399 0 0 0 0 0 
400 0 0 2 0 0 
401 0 0 3 0 0 
402 0 0 1 0 0 
403 0 0 3 0 0 
404 0 0 0 0 0 
405 0 0 0 0 0 
406 0 0 0 0 0 
407 0 0 0 0 0 
408 0 0 0 0 0 
409 0 0 0 0 0 
410 0 0 0 0 0 
