1 0 6 0 0 0 
2 0 7 0 0 0 
3 0 2 0 0 0 
4 0 5 0 0 0 
5 0 1 0 0 0 
6 0 2 1 0 0 
7 0 6 0 0 0 
8 1 9 0 0 0 
9 0 9 2 0 0 
10 0 4 0 0 0 
11 3 8 1 0 0 
12 0 7 2 1 0 
13 0 10 1 2 0 
14 4 8 1 3 0 
15 6 8 1 0 0 
16 5 7 1 3 0 
17 0 12 1 1 0 
18 0 4 0 3 0 
19 3 14 1 3 0 
20 0 10 5 3 0 
21 1 13 3 1 0 
22 0 12 0 2 0 
23 0 13 2 1 0 
24 2 9 2 5 0 
25 0 14 5 7 1 
26 3 17 3 10 0 
27 1 15 6 7 0 
28 4 18 1 3 0 
29 5 21 5 8 0 
30 3 15 2 7 0 
31 1 14 4 3 0 
32 2 15 6 7 1 
33 2 19 8 3 2 
34 2 17 15 4 0 
35 3 27 12 7 1 
36 4 13 15 11 0 
37 10 25 16 9 1 
38 8 19 26 7 0 
39 7 15 20 7 1 
40 9 9 16 16 2 
41 11 21 23 11 3 
42 9 11 23 9 2 
43 8 14 32 7 4 
44 13 22 44 9 4 
45 8 30 31 5 2 
46 7 28 42 7 4 
47 6 31 35 13 5 
48 12 23 36 18 5 
49 11 25 38 11 5 
50 19 37 34 19 6 
51 8 34 38 9 2 
52 14 50 42 12 1 
53 14 55 34 13 7 
54 14 60 40 12 0 
55 16 51 54 21 5 
56 14 43 53 18 3 
57 20 45 51 15 1 
58 15 52 53 24 3 
59 8 53 68 18 1 
60 16 51 66 31 5 
61 7 64 63 22 0 
62 14 50 69 34 3 
63 27 68 64 26 5 
64 21 81 72 41 6 
65 22 69 86 35 6 
66 21 63 85 51 7 
67 25 67 80 42 7 
68 21 87 84 35 10 
69 26 61 89 57 7 
70 25 78 79 48 6 
71 25 80 85 60 12 
72 20 105 103 56 10 
73 21 99 113 59 11 
74 17 100 100 72 16 
75 27 109 125 57 11 
76 23 129 118 58 9 
77 25 129 126 66 21 
78 29 133 114 67 14 
79 24 180 120 87 13 
80 27 155 134 73 19 
81 20 193 126 98 10 
82 20 181 169 108 14 
83 39 172 156 101 13 
84 26 205 166 101 15 
85 26 220 167 110 19 
86 38 231 170 142 10 
87 37 231 138 141 18 
88 33 222 176 173 20 
89 52 250 168 178 19 
90 41 249 188 168 16 
91 55 277 177 159 22 
92 63 282 192 178 30 
93 59 312 214 178 29 
94 67 316 227 212 25 
95 67 317 251 202 26 
96 80 346 249 240 29 
97 67 375 303 224 36 
98 82 398 313 258 34 
99 84 431 312 254 44 
100 101 424 308 266 45 
101 93 444 346 305 47 
102 114 462 372 314 47 
103 90 505 340 341 69 
104 101 492 344 352 51 
105 123 516 351 328 66 
106 123 532 346 350 78 
107 135 553 346 363 71 
108 137 594 382 392 69 
109 138 580 375 397 75 
110 135 620 433 432 56 
111 175 676 418 440 63 
112 147 658 419 452 66 
113 144 683 445 531 78 
114 166 770 401 538 72 
115 182 802 446 591 71 
116 190 905 529 578 95 
117 185 926 538 642 87 
118 212 947 555 630 85 
119 198 1068 593 659 104 
120 242 1141 680 777 104 
121 254 1208 627 811 114 
122 276 1171 735 866 127 
123 276 1221 743 858 121 
124 247 1211 728 901 165 
125 285 1356 763 938 151 
126 307 1367 813 977 143 
127 293 1456 820 1010 144 
128 343 1609 937 1039 153 
129 397 1661 929 1055 199 
130 363 1701 926 1182 190 
131 382 1776 1078 1225 181 
132 400 1828 1142 1258 199 
133 447 1932 1129 1406 202 
134 423 1943 1240 1409 214 
135 488 1996 1232 1524 227 
136 486 2102 1326 1622 244 
137 534 2190 1464 1673 261 
138 574 2362 1470 1721 250 
139 539 2338 1485 1823 283 
140 615 2381 1681 1819 305 
141 667 2435 1680 1890 317 
142 671 2614 1808 2026 331 
143 732 2630 1897 2096 335 
144 734 2851 1962 2261 375 
145 764 2819 2019 2346 372 
146 812 2938 2056 2547 415 
147 830 2974 2258 2548 416 
148 840 3082 2226 2664 432 
149 863 3105 2347 2701 441 
150 879 3151 2409 2811 483 
151 899 3248 2360 2904 524 
152 958 3394 2556 2901 525 
153 1035 3417 2601 2922 508 
154 1012 3487 2732 3000 520 
155 993 3610 2985 2997 547 
156 1038 3762 2878 3092 577 
157 1086 3690 3029 3292 609 
158 1126 3780 3165 3304 587 
159 1125 3829 3135 3420 612 
160 1114 3870 3190 3458 611 
161 1176 3973 3370 3595 643 
162 1245 4084 3499 3791 672 
163 1216 4037 3634 3684 694 
164 1279 4049 3724 3836 734 
165 1318 4079 3873 3963 752 
166 1364 4074 3874 4138 782 
167 1356 4093 3973 4171 870 
168 1434 4101 4190 4369 811 
169 1423 4253 4308 4462 852 
170 1443 4248 4464 4577 854 
171 1508 4226 4545 4660 878 
172 1524 4191 4625 4842 880 
173 1563 4162 4650 4704 893 
174 1548 4134 4760 4728 857 
175 1564 4279 4809 4773 826 
176 1607 4137 4927 4796 875 
177 1629 4044 5155 4850 874 
178 1630 3833 4857 4925 987 
179 1704 3876 4998 5144 945 
180 1727 3938 5005 4998 929 
181 1685 3901 5250 5072 953 
182 1695 3872 5114 5100 1026 
183 1694 3754 5021 5163 980 
184 1595 3714 5132 5176 991 
185 1725 3676 4931 5288 953 
186 1716 3754 5073 5164 937 
187 1553 3595 5232 5088 1034 
188 1527 3529 5200 5024 944 
189 1615 3392 5181 5096 994 
190 1563 3441 5164 5003 981 
191 1608 3259 5133 5006 1019 
192 1569 3237 5133 5037 1014 
193 1566 3106 5150 4935 973 
194 1517 3244 5081 4869 951 
195 1548 3104 5065 4924 1019 
196 1634 3089 5086 4752 1002 
197 1562 2952 5010 4857 980 
198 1514 2876 4847 4870 955 
199 1459 2893 4818 4661 1004 
200 1524 2744 4706 4616 991 
201 1463 2516 4696 4485 979 
202 1469 2547 4654 4492 901 
203 1545 2476 4451 4388 842 
204 1554 2489 4605 4299 890 
205 1437 2443 4413 4217 839 
206 1336 2282 4425 4315 804 
207 1343 2254 4271 4077 812 
208 1320 2144 4202 3982 813 
209 1335 2137 4256 3960 775 
210 1242 2038 3988 3833 732 
211 1304 1884 3852 3707 753 
212 1282 1885 3941 3483 725 
213 1203 1870 3751 3479 703 
214 1235 1825 3649 3438 721 
215 1154 1647 3533 3291 654 
216 1150 1631 3398 3169 647 
217 1101 1607 3415 3176 646 
218 1073 1555 3283 3077 630 
219 1029 1529 3182 3080 602 
220 1064 1478 3133 2944 545 
221 1021 1503 2991 2951 588 
222 923 1380 2940 2850 521 
223 899 1267 2717 2698 522 
224 921 1234 2687 2601 497 
225 830 1209 2464 2547 491 
226 825 1206 2483 2472 483 
227 778 1142 2481 2508 463 
228 714 1099 2402 2290 460 
229 695 1062 2269 2261 457 
230 704 972 2328 2087 410 
231 694 1015 2252 2026 420 
232 624 959 2102 1987 418 
233 614 893 2055 1877 417 
234 641 830 1918 1877 416 
235 582 807 1892 1799 377 
236 551 751 1850 1649 312 
237 558 721 1766 1585 352 
238 535 686 1728 1623 351 
239 490 638 1656 1610 353 
240 453 639 1563 1433 296 
241 455 655 1502 1441 298 
242 417 576 1505 1357 302 
243 461 544 1395 1349 257 
244 396 568 1404 1354 270 
245 398 512 1328 1271 252 
246 402 469 1267 1193 237 
247 381 472 1222 1149 217 
248 389 530 1183 1145 225 
249 329 527 1125 1091 200 
250 319 481 1009 1062 188 
251 319 448 1013 972 163 
252 337 438 978 1009 176 
253 316 388 929 925 170 
254 302 396 911 849 134 
255 293 359 839 824 149 
256 293 320 845 746 137 
257 249 295 790 759 135 
258 252 298 770 680 153 
259 257 296 712 615 147 
260 218 264 684 654 145 
261 244 240 639 591 145 
262 227 269 638 613 150 
263 215 251 596 570 138 
264 214 238 579 553 123 
265 205 264 510 534 120 
266 157 263 558 513 119 
267 175 232 477 450 106 
268 196 194 468 477 118 
269 164 223 432 403 120 
270 120 206 421 443 111 
271 140 165 393 407 96 
272 134 195 372 432 92 
273 133 185 417 375 75 
274 100 182 362 367 91 
275 107 193 329 293 93 
276 123 179 277 362 102 
277 104 151 322 330 81 
278 134 147 264 307 82 
279 134 129 292 241 72 
280 115 143 303 262 61 
281 106 126 306 236 74 
282 88 107 238 247 65 
283 116 89 265 221 70 
284 93 96 261 191 62 
285 78 85 250 180 60 
286 80 75 240 180 67 
287 73 110 231 172 68 
288 73 89 215 166 60 
289 65 77 208 174 45 
290 57 79 210 169 32 
291 58 80 189 149 33 
292 71 73 180 139 37 
293 54 72 187 137 35 
294 58 63 154 140 25 
295 56 55 176 160 30 
296 71 56 133 149 27 
297 55 57 152 142 28 
298 51 52 145 128 13 
299 36 39 137 129 17 
300 32 31 161 126 19 
301 30 47 144 99 12 
302 45 38 114 123 13 
303 25 43 116 105 15 
304 41 29 99 86 9 
305 31 31 108 103 17 
306 35 29 102 96 17 
307 37 25 108 88 16 
308 30 25 109 83 15 
309 23 28 101 65 17 
310 29 16 106 84 13 
311 23 19 91 76 7 
312 19 23 88 62 8 
313 15 29 99 50 13 
314 24 26 81 63 6 
315 23 20 65 60 8 
316 21 19 63 51 11 
317 15 20 62 38 5 
318 13 19 61 48 5 
319 16 22 61 35 6 
320 15 20 62 32 9 
321 16 13 56 29 4 
322 10 21 57 42 3 
323 17 26 53 27 4 
324 14 16 59 38 5 
325 8 19 59 35 4 
326 9 11 59 29 3 
327 18 10 51 38 6 
328 20 13 39 42 3 
329 13 18 52 25 5 
330 11 19 28 25 5 
331 12 6 37 27 3 
332 4 9 33 32 2 
333 3 12 16 13 7 
334 13 8 37 20 0 
335 11 17 31 17 0 
336 9 3 14 21 1 
337 6 5 18 16 3 
338 8 8 29 17 2 
339 12 8 20 16 1 
340 7 13 29 24 3 
341 6 11 19 30 1 
342 4 9 20 14 3 
343 5 12 16 23 4 
344 12 8 23 18 4 
345 3 7 18 15 2 
346 6 13 15 6 7 
347 10 7 15 9 10 
348 4 14 13 4 9 
349 2 12 18 14 6 
350 6 11 16 8 5 
351 8 6 13 8 4 
352 11 15 18 9 8 
353 3 8 9 5 5 
354 2 16 12 4 5 
355 2 14 12 3 7 
356 6 5 13 5 5 
357 2 8 9 3 9 
358 3 4 11 5 11 
359 5 8 9 6 12 
360 1 12 11 3 7 
361 0 15 15 2 8 
362 5 8 9 1 8 
363 2 6 15 3 5 
364 4 5 11 5 5 
365 4 8 17 2 5 
366 1 3 8 1 8 
367 4 6 7 5 6 
368 2 3 9 3 6 
369 6 1 8 2 1 
370 0 0 7 3 7 
371 1 5 8 1 4 
372 1 0 9 4 3 
373 3 0 6 4 5 
374 1 1 6 6 3 
375 2 3 3 1 4 
376 4 1 4 6 4 
377 1 0 7 0 10 
378 1 0 7 6 6 
379 1 1 11 4 4 
380 0 1 4 1 6 
381 2 0 2 2 8 
382 0 1 2 5 2 
383 0 0 2 1 3 
384 1 0 6 3 1 
385 1 0 6 1 3 
386 0 0 3 0 0 
387 0 0 2 1 1 
388 0 0 7 1 3 
389 0 0 5 0 1 
390 1 0 4 3 1 
391 0 1 3 1 2 
392 2 1 4 1 2 
393 0 3 5 1 0 
394 0 0 2 1 1 
395 1 0 3 2 2 
396 1 0 2 2 2 
397 1 0 2 0 2 
398 1 0 3 0 1 
399 1 1 4 0 1 
400 1 0 2 0 1 
401 0 0 7 1 2 
402 0 0 6 0 2 
403 2 0 1 0 0 
404 1 0 2 0 0 
405 1 0 1 0 0 
406 0 0 4 0 0 
407 0 0 2 0 0 
408 0 0 3 1 0 
409 0 0 1 0 0 
410 0 1 4 0 0 
411 0 0 4 0 0 
412 0 0 5 0 0 
413 0 0 1 0 0 
414 0 0 3 0 0 
415 0 0 1 0 0 
416 0 0 3 0 0 
417 0 0 3 0 0 
418 0 0 2 0 0 
419 0 1 2 1 0 
420 0 1 1 1 0 
421 0 0 1 0 0 
422 0 0 1 1 0 
423 0 0 1 0 0 
424 0 0 0 0 0 
425 0 0 0 0 0 
426 0 0 0 0 0 
427 0 0 0 0 0 
428 0 0 1 0 0 
429 0 0 0 0 0 
430 0 0 0 0 0 
431 0 0 0 0 0 
432 0 0 1 0 0 
433 0 0 0 0 0 
434 0 0 0 0 0 
