1 0 8 0 0 0 
2 2 4 0 0 0 
3 0 10 0 1 0 
4 0 4 0 0 0 
5 0 4 0 0 0 
6 0 5 0 0 0 
7 0 3 0 0 0 
8 0 7 0 0 0 
9 1 6 0 0 0 
10 5 10 0 0 0 
11 1 11 0 0 0 
12 0 10 1 0 0 
13 2 5 2 0 0 
14 0 8 0 2 0 
15 0 13 0 0 0 
16 0 13 2 1 0 
17 0 20 1 0 0 
18 1 15 2 0 0 
19 1 24 2 0 0 
20 1 19 1 2 0 
21 0 27 1 2 0 
22 3 26 1 4 0 
23 6 29 2 2 0 
24 6 27 0 2 0 
25 3 16 0 2 0 
26 2 14 0 2 2 
27 2 21 0 1 0 
28 3 31 2 1 1 
29 8 29 3 1 1 
30 9 24 3 4 0 
31 9 26 2 1 1 
32 4 26 4 1 0 
33 5 34 4 2 0 
34 3 34 4 2 0 
35 2 35 3 5 0 
36 7 28 3 3 1 
37 4 52 5 6 0 
38 4 34 2 7 0 
39 5 48 4 3 1 
40 3 54 2 2 0 
41 6 43 1 8 0 
42 3 58 5 12 1 
43 6 57 5 9 0 
44 9 61 5 10 0 
45 4 66 4 7 1 
46 7 69 7 8 2 
47 4 65 2 14 2 
48 6 78 7 15 1 
49 9 67 10 12 2 
50 7 76 11 14 1 
51 15 77 9 19 4 
52 6 72 8 16 2 
53 11 79 13 19 1 
54 16 81 14 17 0 
55 10 96 14 16 0 
56 24 82 17 18 0 
57 13 85 18 24 4 
58 8 86 24 27 2 
59 23 88 36 27 1 
60 17 77 25 25 1 
61 22 105 27 26 1 
62 11 94 35 37 2 
63 15 116 31 51 1 
64 19 145 43 40 5 
65 19 133 42 32 3 
66 16 128 37 45 3 
67 34 117 59 44 6 
68 30 151 64 49 4 
69 33 160 62 44 6 
70 17 173 70 52 9 
71 32 173 49 61 7 
72 27 195 85 65 10 
73 31 178 71 70 13 
74 32 208 88 84 13 
75 51 195 96 93 15 
76 32 214 93 105 9 
77 36 242 113 104 13 
78 52 254 109 117 14 
79 49 238 107 111 8 
80 62 250 121 140 14 
81 51 298 124 116 6 
82 57 256 164 131 11 
83 48 302 180 177 13 
84 43 299 141 142 23 
85 47 321 170 177 20 
86 54 385 192 200 33 
87 73 371 181 215 26 
88 71 415 208 243 15 
89 88 403 173 222 27 
90 83 411 198 247 31 
91 92 403 201 230 33 
92 102 465 197 249 28 
93 75 470 212 272 34 
94 96 475 214 287 26 
95 107 435 235 307 37 
96 100 545 248 313 53 
97 112 593 246 347 54 
98 104 588 245 388 47 
99 131 593 273 353 48 
100 131 579 290 382 54 
101 145 659 329 439 63 
102 144 654 360 417 54 
103 148 746 331 398 42 
104 171 735 375 475 50 
105 160 803 407 538 62 
106 152 837 437 543 55 
107 177 836 475 598 65 
108 169 886 517 624 71 
109 208 1000 520 644 88 
110 207 998 593 704 78 
111 206 1031 611 690 102 
112 266 1061 608 759 94 
113 271 1147 664 814 121 
114 274 1154 610 825 105 
115 277 1228 704 847 104 
116 319 1183 721 945 117 
117 329 1267 762 980 116 
118 329 1324 805 1050 135 
119 321 1504 880 1083 143 
120 327 1477 881 1159 130 
121 324 1571 935 1204 138 
122 360 1565 946 1279 127 
123 396 1691 1022 1332 180 
124 441 1853 1111 1403 184 
125 434 1928 1072 1388 167 
126 452 1984 1189 1547 156 
127 439 2089 1314 1625 181 
128 496 2102 1362 1629 159 
129 495 2225 1414 1622 210 
130 574 2218 1433 1832 227 
131 563 2328 1530 1809 201 
132 651 2416 1554 1848 220 
133 636 2513 1549 1975 208 
134 661 2717 1682 2101 215 
135 698 2748 1760 2105 262 
136 728 2705 1858 2229 253 
137 732 2886 1966 2211 270 
138 782 2937 1993 2390 277 
139 823 3148 2088 2453 291 
140 765 3194 2228 2522 358 
141 844 3285 2308 2600 377 
142 910 3332 2418 2626 342 
143 906 3288 2412 2791 392 
144 923 3463 2458 2854 419 
145 942 3515 2607 2905 443 
146 1056 3658 2821 3060 470 
147 997 3766 2755 3082 468 
148 1127 3886 2889 3241 463 
149 1110 3882 2954 3400 513 
150 1136 3916 3044 3506 492 
151 1094 3964 3100 3522 528 
152 1194 4120 3191 3703 539 
153 1229 4104 3359 3801 525 
154 1210 4130 3526 3797 549 
155 1270 4368 3667 3926 538 
156 1310 4233 3749 4135 573 
157 1368 4313 3871 4158 595 
158 1375 4257 3891 4210 624 
159 1414 4166 4025 4392 601 
160 1423 4166 4163 4262 668 
161 1394 4244 4195 4476 705 
162 1406 4395 4169 4534 734 
163 1472 4248 4381 4506 782 
164 1544 4205 4414 4461 757 
165 1418 4331 4596 4543 797 
166 1492 4284 4592 4558 815 
167 1584 4343 4729 4611 862 
168 1665 4400 4743 4693 879 
169 1643 4400 4858 4737 909 
170 1669 4302 4898 4908 888 
171 1625 4273 4885 4782 932 
172 1676 4227 4967 4828 979 
173 1636 4099 5130 4856 922 
174 1704 4130 5086 4877 1006 
175 1695 4078 5137 4913 1006 
176 1689 4042 5035 4998 936 
177 1611 3923 5147 4884 1008 
178 1604 3990 5170 4929 969 
179 1608 3814 5292 4820 985 
180 1613 3815 5265 4817 1023 
181 1573 3651 5305 4783 964 
182 1608 3562 5152 4845 1044 
183 1656 3502 5302 4799 983 
184 1694 3466 5231 4692 1014 
185 1630 3314 5048 4685 1017 
186 1585 3150 4976 4487 971 
187 1530 3253 5022 4528 1004 
188 1585 3070 5081 4574 1020 
189 1565 2905 4946 4442 996 
190 1561 2775 4822 4431 1013 
191 1506 2691 4820 4323 974 
192 1493 2704 4832 4274 993 
193 1464 2626 4762 4188 911 
194 1397 2560 4708 4297 991 
195 1433 2463 4482 4168 1002 
196 1463 2422 4550 4056 1024 
197 1330 2215 4445 4068 978 
198 1401 2154 4451 3894 941 
199 1393 2096 4275 3912 904 
200 1361 1994 4270 3788 932 
201 1264 2025 4188 3704 939 
202 1238 1949 4133 3556 878 
203 1198 1833 3955 3564 929 
204 1223 1814 3929 3447 868 
205 1147 1798 3752 3318 872 
206 1159 1670 3722 3251 834 
207 1152 1670 3513 3392 799 
208 1059 1627 3654 3146 780 
209 1109 1459 3589 3072 753 
210 1038 1419 3474 3001 749 
211 1037 1422 3216 2869 771 
212 1003 1355 3236 2733 750 
213 966 1335 3193 2631 732 
214 919 1255 3099 2574 683 
215 915 1268 2891 2511 622 
216 894 1143 2864 2458 625 
217 828 1067 2757 2316 614 
218 817 1067 2743 2312 581 
219 804 1035 2762 2252 563 
220 805 1043 2516 2084 566 
221 724 962 2585 2059 541 
222 742 915 2420 1999 483 
223 769 913 2374 1850 539 
224 723 892 2233 1858 469 
225 688 772 2214 1815 462 
226 615 760 2154 1691 455 
227 602 736 2030 1657 387 
228 646 747 2019 1562 409 
229 514 664 1983 1530 404 
230 571 669 1876 1517 350 
231 532 642 1791 1371 352 
232 514 620 1798 1381 391 
233 452 579 1696 1365 331 
234 452 550 1506 1285 312 
235 453 542 1531 1232 325 
236 440 561 1358 1232 272 
237 427 490 1370 1142 270 
238 421 483 1335 1117 253 
239 367 478 1357 1031 255 
240 377 424 1273 971 252 
241 345 424 1285 966 265 
242 338 404 1217 897 245 
243 294 374 1133 946 252 
244 339 336 1043 879 217 
245 315 308 1051 874 220 
246 313 307 986 804 171 
247 294 289 1015 798 168 
248 282 285 950 747 183 
249 255 286 885 697 169 
250 274 256 851 733 165 
251 259 261 777 664 167 
252 228 260 757 630 142 
253 211 245 760 610 160 
254 235 253 737 549 148 
255 222 233 720 554 122 
256 208 215 651 516 123 
257 187 205 602 486 123 
258 198 203 549 500 123 
259 168 192 522 438 118 
260 160 170 482 439 104 
261 136 176 493 444 89 
262 139 163 470 429 103 
263 152 165 436 365 86 
264 131 167 424 408 104 
265 146 157 404 383 93 
266 129 137 401 340 88 
267 127 159 375 340 81 
268 125 141 346 314 101 
269 98 131 347 355 82 
270 113 131 321 302 84 
271 100 140 329 287 77 
272 104 153 293 293 68 
273 100 129 250 273 78 
274 84 131 265 250 69 
275 96 105 245 257 75 
276 90 129 248 274 48 
277 96 109 211 228 56 
278 89 96 256 212 43 
279 84 108 212 201 53 
280 74 75 207 192 53 
281 82 79 202 181 51 
282 76 78 183 163 50 
283 71 72 168 155 51 
284 73 77 174 163 48 
285 76 81 177 158 39 
286 62 84 146 144 44 
287 51 68 138 146 33 
288 44 87 142 127 32 
289 45 68 128 133 38 
290 36 68 137 130 45 
291 47 62 144 113 41 
292 41 69 124 100 27 
293 37 58 120 123 34 
294 40 63 114 98 29 
295 39 65 124 102 30 
296 42 62 116 90 29 
297 27 48 93 91 17 
298 43 50 106 88 15 
299 32 56 86 95 21 
300 30 56 76 83 15 
301 34 47 73 70 21 
302 39 45 77 70 20 
303 33 33 75 82 11 
304 25 46 63 79 10 
305 37 39 76 61 14 
306 23 32 74 61 16 
307 27 35 64 68 15 
308 28 43 62 56 14 
309 24 33 59 52 12 
310 24 40 62 56 20 
311 17 41 49 55 12 
312 19 39 50 50 10 
313 19 33 48 46 8 
314 28 37 53 55 7 
315 22 31 51 55 8 
316 23 27 47 34 5 
317 16 25 47 53 5 
318 18 24 41 57 10 
319 27 17 50 44 9 
320 12 18 39 41 4 
321 12 18 34 38 8 
322 9 19 29 39 5 
323 14 24 44 36 4 
324 11 30 40 42 7 
325 11 19 25 35 7 
326 5 25 29 23 4 
327 9 18 25 25 4 
328 9 21 38 32 11 
329 13 19 35 25 5 
330 10 15 31 21 4 
331 11 8 25 20 8 
332 13 13 31 19 7 
333 9 12 28 16 6 
334 11 15 34 18 5 
335 10 19 32 20 7 
336 15 17 38 18 11 
337 10 14 27 17 4 
338 8 12 25 16 8 
339 4 14 20 19 7 
340 9 6 20 17 8 
341 6 10 31 21 6 
342 5 6 27 24 14 
343 10 7 38 15 14 
344 3 10 47 12 10 
345 8 9 32 20 13 
346 5 8 18 23 14 
347 10 7 23 12 4 
348 5 4 30 14 7 
349 8 4 20 15 8 
350 8 6 24 9 11 
351 8 10 24 9 6 
352 6 9 25 14 11 
353 2 3 12 12 7 
354 7 4 17 7 2 
355 9 10 18 13 4 
356 6 9 16 11 11 
357 7 10 7 11 5 
358 2 9 18 15 3 
359 8 9 14 9 2 
360 5 5 9 7 3 
361 8 6 16 13 11 
362 7 3 11 9 6 
363 5 5 10 9 7 
364 4 3 12 4 4 
365 2 2 9 9 4 
366 4 6 7 15 4 
367 1 6 8 7 2 
368 1 3 8 4 1 
369 0 2 9 11 2 
370 1 0 7 4 5 
371 1 1 6 6 6 
372 1 3 9 8 4 
373 2 0 10 8 1 
374 1 1 18 9 1 
375 2 0 14 3 2 
376 0 0 11 4 3 
377 6 0 5 1 3 
378 2 0 4 3 3 
379 3 0 7 2 3 
380 5 2 11 5 2 
381 7 1 11 5 1 
382 6 1 11 3 0 
383 7 4 7 2 0 
384 3 2 5 3 1 
385 5 2 7 2 3 
386 1 1 8 1 0 
387 2 4 6 0 1 
388 4 2 4 2 0 
389 4 3 7 2 0 
390 1 4 8 1 0 
391 1 6 4 3 0 
392 1 1 4 4 1 
393 0 3 6 8 0 
394 1 0 4 7 0 
395 2 4 6 2 0 
396 2 3 5 2 0 
397 1 3 5 6 0 
398 1 3 5 5 0 
399 1 6 2 1 0 
400 1 5 7 3 0 
401 2 4 4 1 0 
402 1 2 4 0 0 
403 0 2 3 2 0 
404 3 0 4 1 0 
405 0 3 6 0 0 
406 1 0 6 1 0 
407 0 0 2 1 0 
408 0 0 3 0 0 
409 0 0 0 2 0 
410 0 0 3 3 0 
411 0 1 5 2 0 
412 0 1 2 1 0 
413 0 0 4 1 0 
414 0 0 1 1 0 
415 1 0 2 0 0 
416 1 0 2 3 0 
417 0 0 1 0 0 
418 0 0 2 2 0 
419 0 0 4 4 0 
420 1 0 1 1 1 
421 1 0 1 0 1 
422 0 0 1 0 0 
423 0 0 1 0 0 
424 0 0 3 0 0 
425 0 0 2 0 0 
426 0 0 0 0 0 
427 0 0 0 0 0 
428 0 0 0 0 0 
