1 0 9 0 0 0 
2 0 8 0 0 0 
3 0 13 0 1 0 
4 0 14 0 1 0 
5 0 13 1 0 0 
6 0 12 1 0 0 
7 0 14 0 1 0 
8 2 13 0 2 0 
9 3 15 0 1 0 
10 4 17 1 0 0 
11 5 22 0 0 0 
12 2 20 0 0 0 
13 1 20 0 0 0 
14 0 19 1 0 0 
15 1 18 1 0 0 
16 1 11 2 0 0 
17 1 12 4 1 0 
18 1 9 4 0 0 
19 2 12 4 0 0 
20 2 12 4 0 0 
21 2 12 3 0 0 
22 2 13 3 0 0 
23 2 14 4 0 0 
24 2 16 6 0 0 
25 2 15 6 0 0 
26 3 17 6 1 0 
27 3 15 8 1 0 
28 4 25 8 1 0 
29 3 28 10 1 0 
30 1 31 7 1 1 
31 1 32 7 2 1 
32 2 31 8 3 0 
33 4 25 15 2 0 
34 7 26 10 4 0 
35 8 25 14 3 0 
36 8 24 11 3 0 
37 8 15 7 2 0 
38 7 17 6 2 0 
39 7 14 2 2 0 
40 4 17 2 1 2 
41 6 14 4 2 3 
42 7 14 5 4 2 
43 4 14 5 8 2 
44 4 16 3 11 4 
45 4 14 4 11 3 
46 5 16 9 10 4 
47 5 13 12 6 4 
48 5 18 14 4 4 
49 7 15 11 7 4 
50 9 12 15 5 2 
51 8 16 13 7 4 
52 7 16 12 6 5 
53 4 19 12 4 6 
54 3 16 14 4 6 
55 6 17 17 5 6 
56 9 15 18 6 7 
57 6 12 23 7 11 
58 7 13 28 3 11 
59 6 15 26 2 14 
60 7 13 27 3 16 
61 8 16 27 1 16 
62 8 19 28 3 18 
63 6 15 33 4 18 
64 5 20 31 5 20 
65 6 17 37 3 15 
66 7 20 40 4 18 
67 11 21 33 8 14 
68 9 22 30 9 13 
69 17 24 33 9 17 
70 15 26 36 13 16 
71 14 22 37 20 16 
72 19 22 42 19 18 
73 24 21 40 17 15 
74 20 17 41 23 14 
75 20 19 36 28 14 
76 27 20 35 30 15 
77 23 22 36 38 11 
78 22 19 38 47 8 
79 23 19 37 51 9 
80 23 28 34 61 11 
81 28 33 53 66 13 
82 28 29 63 60 13 
83 36 37 69 56 13 
84 37 39 64 57 17 
85 42 50 78 67 18 
86 38 58 87 62 10 
87 34 58 92 71 10 
88 27 62 85 77 14 
89 26 66 90 75 17 
90 32 73 102 75 20 
91 33 75 108 82 26 
92 40 79 122 91 28 
93 30 73 118 100 29 
94 41 78 124 105 36 
95 44 92 141 106 27 
96 40 106 136 108 32 
97 40 112 150 100 34 
98 38 120 149 97 39 
99 36 106 156 88 42 
100 48 128 170 88 50 
101 51 138 176 86 57 
102 60 128 187 86 68 
103 56 134 199 99 72 
104 48 148 202 106 75 
105 52 151 210 118 81 
106 50 175 212 137 86 
107 62 210 225 143 96 
108 55 220 217 144 106 
109 46 224 220 144 96 
110 55 249 218 154 103 
111 63 270 227 154 88 
112 58 271 239 163 97 
113 58 297 249 164 88 
114 53 307 261 189 78 
115 54 325 299 199 90 
116 65 340 288 207 88 
117 71 349 300 234 79 
118 68 375 330 256 87 
119 76 393 340 272 75 
120 73 424 341 291 63 
121 91 448 349 307 53 
122 101 458 352 337 55 
123 98 482 341 385 59 
124 110 540 333 417 68 
125 117 532 359 429 87 
126 130 556 414 441 84 
127 143 567 450 474 70 
128 155 585 460 494 68 
129 165 611 479 513 84 
130 171 692 480 539 91 
131 181 740 531 539 109 
132 185 730 558 576 99 
133 181 729 572 618 96 
134 177 773 613 654 99 
135 212 789 637 644 95 
136 210 850 688 694 99 
137 210 896 696 719 115 
138 223 981 715 743 125 
139 220 1090 734 782 124 
140 245 1154 771 767 131 
141 272 1272 809 817 134 
142 303 1289 842 892 139 
143 329 1370 882 977 156 
144 360 1485 894 1006 156 
145 390 1589 905 1067 167 
146 380 1731 943 1147 163 
147 406 1818 996 1141 166 
148 407 1871 1006 1179 182 
149 428 1884 1043 1248 201 
150 449 1968 1107 1387 208 
151 484 2030 1193 1474 223 
152 516 2146 1264 1528 229 
153 507 2239 1305 1518 246 
154 527 2299 1398 1564 257 
155 542 2445 1436 1667 294 
156 590 2568 1580 1765 317 
157 635 2765 1660 1842 349 
158 647 2882 1725 1918 357 
159 673 2972 1833 2059 375 
160 736 3094 1940 2196 390 
161 752 3255 2023 2291 409 
162 784 3426 2127 2401 421 
163 805 3605 2291 2475 437 
164 847 3780 2360 2644 439 
165 885 3950 2535 2740 458 
166 942 4138 2699 2869 501 
167 958 4282 2775 3025 527 
168 1040 4447 2988 3149 561 
169 1121 4628 3121 3249 603 
170 1197 4759 3260 3433 673 
171 1212 5095 3436 3599 674 
172 1249 5287 3617 3764 692 
173 1283 5537 3749 3979 748 
174 1311 5784 3891 4107 762 
175 1342 5966 4115 4327 818 
176 1403 6181 4253 4574 825 
177 1479 6410 4469 4791 853 
178 1527 6695 4644 4983 880 
179 1583 6909 4769 5149 925 
180 1666 7080 5085 5423 958 
181 1741 7353 5334 5735 989 
182 1767 7450 5529 5917 1013 
183 1815 7733 5733 6184 1021 
184 1905 8156 5954 6372 1059 
185 2028 8340 6260 6780 1083 
186 2158 8610 6503 7039 1110 
187 2306 8820 6832 7200 1155 
188 2391 9233 7092 7474 1182 
189 2543 9481 7490 7841 1220 
190 2702 9764 7751 8202 1256 
191 2806 10008 8058 8603 1315 
192 2980 10185 8245 9016 1343 
193 3033 10512 8490 9356 1384 
194 3211 10791 8668 9629 1497 
195 3311 11165 8927 9782 1532 
196 3387 11396 9099 10173 1630 
197 3550 11519 9513 10369 1700 
198 3515 11766 9895 10628 1774 
199 3556 11972 10122 11038 1843 
200 3742 12186 10375 11272 1859 
201 3809 12472 10730 11498 1902 
202 3867 12756 11010 11820 1915 
203 3991 12905 11233 12112 1967 
204 3988 12917 11612 12511 2054 
205 4220 13032 11947 12622 2158 
206 4255 13220 12246 12966 2215 
207 4262 13434 12503 13278 2288 
208 4355 13394 12822 13563 2374 
209 4360 13361 13188 13783 2457 
210 4424 13368 13468 13861 2512 
211 4532 13366 13683 14068 2510 
212 4624 13373 13979 14402 2502 
213 4667 13423 14155 14609 2567 
214 4696 13225 14591 14851 2593 
215 4803 13140 14834 14968 2623 
216 4881 13088 15051 15074 2626 
217 5013 13094 15204 15239 2624 
218 5060 12966 15211 15267 2681 
219 5100 12743 15267 15371 2746 
220 5163 12687 15502 15636 2812 
221 5242 12515 15544 15689 2859 
222 5164 12481 15777 15829 2902 
223 5215 12232 15815 15718 2911 
224 5181 11934 15834 15821 2880 
225 5216 11822 15722 15827 2963 
226 5235 11506 15608 15788 2946 
227 5209 11321 15626 15494 2949 
228 5218 11270 15727 15463 2896 
229 5174 10967 15667 15477 2966 
230 5090 10724 15653 15316 3046 
231 5020 10507 15569 15321 3027 
232 5018 10242 15514 15255 3055 
233 4990 9989 15457 15077 2957 
234 4892 9828 15351 14874 2904 
235 4833 9600 15236 14746 2882 
236 4798 9263 15052 14473 2864 
237 4726 9046 14886 14301 2790 
238 4640 8804 14716 14146 2754 
239 4488 8460 14490 13855 2716 
240 4401 8187 14245 13546 2723 
241 4342 8013 13915 13421 2681 
242 4231 7750 13637 13167 2606 
243 4229 7447 13429 12885 2552 
244 4153 7128 13177 12477 2528 
245 4160 6980 12867 12366 2497 
246 4032 6691 12497 12101 2414 
247 3957 6587 12123 12051 2356 
248 3834 6284 11885 11882 2266 
249 3739 6101 11712 11653 2280 
250 3636 5715 11446 11513 2232 
251 3476 5523 11103 11256 2245 
252 3375 5442 10876 10974 2186 
253 3357 5291 10760 10646 2127 
254 3277 5025 10531 10313 2036 
255 3250 4835 10334 9946 2004 
256 3169 4683 10121 9798 1959 
257 3071 4493 9869 9523 1857 
258 2966 4409 9695 9343 1824 
259 2947 4283 9427 8937 1791 
260 2861 4160 9101 8724 1804 
261 2810 4051 8807 8478 1785 
262 2685 3861 8505 8230 1749 
263 2596 3734 8105 7883 1682 
264 2486 3563 7826 7536 1610 
265 2390 3484 7539 7177 1536 
266 2309 3234 7187 6888 1488 
267 2227 3137 6880 6654 1514 
268 2200 3012 6603 6388 1442 
269 2107 2878 6356 6089 1395 
270 1982 2807 6211 5713 1311 
271 1909 2657 6116 5481 1233 
272 1831 2555 5912 5250 1204 
273 1803 2444 5643 5129 1187 
274 1721 2352 5448 4909 1167 
275 1654 2218 5311 4705 1117 
276 1583 2132 5172 4537 1071 
277 1560 2058 5028 4374 966 
278 1561 1955 4883 4236 928 
279 1482 1897 4650 4078 894 
280 1381 1905 4465 4008 847 
281 1339 1846 4281 3878 835 
282 1236 1756 4199 3719 795 
283 1222 1640 4030 3523 744 
284 1208 1605 3875 3429 700 
285 1127 1569 3647 3390 645 
286 1086 1485 3560 3263 642 
287 1004 1426 3414 3212 617 
288 980 1401 3306 3120 617 
289 972 1368 3154 3013 610 
290 946 1302 2987 2900 596 
291 919 1225 2869 2831 575 
292 874 1146 2780 2749 543 
293 830 1101 2630 2762 522 
294 798 1034 2504 2635 515 
295 746 983 2400 2561 513 
296 724 906 2264 2409 495 
297 714 844 2199 2333 453 
298 699 841 2081 2282 464 
299 692 820 1991 2177 453 
300 617 776 1895 2104 452 
301 593 766 1824 2046 436 
302 590 717 1751 2011 426 
303 589 663 1667 1939 395 
304 555 674 1601 1839 364 
305 546 647 1566 1743 369 
306 542 643 1554 1660 349 
307 545 608 1492 1564 345 
308 534 593 1446 1511 363 
309 527 604 1344 1469 332 
310 510 556 1288 1398 311 
311 487 532 1240 1321 292 
312 469 489 1168 1228 273 
313 427 450 1134 1191 265 
314 397 446 1127 1117 250 
315 385 400 1081 1081 238 
316 375 388 1027 1063 214 
317 354 410 986 1005 206 
318 338 382 970 938 184 
319 296 365 930 934 179 
320 284 353 879 905 186 
321 267 344 846 830 189 
322 281 320 835 807 184 
323 273 310 819 775 169 
324 239 308 789 765 162 
325 239 293 726 681 158 
326 244 280 705 656 154 
327 213 268 696 631 145 
328 224 286 652 626 139 
329 228 272 610 603 128 
330 211 275 592 563 119 
331 206 246 548 567 129 
332 190 218 516 539 125 
333 193 214 474 537 118 
334 159 225 480 501 117 
335 163 210 470 513 123 
336 137 199 454 487 131 
337 141 199 450 476 114 
338 129 194 428 495 107 
339 120 192 399 453 109 
340 125 208 376 411 111 
341 123 194 355 373 119 
342 119 180 346 362 104 
343 112 166 346 338 98 
344 111 162 326 307 93 
345 97 139 303 275 98 
346 88 127 302 270 88 
347 89 113 281 252 71 
348 80 97 243 256 66 
349 81 87 240 236 49 
350 85 82 248 234 44 
351 87 73 249 224 35 
352 87 78 251 200 29 
353 80 69 238 202 27 
354 79 74 250 194 24 
355 73 61 239 187 28 
356 69 54 251 174 24 
357 74 50 247 159 28 
358 81 49 240 158 24 
359 72 48 229 160 17 
360 68 49 231 161 16 
361 63 44 216 138 15 
362 53 45 218 132 15 
363 50 46 208 122 14 
364 56 46 199 102 19 
365 52 51 192 97 24 
366 50 54 179 88 24 
367 52 44 177 82 24 
368 44 41 193 80 17 
369 40 40 178 68 12 
370 39 38 160 71 9 
371 44 25 153 73 9 
372 46 21 158 63 7 
373 49 27 157 57 6 
374 54 22 137 56 6 
375 50 22 118 48 7 
376 40 24 115 48 4 
377 41 18 104 38 5 
378 46 19 85 37 5 
379 46 24 83 40 6 
380 41 18 77 46 4 
381 41 18 69 39 6 
382 36 15 61 37 5 
383 31 14 46 31 2 
384 24 16 36 36 3 
385 20 16 37 23 1 
386 16 15 31 22 1 
387 14 15 31 17 1 
388 9 12 31 22 2 
389 7 9 27 15 3 
390 8 8 26 17 3 
391 7 14 20 12 6 
392 9 11 19 11 10 
393 7 14 19 11 7 
394 12 16 17 7 8 
395 15 18 14 10 9 
396 15 26 17 8 5 
397 16 21 17 7 7 
398 15 13 18 9 3 
399 14 9 18 11 5 
400 11 9 23 11 3 
401 11 12 28 9 2 
402 9 12 26 7 3 
403 7 13 32 7 3 
404 7 16 33 9 5 
405 5 14 34 10 7 
406 2 22 28 6 6 
407 1 21 34 6 8 
408 1 22 38 4 6 
409 1 26 36 5 7 
410 1 22 30 5 5 
411 2 24 25 7 5 
412 1 23 21 9 3 
413 0 24 21 4 3 
414 0 18 16 3 4 
415 0 13 17 3 4 
416 0 15 18 3 4 
417 0 12 16 5 5 
418 0 7 16 3 2 
419 0 12 13 1 2 
420 0 11 14 1 0 
421 0 11 17 5 0 
422 0 9 15 5 0 
423 0 9 12 2 0 
424 0 9 17 2 0 
425 0 10 13 2 0 
426 0 8 14 1 0 
427 0 6 14 1 0 
428 0 6 15 1 0 
429 0 6 13 0 0 
430 0 5 11 1 0 
431 0 9 11 1 0 
432 1 5 12 2 0 
433 3 5 10 0 0 
434 3 5 11 0 0 
435 5 7 13 0 0 
436 5 8 10 4 0 
437 4 7 8 3 0 
438 5 7 8 3 0 
439 5 5 9 5 0 
440 5 7 6 4 0 
441 5 5 4 3 0 
442 4 5 7 3 0 
443 3 3 6 2 0 
444 4 2 7 0 0 
445 2 3 4 0 0 
446 3 2 5 0 0 
447 2 2 4 0 0 
448 3 2 4 0 0 
449 3 1 3 0 0 
450 5 1 2 0 0 
451 6 1 2 0 0 
452 6 0 2 0 0 
453 4 0 5 0 0 
454 4 0 3 0 0 
455 3 0 4 0 0 
456 3 0 3 0 0 
457 6 0 3 0 0 
458 5 0 2 0 0 
459 5 0 1 1 0 
460 7 0 2 0 0 
461 4 0 3 0 0 
462 4 0 5 1 0 
463 4 0 2 0 0 
464 3 0 1 0 0 
465 1 0 0 0 0 
466 1 0 0 0 0 
467 1 0 0 0 0 
468 1 0 0 0 0 
469 1 0 0 0 0 
470 1 0 0 0 0 
471 1 0 1 0 0 
472 1 0 0 0 0 
473 0 0 0 1 0 
474 0 0 0 0 0 
