1 0 7 0 0 0 
2 0 6 0 0 0 
3 0 9 0 0 0 
4 0 7 0 0 0 
5 0 7 0 0 0 
6 0 10 0 0 0 
7 0 9 0 0 0 
8 0 8 0 0 0 
9 0 10 0 0 0 
10 0 11 0 1 0 
11 0 11 0 0 0 
12 0 12 0 0 0 
13 0 14 0 0 0 
14 0 22 0 0 0 
15 1 25 0 0 0 
16 1 31 0 0 0 
17 1 31 0 0 0 
18 1 37 0 0 0 
19 0 41 0 0 0 
20 0 44 0 0 0 
21 3 43 0 0 0 
22 3 53 1 0 0 
23 2 57 1 0 0 
24 1 60 1 1 1 
25 1 69 1 1 1 
26 2 77 2 2 1 
27 3 72 2 0 2 
28 3 75 3 0 1 
29 4 76 3 8 2 
30 3 80 1 12 4 
31 3 86 2 13 7 
32 5 97 3 13 7 
33 5 113 2 10 6 
34 3 103 3 20 11 
35 5 102 2 25 14 
36 7 108 6 32 20 
37 9 121 12 28 23 
38 8 116 12 32 18 
39 13 106 14 46 22 
40 17 104 19 49 29 
41 15 94 27 56 24 
42 17 100 27 58 23 
43 16 112 28 70 27 
44 12 126 36 76 28 
45 14 144 32 80 24 
46 18 149 37 75 18 
47 16 162 43 83 16 
48 21 164 44 88 14 
49 23 157 52 100 16 
50 23 173 61 98 20 
51 31 181 72 109 16 
52 40 197 87 115 21 
53 39 221 87 102 27 
54 38 223 106 114 29 
55 41 250 115 119 30 
56 40 255 119 124 34 
57 48 271 128 130 29 
58 47 298 128 141 27 
59 58 302 126 134 22 
60 55 320 128 141 27 
61 54 321 149 143 30 
62 52 332 151 138 37 
63 59 349 161 162 34 
64 67 357 159 168 36 
65 76 392 153 199 41 
66 78 421 150 202 38 
67 87 439 163 222 37 
68 87 446 169 239 41 
69 95 509 175 262 40 
70 96 554 203 253 37 
71 97 617 189 271 36 
72 99 660 199 301 41 
73 98 711 203 319 40 
74 111 765 205 323 36 
75 123 806 239 339 34 
76 138 839 263 364 59 
77 138 897 297 360 61 
78 149 967 300 371 71 
79 164 1002 315 393 77 
80 169 1048 364 423 71 
81 170 1100 414 416 62 
82 197 1185 437 435 79 
83 197 1291 468 453 88 
84 214 1327 482 489 88 
85 212 1369 512 513 90 
86 224 1377 531 541 84 
87 229 1494 558 541 88 
88 246 1537 619 588 81 
89 257 1604 674 622 80 
90 285 1689 724 693 90 
91 294 1766 789 758 94 
92 336 1850 809 781 92 
93 336 1930 844 826 114 
94 363 2023 889 879 128 
95 351 2150 921 954 129 
96 348 2232 999 1016 117 
97 379 2315 1037 1114 130 
98 407 2413 1113 1176 134 
99 412 2511 1193 1231 133 
100 450 2597 1250 1269 141 
101 466 2828 1378 1334 150 
102 499 2863 1513 1398 180 
103 519 2983 1529 1455 192 
104 551 3007 1589 1573 202 
105 577 3160 1638 1667 199 
106 609 3332 1685 1733 218 
107 667 3466 1766 1820 231 
108 714 3591 1828 1910 263 
109 730 3706 1884 1947 275 
110 751 3860 2013 2040 271 
111 773 3950 2061 2175 294 
112 806 4173 2118 2299 333 
113 843 4354 2229 2443 365 
114 900 4498 2329 2576 388 
115 922 4727 2432 2756 412 
116 938 4866 2591 2947 428 
117 939 5064 2777 3068 433 
118 1002 5273 2883 3270 453 
119 1050 5518 3063 3422 471 
120 1121 5743 3261 3608 493 
121 1202 5926 3381 3775 507 
122 1237 6282 3571 3958 508 
123 1306 6619 3721 4091 565 
124 1389 6805 3907 4282 604 
125 1422 7002 4088 4467 635 
126 1537 7189 4247 4491 647 
127 1590 7448 4486 4701 652 
128 1617 7771 4681 4952 680 
129 1706 7910 4854 5150 693 
130 1815 8110 5016 5422 736 
131 1925 8368 5175 5581 801 
132 1922 8640 5521 5891 838 
133 2061 8917 5779 6056 948 
134 2112 9172 6070 6342 983 
135 2251 9473 6364 6665 1014 
136 2332 9630 6700 6940 1062 
137 2456 9828 6937 7224 1128 
138 2553 10086 6972 7493 1157 
139 2644 10305 7201 7853 1178 
140 2762 10542 7498 8309 1213 
141 2801 10741 7826 8801 1241 
142 2856 11013 8135 9177 1369 
143 2947 11077 8389 9496 1400 
144 3082 11234 8737 9772 1506 
145 3099 11368 8919 10146 1572 
146 3237 11448 9183 10578 1647 
147 3326 11635 9354 10834 1761 
148 3476 11697 9816 10975 1826 
149 3578 11798 10038 11267 1841 
150 3528 11792 10256 11626 1868 
151 3640 11869 10537 11870 1942 
152 3819 11879 10772 12239 1954 
153 3918 11931 11259 12644 1993 
154 4095 12108 11597 12872 2079 
155 4172 12094 11702 13076 2114 
156 4280 12165 11811 13413 2172 
157 4335 12285 11971 13656 2186 
158 4453 12301 12394 14041 2229 
159 4495 12283 12789 14326 2298 
160 4505 12454 13077 14500 2307 
161 4564 12341 13439 14690 2321 
162 4648 12245 13650 14760 2350 
163 4721 12230 13770 14991 2425 
164 4763 12166 14062 15181 2470 
165 4817 12144 14216 15448 2497 
166 4788 12054 14350 15492 2483 
167 4803 12103 14470 15428 2593 
168 4840 11954 14649 15529 2639 
169 4799 11790 14683 15568 2678 
170 4791 11602 14762 15752 2715 
171 4802 11532 14842 15725 2739 
172 4985 11288 14831 15903 2769 
173 4895 11194 14863 15678 2741 
174 4975 10867 14874 15741 2803 
175 4996 10630 14946 15810 2768 
176 4944 10355 15117 15643 2746 
177 4909 10190 15166 15678 2811 
178 4918 10002 15111 15626 2819 
179 4919 9656 15160 15462 2743 
180 4790 9552 15062 15428 2873 
181 4840 9291 15004 15328 2868 
182 4840 8999 14908 15138 2838 
183 4782 8752 14817 15074 2854 
184 4774 8649 14800 14948 2825 
185 4720 8500 14873 14659 2880 
186 4675 8346 14718 14458 2914 
187 4578 8172 14559 14258 2890 
188 4586 7768 14442 14036 2870 
189 4534 7605 14314 13807 2854 
190 4470 7403 14286 13471 2769 
191 4376 7124 14183 13214 2725 
192 4286 7083 13985 12990 2659 
193 4233 6954 13729 12602 2609 
194 4137 6683 13399 12320 2522 
195 3875 6473 13165 11983 2512 
196 3833 6410 12938 11786 2506 
197 3731 6181 12486 11546 2446 
198 3701 5994 12064 11268 2501 
199 3668 5878 11996 11009 2485 
200 3601 5667 11855 10737 2407 
201 3516 5442 11681 10559 2350 
202 3411 5256 11394 10261 2328 
203 3372 5021 11188 10007 2315 
204 3314 4817 10915 9872 2315 
205 3220 4709 10568 9575 2233 
206 3163 4551 10264 9279 2198 
207 3130 4310 9920 8956 2087 
208 3046 4211 9803 8680 2011 
209 2889 4127 9515 8418 1947 
210 2790 4019 9275 8178 1938 
211 2709 3893 9117 7998 1896 
212 2658 3868 8813 7646 1853 
213 2531 3802 8439 7465 1777 
214 2475 3670 8093 7274 1744 
215 2346 3446 7889 7105 1678 
216 2252 3389 7544 6819 1601 
217 2212 3297 7383 6457 1547 
218 2186 3086 7308 6334 1451 
219 2116 2937 7086 6162 1457 
220 2033 2831 6887 5965 1420 
221 1910 2757 6677 5892 1346 
222 1884 2631 6513 5637 1316 
223 1801 2524 6249 5409 1297 
224 1730 2442 5938 5188 1272 
225 1658 2323 5677 4965 1246 
226 1564 2295 5441 4740 1237 
227 1520 2252 5269 4476 1191 
228 1511 2140 5186 4390 1107 
229 1478 1995 5029 4195 1105 
230 1443 1903 4857 4001 1071 
231 1394 1901 4743 3834 1044 
232 1309 1785 4585 3776 997 
233 1305 1671 4397 3675 974 
234 1278 1597 4090 3606 935 
235 1215 1535 3966 3503 903 
236 1210 1527 3802 3352 881 
237 1159 1501 3667 3248 882 
238 1139 1450 3517 3189 823 
239 1081 1418 3393 3039 783 
240 1052 1293 3219 2883 763 
241 1037 1295 3112 2734 748 
242 1035 1244 3018 2671 720 
243 986 1216 2953 2533 689 
244 931 1168 2808 2450 656 
245 937 1117 2657 2372 625 
246 860 1062 2549 2268 585 
247 820 1001 2425 2196 552 
248 784 941 2330 2071 510 
249 748 916 2280 1953 520 
250 685 862 2165 1897 483 
251 673 835 2030 1868 465 
252 653 802 1976 1753 429 
253 617 754 1904 1680 395 
254 608 716 1803 1563 378 
255 572 698 1728 1515 366 
256 523 656 1662 1455 353 
257 502 633 1657 1384 350 
258 475 592 1569 1351 327 
259 471 581 1476 1282 300 
260 445 551 1420 1257 299 
261 414 523 1350 1216 275 
262 367 500 1274 1164 267 
263 342 463 1216 1106 272 
264 351 449 1156 1075 247 
265 327 436 1056 1034 245 
266 335 418 1013 986 234 
267 341 403 986 957 235 
268 335 371 959 932 231 
269 319 361 970 901 238 
270 299 352 905 845 238 
271 276 327 853 796 211 
272 256 315 825 775 193 
273 253 288 810 721 173 
274 240 271 754 684 150 
275 233 248 728 658 135 
276 231 257 680 660 136 
277 223 238 663 655 136 
278 210 249 638 610 112 
279 211 241 641 544 114 
280 205 227 660 520 109 
281 182 226 620 529 97 
282 197 210 585 509 97 
283 191 196 572 496 83 
284 172 187 536 473 93 
285 169 193 481 459 89 
286 170 181 454 429 76 
287 170 188 425 405 75 
288 162 180 392 359 68 
289 159 169 405 329 61 
290 150 175 382 303 55 
291 135 165 370 301 57 
292 132 167 344 269 45 
293 122 164 304 262 44 
294 119 152 296 228 42 
295 117 138 265 226 37 
296 107 134 261 229 33 
297 114 117 255 223 26 
298 115 116 237 190 25 
299 115 105 236 189 23 
300 99 92 219 188 21 
301 103 96 201 166 22 
302 104 109 180 179 17 
303 107 107 191 173 17 
304 99 108 167 159 13 
305 92 105 159 143 14 
306 81 101 157 132 10 
307 75 98 153 143 9 
308 68 78 150 147 11 
309 59 79 142 158 11 
310 70 69 143 162 10 
311 74 64 138 166 5 
312 65 66 133 166 4 
313 67 56 126 158 3 
314 73 56 126 155 1 
315 68 63 140 158 3 
316 63 59 133 144 1 
317 56 61 133 151 0 
318 65 59 125 139 0 
319 52 63 110 140 0 
320 46 62 112 140 0 
321 44 64 118 149 1 
322 38 59 99 154 2 
323 39 56 107 151 1 
324 38 57 100 133 2 
325 36 49 104 122 1 
326 35 47 107 122 1 
327 32 40 105 120 3 
328 27 39 101 129 2 
329 30 39 96 125 2 
330 32 39 92 122 0 
331 31 36 81 107 1 
332 32 38 74 100 0 
333 30 35 66 91 0 
334 29 30 62 92 3 
335 25 28 51 74 4 
336 29 31 62 65 4 
337 23 31 50 59 6 
338 20 28 45 57 5 
339 25 29 42 59 3 
340 24 28 40 36 2 
341 25 25 34 39 2 
342 28 27 39 40 2 
343 27 22 38 38 2 
344 21 27 39 38 1 
345 18 26 36 32 2 
346 19 24 35 27 4 
347 11 25 31 23 3 
348 12 19 31 25 5 
349 10 21 28 27 5 
350 7 16 28 28 4 
351 6 17 21 32 4 
352 4 18 23 30 2 
353 5 22 22 26 0 
354 4 20 23 26 0 
355 1 24 24 21 0 
356 0 22 23 15 0 
357 0 18 18 17 0 
358 0 12 25 18 2 
359 1 12 20 22 2 
360 2 6 16 25 3 
361 3 6 20 23 4 
362 6 7 19 16 5 
363 3 8 16 13 4 
364 3 11 14 7 6 
365 6 12 16 7 7 
366 7 10 13 6 9 
367 6 10 13 10 5 
368 8 9 16 8 3 
369 6 12 13 9 2 
370 8 14 12 7 2 
371 6 12 10 9 4 
372 6 8 10 12 4 
373 6 8 7 9 4 
374 5 6 10 12 5 
375 8 5 6 11 5 
376 10 8 5 5 3 
377 10 8 5 7 1 
378 9 8 6 7 1 
379 8 6 4 8 1 
380 8 6 4 4 1 
381 5 6 4 0 2 
382 3 7 5 0 2 
383 2 4 6 0 1 
384 2 2 7 0 1 
385 1 1 5 0 1 
386 1 1 4 0 1 
387 0 1 5 0 0 
388 3 1 5 0 0 
389 1 2 4 0 0 
390 2 2 2 1 0 
391 1 0 2 1 0 
392 2 0 3 0 0 
393 3 0 3 0 0 
394 2 0 2 0 0 
395 1 0 3 0 0 
396 0 0 3 0 0 
397 0 0 5 0 0 
398 0 0 5 0 0 
399 1 0 6 0 0 
400 3 0 7 0 0 
401 2 0 7 0 0 
402 3 0 9 0 0 
403 2 0 10 0 0 
404 1 0 11 0 0 
405 1 0 11 1 0 
406 2 0 7 1 0 
407 0 0 6 1 0 
408 0 0 7 1 0 
409 0 0 5 1 0 
410 1 0 3 1 0 
411 0 1 4 1 0 
412 0 1 3 1 0 
413 0 1 2 1 0 
414 0 0 2 1 0 
415 0 0 0 2 0 
416 0 0 0 2 0 
417 0 0 0 3 0 
418 0 0 0 2 0 
419 1 2 0 2 0 
420 0 0 0 1 0 
421 0 0 0 1 0 
422 0 0 0 1 0 
423 0 0 0 2 0 
424 0 0 0 3 0 
425 0 0 0 3 0 
426 0 0 0 2 0 
427 0 0 0 3 0 
428 0 0 0 3 0 
429 0 0 0 3 0 
430 0 0 0 3 0 
431 0 0 0 2 0 
432 0 0 0 2 0 
433 0 0 0 1 0 
434 0 0 0 1 0 
435 1 0 0 2 0 
436 1 0 0 1 0 
437 2 0 0 0 0 
438 1 0 0 0 0 
439 1 0 0 0 0 
440 1 0 0 0 0 
441 1 0 0 0 0 
442 1 0 0 0 0 
443 2 0 0 0 0 
444 2 0 0 0 0 
445 4 0 0 0 0 
446 3 0 0 0 0 
447 3 0 0 0 0 
448 1 0 0 0 0 
449 1 0 0 0 0 
450 1 0 0 0 0 
451 0 0 0 0 0 
