1 0 4 0 0 0 
2 0 6 0 0 0 
3 0 10 0 1 0 
4 0 7 2 0 0 
5 1 5 0 1 0 
6 1 4 1 0 0 
7 1 5 1 0 0 
8 1 4 1 2 0 
9 0 2 2 0 0 
10 0 6 2 1 0 
11 2 4 2 0 0 
12 1 8 7 2 0 
13 1 7 8 2 0 
14 3 4 7 2 1 
15 3 9 2 3 3 
16 1 12 7 1 3 
17 4 10 6 6 5 
18 5 10 3 5 4 
19 5 12 5 4 5 
20 4 11 9 5 4 
21 5 16 4 2 1 
22 4 10 7 6 3 
23 4 12 5 11 0 
24 4 12 7 7 0 
25 6 21 9 2 0 
26 7 15 7 8 0 
27 3 12 5 7 3 
28 4 18 6 3 0 
29 6 18 4 11 0 
30 7 16 11 9 0 
31 2 24 5 12 0 
32 4 19 12 14 0 
33 6 18 7 21 0 
34 8 30 8 15 0 
35 8 35 5 23 0 
36 10 31 8 28 0 
37 4 39 7 30 2 
38 8 39 9 30 5 
39 8 42 5 30 8 
40 11 43 10 25 10 
41 3 61 8 22 6 
42 12 56 10 31 6 
43 10 72 13 19 4 
44 15 79 11 17 9 
45 10 82 14 20 6 
46 8 77 11 31 1 
47 7 89 18 31 3 
48 15 82 24 43 2 
49 18 78 12 44 1 
50 16 94 18 46 0 
51 13 101 19 55 4 
52 19 124 23 47 4 
53 26 95 39 56 5 
54 16 124 37 74 9 
55 28 145 31 62 7 
56 18 135 27 52 7 
57 17 148 30 77 5 
58 21 130 43 89 6 
59 25 166 43 93 4 
60 43 154 54 90 7 
61 38 161 42 96 4 
62 37 172 59 89 6 
63 37 159 64 98 7 
64 30 167 75 98 13 
65 37 178 69 93 8 
66 35 190 76 84 9 
67 31 208 82 99 8 
68 35 232 88 101 15 
69 25 223 108 104 13 
70 34 242 103 112 14 
71 55 243 106 112 19 
72 48 302 107 110 15 
73 53 324 105 114 26 
74 48 333 118 114 19 
75 79 367 131 116 22 
76 48 346 131 144 24 
77 63 362 127 144 22 
78 66 402 165 130 23 
79 66 381 178 137 21 
80 60 412 194 158 17 
81 80 445 184 186 22 
82 88 423 184 176 23 
83 84 413 195 191 16 
84 112 445 206 215 24 
85 87 476 246 243 21 
86 90 456 278 264 27 
87 104 522 269 272 24 
88 89 535 268 295 27 
89 115 572 292 316 27 
90 100 606 294 336 36 
91 107 651 285 343 30 
92 132 716 308 392 25 
93 134 731 351 388 26 
94 149 754 323 398 32 
95 137 798 354 493 41 
96 149 869 361 478 32 
97 181 853 398 478 38 
98 181 865 388 500 38 
99 188 950 447 510 52 
100 186 963 443 545 46 
101 192 1046 456 621 70 
102 216 1085 527 607 56 
103 227 1062 560 599 80 
104 229 1181 532 650 88 
105 217 1228 584 679 96 
106 246 1267 633 753 89 
107 257 1355 622 699 89 
108 287 1340 685 774 103 
109 316 1415 714 826 114 
110 308 1458 737 877 105 
111 375 1591 830 878 128 
112 367 1626 839 993 141 
113 381 1666 915 985 151 
114 397 1690 899 1013 134 
115 402 1766 899 1097 151 
116 450 1858 935 1144 140 
117 410 1913 961 1137 162 
118 480 1992 1071 1158 184 
119 478 2046 1084 1202 159 
120 475 2162 1152 1351 193 
121 513 2145 1270 1407 180 
122 522 2162 1249 1449 212 
123 562 2204 1316 1532 206 
124 562 2454 1398 1539 229 
125 595 2419 1453 1585 252 
126 616 2567 1564 1732 279 
127 646 2738 1593 1755 273 
128 615 2846 1656 1778 287 
129 676 2815 1649 1914 293 
130 731 2898 1753 2023 329 
131 717 2971 1901 2051 325 
132 688 3000 1966 2140 386 
133 763 3057 1912 2303 384 
134 777 3230 2057 2438 396 
135 819 3217 2176 2502 443 
136 826 3221 2224 2651 430 
137 943 3378 2317 2689 444 
138 920 3602 2380 2800 483 
139 895 3526 2485 2893 473 
140 960 3605 2562 2921 486 
141 1028 3641 2678 3142 479 
142 1026 3772 2771 3251 505 
143 1087 3785 2929 3253 537 
144 1083 3821 2895 3356 544 
145 1145 3889 3159 3563 594 
146 1183 3916 3119 3547 511 
147 1233 3878 3253 3667 590 
148 1263 4035 3284 3964 626 
149 1239 3890 3424 3868 635 
150 1266 4015 3554 3924 689 
151 1330 3941 3664 4034 678 
152 1304 4016 3800 4163 683 
153 1325 3966 3807 4189 733 
154 1386 3925 3921 4258 776 
155 1402 4026 3952 4301 773 
156 1341 3936 4123 4342 788 
157 1449 3966 4233 4464 806 
158 1470 3994 4237 4617 841 
159 1524 3740 4385 4614 851 
160 1645 3792 4580 4781 910 
161 1519 3825 4643 4793 957 
162 1558 3774 4616 4831 912 
163 1614 3669 4638 4795 945 
164 1605 3704 4696 5011 977 
165 1576 3642 4741 5053 994 
166 1579 3655 4823 5087 977 
167 1601 3592 4966 5026 1028 
168 1602 3460 4995 5123 972 
169 1583 3465 5025 4994 991 
170 1603 3441 5111 5161 1022 
171 1599 3434 5115 5103 984 
172 1555 3396 5095 5047 1070 
173 1687 3394 5166 5090 1032 
174 1635 3302 5123 5061 1047 
175 1634 3213 5258 5151 993 
176 1696 3085 5229 4973 1074 
177 1702 3004 5093 4884 1055 
178 1588 2982 5081 4964 1001 
179 1559 2901 5015 4817 980 
180 1536 2807 5005 4709 982 
181 1550 2740 4946 4818 1050 
182 1542 2712 4858 4677 1039 
183 1542 2617 5002 4660 1019 
184 1453 2557 4930 4505 946 
185 1507 2428 4775 4449 981 
186 1476 2370 4737 4347 987 
187 1545 2340 4963 4207 890 
188 1395 2427 4682 4322 937 
189 1431 2368 4777 4188 911 
190 1415 2241 4640 4191 835 
191 1452 2156 4525 4091 860 
192 1333 1952 4430 4224 812 
193 1312 2072 4420 4045 885 
194 1289 1908 4363 4062 759 
195 1281 2012 4208 3850 830 
196 1254 1853 4099 3776 773 
197 1194 1788 4060 3638 736 
198 1289 1768 3972 3421 707 
199 1116 1836 3797 3449 710 
200 1183 1755 3819 3454 714 
201 1117 1600 3700 3281 677 
202 1038 1524 3626 3199 678 
203 1086 1570 3473 2979 711 
204 1071 1463 3442 2979 653 
205 1044 1456 3370 2772 639 
206 996 1369 3226 2711 637 
207 991 1295 3354 2715 625 
208 985 1295 3162 2708 574 
209 896 1188 3040 2597 569 
210 857 1183 2881 2461 556 
211 826 1239 2872 2486 580 
212 835 1174 2791 2365 559 
213 814 1061 2621 2307 523 
214 822 1065 2705 2333 546 
215 777 968 2682 2141 471 
216 779 973 2484 2103 416 
217 756 892 2512 2045 456 
218 741 937 2352 2041 468 
219 716 891 2217 1984 395 
220 618 881 2152 1900 368 
221 629 782 2195 1737 377 
222 581 784 1969 1770 379 
223 602 754 2030 1749 355 
224 560 725 1850 1668 331 
225 549 689 1846 1603 354 
226 538 679 1783 1584 350 
227 517 658 1751 1516 325 
228 458 620 1682 1475 292 
229 477 557 1574 1346 314 
230 410 526 1530 1362 296 
231 472 517 1480 1256 272 
232 421 501 1402 1197 257 
233 413 503 1354 1169 247 
234 386 457 1284 1164 270 
235 360 468 1285 1087 235 
236 382 433 1189 988 223 
237 356 409 1160 940 218 
238 320 397 1148 928 229 
239 329 394 1058 913 195 
240 341 408 1091 868 197 
241 297 402 997 809 182 
242 277 344 963 768 160 
243 275 369 918 748 177 
244 256 350 876 675 181 
245 265 294 800 628 190 
246 223 325 744 646 160 
247 246 316 731 616 153 
248 227 293 725 577 156 
249 212 281 643 534 136 
250 189 258 687 549 157 
251 198 278 673 516 137 
252 191 217 640 529 132 
253 181 247 585 480 111 
254 193 248 565 458 128 
255 151 227 508 432 99 
256 182 216 447 423 95 
257 174 201 456 386 114 
258 172 209 479 414 95 
259 149 206 443 362 94 
260 143 185 412 326 85 
261 151 172 390 318 76 
262 106 201 340 319 82 
263 141 178 336 289 74 
264 96 148 331 300 72 
265 122 159 342 276 64 
266 111 116 364 271 73 
267 102 133 316 266 67 
268 76 147 293 250 48 
269 82 137 283 237 63 
270 80 122 311 243 62 
271 84 94 266 232 46 
272 73 115 299 184 44 
273 60 105 250 186 51 
274 65 92 234 173 49 
275 56 89 238 175 59 
276 48 75 230 189 45 
277 64 71 219 166 47 
278 62 81 218 163 39 
279 46 68 193 172 36 
280 60 58 199 144 36 
281 72 73 187 128 45 
282 44 61 169 154 32 
283 54 65 156 135 32 
284 57 57 142 131 36 
285 52 53 143 136 39 
286 44 39 145 105 26 
287 31 49 135 130 24 
288 37 61 103 111 18 
289 35 34 130 121 32 
290 35 28 117 86 30 
291 37 35 102 86 21 
292 28 22 76 92 29 
293 28 26 93 88 21 
294 22 40 70 80 21 
295 20 35 72 83 14 
296 17 24 46 74 15 
297 25 19 52 74 16 
298 16 31 48 64 14 
299 19 22 38 51 22 
300 13 22 58 69 15 
301 22 15 48 65 13 
302 9 24 58 67 21 
303 18 13 51 61 17 
304 15 12 56 55 23 
305 14 25 41 63 16 
306 16 15 39 56 10 
307 13 19 44 57 9 
308 18 18 46 70 11 
309 21 20 45 44 12 
310 9 18 39 41 4 
311 13 10 38 49 7 
312 9 12 42 60 9 
313 4 16 36 35 7 
314 5 13 30 46 7 
315 9 19 39 52 9 
316 11 12 46 36 10 
317 8 11 30 36 10 
318 6 12 35 33 11 
319 8 12 28 38 5 
320 8 5 36 30 3 
321 4 8 24 31 10 
322 8 16 38 27 8 
323 6 9 26 27 6 
324 8 10 24 22 6 
325 2 16 29 20 4 
326 7 6 29 26 0 
327 2 15 27 23 5 
328 6 18 21 27 5 
329 9 10 27 27 3 
330 7 11 24 21 8 
331 4 15 22 21 3 
332 8 21 14 24 4 
333 6 15 19 25 8 
334 10 8 16 23 6 
335 12 15 17 20 11 
336 10 7 20 14 17 
337 3 9 13 13 10 
338 7 7 17 14 6 
339 14 11 16 16 7 
340 4 11 13 13 6 
341 7 10 22 14 11 
342 4 9 13 20 6 
343 7 15 13 14 5 
344 6 9 15 18 5 
345 6 6 10 14 10 
346 11 9 11 14 6 
347 5 17 8 20 5 
348 5 8 14 15 5 
349 3 7 6 12 7 
350 3 4 9 18 7 
351 8 7 9 24 3 
352 2 10 8 14 5 
353 2 11 5 10 9 
354 4 5 4 14 4 
355 3 7 6 17 7 
356 3 6 7 20 6 
357 4 6 5 21 4 
358 1 6 4 20 5 
359 1 3 10 12 1 
360 2 10 2 9 0 
361 1 11 10 12 4 
362 3 8 8 11 2 
363 4 8 7 9 0 
364 1 9 6 13 5 
365 2 4 8 12 1 
366 1 6 8 16 2 
367 1 5 8 12 0 
368 2 6 5 16 3 
369 1 4 10 8 0 
370 0 2 7 14 1 
371 1 2 6 13 0 
372 3 2 5 16 0 
373 0 1 6 6 0 
374 1 0 4 8 0 
375 1 0 4 8 0 
376 0 0 3 9 0 
377 1 1 4 5 0 
378 1 0 4 4 0 
379 1 1 9 5 0 
380 2 1 5 5 0 
381 1 1 2 6 0 
382 0 1 5 7 0 
383 1 0 8 6 0 
384 0 0 3 13 0 
385 1 0 2 6 0 
386 0 0 2 0 0 
387 0 0 4 4 0 
388 0 0 2 4 1 
389 1 0 6 3 0 
390 0 0 1 5 0 
391 0 0 2 4 0 
392 0 0 4 3 0 
393 0 0 2 2 0 
394 0 0 1 5 0 
395 0 0 1 7 0 
396 0 1 1 4 0 
397 0 1 1 4 0 
398 0 1 5 1 0 
399 0 3 1 8 0 
400 0 1 2 5 2 
401 0 0 2 3 0 
402 0 1 0 1 0 
403 1 0 1 5 0 
404 0 0 1 5 0 
405 0 1 1 3 0 
406 0 0 0 9 0 
407 0 0 1 3 0 
408 0 0 2 6 0 
409 1 0 3 6 0 
410 0 0 1 4 0 
411 0 0 2 5 0 
412 0 0 0 2 0 
413 1 0 0 3 0 
414 0 0 1 10 0 
415 1 0 2 5 0 
416 0 0 1 5 0 
417 0 0 2 5 0 
418 1 1 0 3 0 
419 0 1 0 3 0 
420 0 0 0 5 0 
421 0 0 0 5 0 
422 2 0 0 3 0 
423 0 0 0 6 0 
424 3 0 0 2 0 
425 0 0 2 1 0 
426 1 0 0 1 0 
427 0 0 1 2 0 
428 0 1 0 2 0 
429 1 0 0 3 0 
430 0 0 0 3 0 
431 0 0 1 1 0 
432 1 0 1 1 0 
433 0 0 0 1 0 
434 1 0 1 1 0 
435 0 0 0 5 0 
436 0 0 0 5 0 
437 0 0 0 0 0 
438 0 0 0 2 0 
439 0 0 0 1 0 
440 0 0 0 2 0 
441 0 0 0 4 0 
442 0 0 0 4 0 
443 0 0 0 2 0 
444 0 0 0 2 0 
445 0 0 0 0 0 
446 0 0 0 1 0 
447 0 0 0 2 0 
448 0 0 0 0 0 
449 0 0 0 1 0 
450 0 0 1 0 0 
451 0 0 0 0 0 
452 0 0 0 2 0 
453 0 0 0 1 0 
454 0 0 0 2 0 
455 0 0 0 1 0 
456 0 0 0 0 0 
457 0 0 0 1 0 
458 0 0 0 2 0 
459 0 0 0 1 0 
460 0 0 1 2 0 
461 2 0 0 3 0 
462 1 0 0 3 0 
463 0 0 1 3 0 
464 0 0 0 2 0 
465 0 0 1 4 0 
466 0 0 0 2 0 
467 0 0 0 2 0 
468 0 0 0 2 0 
469 0 0 0 1 0 
470 0 0 0 0 0 
471 0 0 0 1 0 
472 0 0 1 0 0 
473 0 0 1 0 0 
474 0 0 1 0 0 
475 0 0 0 0 0 
476 0 0 1 0 0 
