1 0 2 0 0 0 
2 0 5 0 0 0 
3 0 6 0 0 0 
4 0 4 0 0 0 
5 0 7 0 0 0 
6 0 11 0 0 0 
7 0 5 0 0 0 
8 0 8 0 0 0 
9 0 8 0 0 0 
10 0 8 0 0 0 
11 0 6 0 0 0 
12 2 2 0 0 0 
13 1 4 0 0 0 
14 1 6 0 0 0 
15 0 4 0 1 0 
16 2 3 0 0 0 
17 2 7 1 1 0 
18 1 6 0 2 0 
19 0 8 0 0 0 
20 3 10 0 2 0 
21 1 7 0 0 0 
22 1 12 0 1 2 
23 3 11 1 0 1 
24 1 18 2 3 1 
25 1 29 0 3 1 
26 6 21 0 3 2 
27 9 22 6 2 2 
28 2 23 0 5 1 
29 6 37 2 1 4 
30 7 37 5 1 4 
31 5 34 1 3 1 
32 6 33 3 4 2 
33 3 29 3 6 4 
34 4 33 3 1 4 
35 2 32 3 6 1 
36 1 22 5 6 5 
37 4 32 3 6 2 
38 3 43 3 4 2 
39 1 47 7 5 2 
40 4 41 13 3 4 
41 6 49 11 9 3 
42 6 60 8 15 4 
43 6 48 9 8 1 
44 9 61 18 15 2 
45 13 73 13 7 3 
46 18 66 29 17 5 
47 11 80 25 16 6 
48 16 86 21 12 2 
49 16 88 25 18 5 
50 20 113 20 17 5 
51 13 98 19 28 3 
52 17 99 23 33 5 
53 17 106 20 16 6 
54 15 118 28 23 4 
55 9 122 26 18 4 
56 8 138 38 23 3 
57 17 126 41 25 8 
58 18 149 38 24 7 
59 12 145 40 36 14 
60 14 162 47 32 6 
61 25 163 51 32 11 
62 21 137 53 38 4 
63 18 169 48 29 7 
64 24 172 57 25 8 
65 22 188 68 43 12 
66 28 191 69 38 12 
67 24 211 73 57 9 
68 39 229 62 43 9 
69 32 250 64 59 4 
70 39 226 78 65 9 
71 38 292 86 74 10 
72 32 311 84 79 13 
73 42 321 99 87 10 
74 39 323 106 101 8 
75 38 332 91 102 4 
76 32 312 110 100 4 
77 33 368 105 119 8 
78 45 380 113 141 8 
79 53 413 125 137 14 
80 58 447 156 145 12 
81 62 439 154 137 19 
82 72 536 174 161 21 
83 68 513 187 160 19 
84 94 518 182 186 28 
85 105 551 209 188 32 
86 92 558 243 204 35 
87 104 627 264 213 40 
88 88 610 281 206 33 
89 101 655 305 275 22 
90 121 707 280 278 31 
91 120 690 318 278 32 
92 125 763 349 336 33 
93 149 760 324 312 50 
94 139 768 399 362 42 
95 180 850 379 368 48 
96 191 854 397 364 37 
97 185 841 414 396 46 
98 183 920 427 383 59 
99 185 976 432 415 50 
100 171 1038 448 470 73 
101 208 997 490 519 56 
102 193 1081 496 516 58 
103 238 1140 502 568 75 
104 264 1233 555 544 61 
105 239 1254 567 629 74 
106 249 1305 584 598 77 
107 252 1392 652 701 81 
108 307 1451 675 694 87 
109 304 1523 723 717 89 
110 345 1646 770 819 113 
111 312 1612 753 857 98 
112 356 1738 868 883 110 
113 394 1713 854 919 134 
114 399 1903 898 974 117 
115 415 1861 952 998 136 
116 439 1924 991 1038 136 
117 445 1968 1034 1139 172 
118 452 1953 1094 1230 184 
119 481 2119 1174 1284 199 
120 513 2170 1204 1301 191 
121 506 2322 1251 1349 196 
122 565 2266 1336 1464 192 
123 561 2374 1471 1441 219 
124 574 2473 1442 1540 251 
125 550 2578 1502 1648 277 
126 648 2710 1621 1743 281 
127 672 2711 1712 1835 292 
128 653 2783 1812 1940 305 
129 705 2808 1785 1963 317 
130 756 2855 1984 2058 341 
131 849 2950 1997 2230 366 
132 778 2962 2173 2219 343 
133 845 3089 2137 2415 360 
134 836 3217 2259 2513 389 
135 883 3226 2470 2658 437 
136 904 3186 2444 2677 405 
137 1005 3343 2589 2785 455 
138 955 3352 2630 2955 446 
139 956 3463 2704 3062 470 
140 1042 3441 2756 3102 508 
141 1041 3480 2749 3254 554 
142 1044 3586 2946 3336 616 
143 1137 3585 3179 3526 637 
144 1114 3599 3108 3518 615 
145 1193 3632 3267 3551 686 
146 1177 3647 3426 3771 716 
147 1196 3732 3339 3862 737 
148 1254 3739 3582 3955 772 
149 1222 3923 3661 4039 803 
150 1302 3858 3773 4193 812 
151 1430 3929 3847 4297 762 
152 1322 3933 3880 4451 817 
153 1382 3907 3896 4488 763 
154 1414 3901 4004 4669 836 
155 1381 3984 4103 4588 824 
156 1481 3837 4166 4751 800 
157 1492 3744 4329 4754 892 
158 1461 3937 4427 4892 886 
159 1463 3750 4591 5000 849 
160 1562 3812 4626 5045 984 
161 1527 3867 4748 5076 916 
162 1589 3761 4731 5142 929 
163 1592 3705 4906 5182 919 
164 1649 3728 4938 5143 962 
165 1646 3690 4940 5244 961 
166 1696 3702 5048 5253 996 
167 1651 3627 5162 5393 973 
168 1716 3630 5210 5443 1001 
169 1761 3626 5289 5309 1045 
170 1693 3523 5347 5376 1009 
171 1713 3478 5297 5281 1036 
172 1680 3303 5299 5369 1054 
173 1762 3218 5318 5285 989 
174 1707 3290 5276 5285 1002 
175 1766 3286 5232 5156 1000 
176 1667 3192 5230 5090 977 
177 1699 3160 5166 5058 965 
178 1581 3041 5267 5176 931 
179 1626 2958 5139 5087 922 
180 1686 2896 5064 5060 982 
181 1548 2828 5114 5008 1016 
182 1595 2732 5047 4965 950 
183 1529 2741 4966 4805 946 
184 1562 2658 4950 4600 964 
185 1497 2581 5014 4617 936 
186 1497 2545 4822 4426 876 
187 1462 2495 4744 4528 883 
188 1377 2472 4772 4374 851 
189 1353 2462 4587 4243 948 
190 1397 2352 4543 4155 811 
191 1377 2233 4503 4013 867 
192 1298 2229 4309 3999 832 
193 1322 2121 4408 3927 839 
194 1309 2010 4255 3836 815 
195 1359 1958 4257 3783 802 
196 1273 1917 4158 3799 782 
197 1209 1842 4000 3659 744 
198 1167 1704 3871 3559 727 
199 1072 1734 3771 3413 740 
200 1103 1652 3816 3474 730 
201 1063 1610 3654 3295 703 
202 1064 1572 3448 3144 679 
203 999 1489 3505 3047 698 
204 982 1443 3303 3169 666 
205 961 1419 3329 2918 680 
206 927 1364 3192 2906 614 
207 929 1386 3099 2777 585 
208 857 1318 2957 2622 629 
209 890 1244 2866 2655 576 
210 823 1216 2782 2553 554 
211 823 1211 2749 2354 566 
212 825 1089 2627 2355 549 
213 815 1042 2646 2207 478 
214 780 963 2409 2224 475 
215 706 958 2469 1983 480 
216 684 925 2342 1974 435 
217 707 884 2299 1939 419 
218 657 877 2261 1813 419 
219 684 819 2189 1782 405 
220 648 797 2089 1668 375 
221 622 778 1888 1618 396 
222 563 743 1815 1532 391 
223 505 748 1765 1467 368 
224 515 680 1785 1433 305 
225 468 604 1634 1371 309 
226 496 661 1675 1296 346 
227 520 574 1636 1319 296 
228 474 534 1544 1180 286 
229 413 527 1480 1191 263 
230 438 524 1356 1156 252 
231 447 488 1398 1107 241 
232 413 539 1388 1083 234 
233 429 494 1249 1039 235 
234 354 471 1236 1023 216 
235 360 406 1177 950 185 
236 375 447 1131 901 183 
237 333 383 1110 859 207 
238 300 393 1010 821 199 
239 334 366 1016 827 194 
240 315 387 954 757 184 
241 304 402 902 699 156 
242 272 381 943 632 164 
243 242 335 857 657 156 
244 267 311 839 609 152 
245 261 304 753 591 159 
246 242 320 738 545 148 
247 248 314 682 496 140 
248 206 310 661 490 130 
249 223 295 655 475 130 
250 215 250 617 487 123 
251 221 251 630 449 131 
252 203 241 590 410 127 
253 201 230 567 422 119 
254 188 209 568 375 115 
255 179 198 546 405 114 
256 139 185 537 385 100 
257 158 184 549 321 89 
258 133 160 471 336 87 
259 147 169 432 363 91 
260 133 156 408 348 77 
261 143 167 420 330 82 
262 143 173 404 294 81 
263 139 149 431 275 69 
264 142 142 372 299 75 
265 133 146 372 279 51 
266 86 123 371 252 49 
267 97 132 345 243 39 
268 103 144 328 248 48 
269 93 117 326 233 45 
270 94 128 315 237 45 
271 93 132 264 240 40 
272 96 116 277 192 36 
273 69 111 238 190 21 
274 98 105 246 177 39 
275 87 109 231 178 29 
276 56 103 225 175 25 
277 68 89 193 153 25 
278 76 80 177 154 29 
279 60 76 193 134 27 
280 88 86 165 123 29 
281 73 76 164 130 20 
282 47 64 153 139 12 
283 46 77 154 124 18 
284 51 67 147 95 16 
285 43 80 132 108 14 
286 47 74 118 101 20 
287 51 53 133 120 16 
288 54 66 117 92 9 
289 38 72 102 88 13 
290 37 56 93 96 11 
291 31 52 85 88 10 
292 37 61 83 94 19 
293 31 39 82 102 13 
294 25 38 81 89 23 
295 33 25 66 72 16 
296 28 48 51 69 16 
297 22 37 55 87 12 
298 15 35 56 85 14 
299 12 37 58 75 9 
300 12 28 50 66 14 
301 15 32 55 70 7 
302 15 30 53 65 15 
303 14 25 39 69 8 
304 14 26 39 52 9 
305 11 23 43 44 6 
306 13 18 46 41 7 
307 14 19 27 40 5 
308 12 18 39 45 7 
309 8 12 45 41 11 
310 13 22 28 50 4 
311 7 10 23 39 4 
312 11 9 29 34 10 
313 11 20 29 28 4 
314 11 16 30 47 7 
315 7 10 31 32 7 
316 10 10 32 33 5 
317 9 10 22 31 5 
318 13 12 26 16 7 
319 7 10 20 30 10 
320 9 12 14 28 7 
321 18 12 30 26 6 
322 17 11 23 28 5 
323 14 14 19 25 5 
324 8 16 27 24 7 
325 12 13 31 25 7 
326 6 7 31 22 5 
327 1 15 33 23 11 
328 13 8 28 19 6 
329 10 13 23 15 9 
330 10 9 21 17 5 
331 7 9 23 16 7 
332 8 12 17 14 5 
333 1 6 13 17 8 
334 6 8 10 17 8 
335 2 9 12 20 5 
336 6 9 12 25 11 
337 8 1 13 17 2 
338 4 6 12 14 6 
339 2 2 16 8 7 
340 2 6 11 14 9 
341 3 1 7 15 3 
342 4 1 17 9 4 
343 2 2 8 14 2 
344 0 4 10 16 1 
345 3 1 13 10 1 
346 5 2 8 4 1 
347 0 1 7 14 1 
348 1 3 8 6 1 
349 0 1 5 4 1 
350 1 1 1 5 2 
351 1 2 2 7 0 
352 2 4 1 5 3 
353 0 7 2 7 4 
354 2 3 5 6 1 
355 1 2 6 8 0 
356 0 1 0 6 0 
357 0 2 1 10 0 
358 1 1 0 7 0 
359 1 3 0 5 0 
360 1 1 1 6 0 
361 0 1 2 5 0 
362 1 1 2 7 0 
363 0 0 0 7 0 
364 0 0 5 3 0 
365 0 1 1 2 0 
366 0 0 1 4 0 
367 1 1 1 3 0 
368 3 0 2 6 0 
369 0 2 3 7 0 
370 0 0 3 3 0 
371 0 1 0 3 0 
372 1 2 1 5 0 
373 4 0 0 3 0 
374 1 0 0 4 0 
375 0 0 3 3 0 
376 0 1 2 2 0 
377 0 0 0 4 0 
378 0 0 0 2 0 
379 0 1 0 2 0 
380 0 0 0 2 0 
381 0 0 2 0 0 
382 0 0 1 3 0 
383 0 0 0 0 0 
384 0 0 1 0 0 
385 0 0 0 1 0 
386 0 0 0 0 0 
387 0 0 0 0 0 
388 0 0 0 0 0 
389 0 0 0 1 0 
390 0 0 0 0 0 
391 0 0 0 0 0 
392 0 0 0 0 0 
