1 0 9 0 0 0 
2 0 8 0 0 0 
3 0 9 0 0 0 
4 0 10 0 0 0 
5 0 8 0 0 0 
6 0 8 0 2 0 
7 0 7 0 3 0 
8 0 6 0 1 1 
9 0 8 0 0 1 
10 0 10 0 0 0 
11 0 10 0 0 0 
12 0 16 0 0 0 
13 2 20 0 0 0 
14 4 19 0 0 0 
15 3 18 1 1 0 
16 2 13 0 1 0 
17 2 17 0 2 0 
18 2 20 0 4 0 
19 2 26 1 6 0 
20 5 24 0 6 0 
21 6 28 0 5 0 
22 4 25 1 6 1 
23 5 28 2 6 2 
24 5 32 1 6 2 
25 5 37 2 6 3 
26 6 34 2 6 4 
27 5 43 1 7 4 
28 6 51 4 7 7 
29 5 53 6 12 14 
30 6 50 5 8 19 
31 7 42 9 7 22 
32 6 37 12 9 25 
33 10 45 12 7 28 
34 8 48 12 9 27 
35 11 65 16 13 34 
36 10 73 15 10 33 
37 10 81 14 19 31 
38 7 90 12 25 35 
39 9 96 12 23 36 
40 16 92 15 34 34 
41 22 92 27 30 26 
42 19 93 35 24 30 
43 19 90 33 23 35 
44 20 104 37 20 47 
45 24 119 45 18 42 
46 22 121 47 21 42 
47 25 136 47 14 44 
48 26 150 50 16 49 
49 31 159 50 22 42 
50 30 161 52 35 39 
51 37 185 60 33 41 
52 35 209 63 37 50 
53 39 212 53 41 49 
54 44 251 59 44 51 
55 51 260 70 53 55 
56 45 291 76 64 63 
57 57 300 89 65 64 
58 60 297 87 67 69 
59 63 308 88 80 70 
60 75 314 90 81 67 
61 74 336 119 88 58 
62 74 354 125 86 57 
63 79 364 131 105 65 
64 74 344 142 119 79 
65 83 396 153 132 76 
66 86 431 190 153 84 
67 91 466 210 163 87 
68 89 486 233 173 92 
69 85 541 247 173 98 
70 87 556 238 200 91 
71 92 592 247 188 97 
72 91 635 265 212 94 
73 106 658 270 237 101 
74 106 660 269 264 110 
75 113 721 299 297 116 
76 136 736 322 311 116 
77 143 752 342 352 115 
78 162 783 353 394 133 
79 191 837 399 399 127 
80 222 888 414 444 125 
81 232 928 413 450 130 
82 243 938 429 494 141 
83 245 1015 458 501 150 
84 243 1052 456 538 168 
85 245 1106 511 555 174 
86 239 1192 566 583 177 
87 252 1249 610 645 187 
88 240 1391 639 642 198 
89 237 1438 681 692 225 
90 249 1474 734 750 234 
91 281 1559 809 794 233 
92 280 1588 850 870 241 
93 283 1637 929 907 256 
94 318 1729 963 927 260 
95 356 1824 1005 1032 265 
96 362 1919 1070 1009 268 
97 380 1997 1114 1042 278 
98 392 2074 1200 1119 295 
99 406 2212 1256 1173 316 
100 385 2305 1299 1285 357 
101 397 2459 1367 1343 381 
102 458 2628 1415 1401 392 
103 491 2793 1503 1487 404 
104 534 2914 1599 1582 403 
105 554 3058 1730 1655 430 
106 598 3206 1768 1686 418 
107 638 3327 1882 1768 436 
108 636 3489 1979 1838 418 
109 650 3600 2087 1991 418 
110 708 3758 2245 2113 445 
111 757 3902 2344 2220 473 
112 830 4135 2433 2305 499 
113 833 4381 2627 2408 511 
114 933 4519 2719 2504 515 
115 961 4713 2829 2723 542 
116 1030 4849 2942 2900 558 
117 1065 5106 2968 3088 579 
118 1141 5374 3149 3282 599 
119 1193 5583 3213 3418 602 
120 1292 5825 3356 3574 592 
121 1287 6029 3544 3809 604 
122 1383 6257 3683 3989 611 
123 1443 6519 3867 4165 688 
124 1506 6894 4114 4403 684 
125 1578 7184 4355 4655 710 
126 1646 7466 4540 4916 775 
127 1697 7822 4653 5230 785 
128 1834 8139 4887 5495 824 
129 1915 8456 4999 5669 862 
130 2027 8736 5364 5996 932 
131 2170 9002 5586 6193 940 
132 2240 9309 5861 6477 973 
133 2330 9540 6055 6700 1059 
134 2350 9882 6326 6905 1096 
135 2409 10124 6609 7225 1168 
136 2551 10425 6940 7562 1292 
137 2653 10628 7249 7788 1340 
138 2753 10975 7484 7973 1345 
139 2826 11249 7747 8227 1408 
140 2838 11459 8119 8499 1446 
141 2933 11634 8449 8864 1479 
142 3056 11794 8683 9175 1535 
143 3145 11980 8942 9413 1555 
144 3315 12280 9194 9745 1640 
145 3326 12256 9537 10194 1714 
146 3466 12204 9849 10440 1786 
147 3575 12368 10051 10671 1792 
148 3707 12368 10317 11061 1846 
149 3839 12448 10593 11379 1917 
150 3921 12480 10861 11897 1923 
151 3994 12543 11280 12076 1977 
152 4026 12627 11731 12401 1993 
153 4158 12793 11993 12837 2002 
154 4191 12875 12322 13014 2034 
155 4262 13047 12525 13331 2058 
156 4343 13149 12919 13617 2137 
157 4470 13073 13201 13857 2170 
158 4467 12933 13501 13933 2256 
159 4485 12823 13847 14099 2359 
160 4527 12749 14221 14310 2402 
161 4563 12578 14653 14554 2485 
162 4652 12476 14896 14640 2577 
163 4753 12409 15162 14760 2546 
164 4856 12311 15241 14987 2579 
165 4957 12190 15162 15167 2698 
166 5012 11902 15270 15330 2698 
167 5184 11729 15456 15727 2743 
168 5080 11461 15559 15873 2734 
169 5144 11333 15703 16073 2783 
170 5213 11091 15823 16098 2795 
171 5188 10972 15948 16192 2786 
172 5154 10843 15913 16064 2767 
173 5114 10565 15909 16112 2766 
174 5054 10296 16046 16200 2806 
175 5030 10030 16288 16216 2855 
176 4941 9816 16355 16098 2889 
177 4988 9603 16248 15848 2892 
178 5041 9399 16224 15891 2914 
179 4996 9276 15965 15651 2932 
180 5026 9126 15766 15468 2872 
181 4991 8953 15607 15463 2837 
182 4926 8815 15401 15226 2799 
183 4972 8680 15282 15172 2706 
184 4886 8358 15149 15001 2711 
185 4770 8332 14963 14892 2685 
186 4719 8149 14677 14731 2690 
187 4611 8024 14652 14403 2645 
188 4612 7681 14405 14370 2622 
189 4499 7347 14255 14111 2622 
190 4529 7217 14053 13940 2598 
191 4440 6918 13842 13688 2605 
192 4240 6643 13594 13488 2586 
193 4187 6460 13093 13134 2589 
194 4089 6285 12814 12942 2525 
195 4036 6002 12627 12662 2504 
196 3970 5857 12416 12382 2451 
197 3999 5721 12227 12247 2442 
198 3922 5629 12005 11808 2369 
199 3851 5512 11850 11457 2270 
200 3740 5354 11556 11145 2239 
201 3617 5210 11221 10730 2229 
202 3567 5056 10674 10469 2175 
203 3468 4898 10499 10147 2140 
204 3527 4664 10183 9804 2115 
205 3357 4541 9998 9512 2086 
206 3263 4366 9723 9228 2011 
207 3129 4209 9379 8935 1942 
208 3004 4040 9058 8630 1923 
209 2829 3915 8863 8402 1863 
210 2739 3735 8670 8100 1794 
211 2543 3624 8362 7925 1749 
212 2430 3479 8218 7666 1700 
213 2330 3448 7990 7396 1666 
214 2309 3333 7705 7136 1547 
215 2203 3243 7438 6936 1461 
216 2135 3142 7173 6612 1418 
217 2039 3033 6963 6360 1331 
218 1946 2896 6769 6134 1261 
219 1880 2898 6463 5986 1235 
220 1846 2799 6249 5771 1128 
221 1868 2699 5948 5549 1090 
222 1786 2637 5735 5278 1079 
223 1718 2503 5576 4989 1048 
224 1647 2366 5476 4836 1049 
225 1628 2267 5283 4695 962 
226 1588 2118 5094 4548 891 
227 1462 2015 4894 4306 824 
228 1359 1931 4721 4126 794 
229 1395 1903 4527 3967 744 
230 1327 1819 4400 3901 701 
231 1303 1699 4291 3764 697 
232 1230 1683 4161 3639 679 
233 1177 1650 3974 3465 643 
234 1130 1595 3879 3337 642 
235 1087 1519 3719 3130 593 
236 1039 1496 3557 3093 583 
237 1036 1482 3406 2994 594 
238 979 1366 3207 2891 549 
239 907 1308 2987 2801 516 
240 858 1272 2850 2666 498 
241 803 1201 2701 2623 506 
242 793 1112 2644 2510 498 
243 782 1044 2562 2417 457 
244 757 1046 2460 2297 443 
245 694 993 2350 2220 422 
246 677 964 2277 2146 387 
247 652 824 2156 2001 392 
248 639 770 2065 1906 358 
249 612 729 1970 1809 329 
250 613 707 1902 1728 340 
251 566 693 1813 1684 362 
252 564 656 1745 1629 335 
253 550 625 1718 1539 318 
254 547 598 1612 1484 298 
255 489 552 1531 1391 277 
256 447 529 1482 1345 270 
257 412 539 1393 1260 251 
258 389 542 1366 1227 231 
259 379 532 1359 1182 232 
260 363 495 1284 1112 245 
261 333 457 1216 1032 237 
262 308 449 1221 988 223 
263 273 437 1180 982 208 
264 283 395 1104 950 197 
265 298 418 1058 907 178 
266 308 399 1029 849 169 
267 273 384 978 845 156 
268 257 366 955 804 141 
269 246 345 909 771 143 
270 254 326 881 768 147 
271 253 315 818 732 140 
272 222 309 807 707 141 
273 224 277 800 673 141 
274 216 262 759 654 134 
275 200 257 752 641 126 
276 187 257 709 598 115 
277 188 250 645 568 122 
278 192 224 646 538 122 
279 202 228 625 507 117 
280 207 225 591 491 116 
281 178 222 571 481 123 
282 178 201 564 457 126 
283 163 196 532 435 126 
284 149 178 481 421 124 
285 143 176 472 400 103 
286 144 151 455 367 96 
287 134 149 428 339 97 
288 135 144 416 321 83 
289 126 137 366 308 86 
290 98 140 350 298 71 
291 75 133 331 261 67 
292 70 147 320 254 79 
293 71 144 288 229 86 
294 71 134 291 214 77 
295 63 135 254 217 65 
296 57 128 244 217 56 
297 63 121 230 206 62 
298 54 117 216 185 55 
299 47 121 194 174 42 
300 45 124 211 158 42 
301 41 115 206 142 51 
302 46 110 197 126 57 
303 47 106 180 112 57 
304 52 96 173 102 57 
305 59 103 168 104 54 
306 59 102 156 98 55 
307 51 92 155 98 52 
308 48 90 137 105 51 
309 43 93 137 106 48 
310 38 80 118 91 47 
311 48 70 110 85 44 
312 48 66 94 79 41 
313 49 66 92 75 37 
314 43 57 99 75 38 
315 50 61 100 75 38 
316 56 72 97 77 36 
317 49 65 94 73 30 
318 33 53 88 73 29 
319 30 47 84 67 29 
320 32 45 72 84 26 
321 28 44 74 72 23 
322 20 41 67 72 22 
323 17 40 79 67 20 
324 20 40 73 64 17 
325 26 39 74 55 13 
326 23 34 65 55 12 
327 23 38 60 56 11 
328 23 41 48 46 13 
329 22 39 49 41 14 
330 22 40 43 33 14 
331 21 37 49 32 14 
332 23 36 48 23 12 
333 21 29 48 23 12 
334 21 29 39 23 11 
335 18 19 34 19 10 
336 19 20 33 16 9 
337 18 16 37 20 6 
338 17 9 29 15 7 
339 16 9 31 14 8 
340 19 10 30 16 10 
341 17 6 35 23 10 
342 16 8 36 26 8 
343 14 7 30 24 10 
344 12 8 27 18 8 
345 16 9 25 13 5 
346 19 10 21 17 6 
347 18 13 22 15 7 
348 21 14 21 17 6 
349 22 14 18 14 8 
350 14 14 14 15 5 
351 15 12 12 18 3 
352 13 9 10 22 3 
353 13 7 11 19 3 
354 12 5 16 17 2 
355 8 6 14 12 1 
356 6 6 13 9 1 
357 5 7 11 14 0 
358 4 4 9 17 1 
359 3 2 9 16 1 
360 3 2 11 14 1 
361 6 1 10 13 1 
362 4 1 7 18 1 
363 5 2 7 9 1 
364 8 2 5 8 0 
365 3 1 4 7 0 
366 4 1 4 10 0 
367 3 0 7 6 0 
368 1 0 9 7 0 
369 4 0 9 12 0 
370 3 0 10 9 0 
371 3 0 12 8 0 
372 2 0 8 8 0 
373 1 0 9 8 0 
374 2 0 7 7 0 
375 1 0 4 6 1 
376 0 0 3 3 2 
377 0 0 2 3 3 
378 0 0 1 2 2 
379 0 0 0 2 1 
380 0 0 0 2 0 
381 0 0 0 2 0 
382 0 0 0 2 0 
383 0 0 0 2 0 
384 0 0 0 3 0 
385 0 0 0 5 0 
386 0 0 0 3 0 
387 0 0 0 1 0 
388 0 0 0 1 0 
389 0 0 0 0 0 
