1 0 3 0 0 0 
2 0 3 0 0 0 
3 0 0 1 0 0 
4 0 1 0 0 0 
5 0 2 0 0 1 
6 0 2 0 0 0 
7 0 3 0 0 0 
8 0 4 1 0 0 
9 0 4 3 0 0 
10 0 3 0 0 0 
11 0 3 1 0 0 
12 0 4 3 0 0 
13 0 3 2 0 0 
14 1 7 1 0 0 
15 0 10 5 0 0 
16 0 2 3 1 0 
17 0 6 2 1 0 
18 0 5 1 2 0 
19 0 6 5 1 0 
20 1 6 1 0 0 
21 0 6 4 0 0 
22 0 7 2 0 0 
23 0 7 1 0 0 
24 0 6 4 0 0 
25 0 9 5 0 0 
26 0 11 4 1 0 
27 2 18 6 0 0 
28 0 12 4 2 0 
29 0 21 4 0 1 
30 3 20 3 0 0 
31 5 12 6 1 0 
32 6 11 5 0 0 
33 2 15 9 2 0 
34 4 12 10 3 0 
35 3 30 6 4 0 
36 1 34 6 3 0 
37 4 30 8 9 0 
38 0 28 16 5 1 
39 4 34 10 10 1 
40 5 34 12 13 0 
41 7 39 11 16 1 
42 6 32 15 12 0 
43 9 46 22 9 0 
44 11 43 24 9 1 
45 8 62 22 9 2 
46 9 49 15 9 4 
47 6 46 16 11 1 
48 7 51 16 8 0 
49 8 43 22 13 3 
50 7 59 23 17 0 
51 8 75 22 15 3 
52 3 74 29 15 1 
53 10 59 24 11 2 
54 6 64 26 27 0 
55 9 66 27 19 1 
56 6 74 35 14 1 
57 6 85 32 24 0 
58 8 91 25 21 2 
59 10 97 32 15 3 
60 20 101 35 18 0 
61 9 94 41 19 1 
62 10 97 22 31 1 
63 14 115 33 25 2 
64 17 113 44 39 3 
65 20 104 34 41 6 
66 25 102 38 36 2 
67 25 117 41 45 3 
68 23 127 39 59 5 
69 15 116 45 49 5 
70 25 128 44 50 5 
71 25 148 51 72 4 
72 31 156 51 69 5 
73 28 182 69 63 2 
74 33 167 74 74 11 
75 30 181 63 69 6 
76 40 214 76 76 6 
77 44 200 100 74 11 
78 45 257 98 82 5 
79 37 217 97 82 10 
80 57 231 112 87 6 
81 41 271 132 97 8 
82 50 251 116 106 8 
83 56 253 132 125 11 
84 56 297 152 120 10 
85 57 285 127 150 15 
86 60 315 133 160 10 
87 75 359 165 166 18 
88 70 359 163 162 19 
89 77 361 187 171 18 
90 81 392 183 179 11 
91 74 396 198 185 19 
92 85 435 172 225 12 
93 78 434 209 220 15 
94 97 462 208 257 14 
95 97 472 219 230 26 
96 102 521 232 262 28 
97 103 564 246 277 22 
98 125 592 240 309 29 
99 119 661 274 317 36 
100 126 682 250 359 47 
101 161 665 287 325 37 
102 138 719 279 333 45 
103 170 766 291 384 42 
104 144 808 298 424 44 
105 168 822 337 440 43 
106 194 864 329 416 41 
107 174 914 350 469 44 
108 196 1015 380 507 48 
109 199 1089 401 542 60 
110 206 1134 439 547 55 
111 224 1154 465 585 65 
112 233 1259 453 606 73 
113 254 1279 523 675 77 
114 238 1277 503 732 69 
115 266 1377 586 768 74 
116 252 1369 608 860 78 
117 285 1426 633 863 103 
118 269 1552 686 846 92 
119 305 1564 695 888 96 
120 327 1657 797 987 112 
121 324 1734 865 1067 105 
122 376 1759 836 1064 137 
123 410 1772 938 1179 113 
124 432 1880 949 1202 127 
125 439 1997 1038 1278 131 
126 447 2015 1076 1371 163 
127 519 2174 1179 1381 143 
128 471 2266 1294 1451 145 
129 502 2328 1283 1644 167 
130 527 2420 1332 1615 178 
131 588 2485 1463 1664 180 
132 609 2651 1514 1721 195 
133 577 2765 1559 1777 220 
134 599 2774 1642 1934 237 
135 680 2802 1783 1946 262 
136 670 2958 1749 1998 270 
137 715 3080 1847 2113 287 
138 723 3118 1988 2171 321 
139 780 3241 2017 2232 305 
140 809 3359 2159 2277 306 
141 815 3325 2321 2373 360 
142 867 3327 2382 2522 361 
143 900 3341 2416 2587 357 
144 952 3572 2490 2780 399 
145 941 3633 2646 2852 452 
146 964 3760 2793 2969 434 
147 998 3744 2827 2978 476 
148 1051 3771 2869 3243 482 
149 1085 3809 3035 3182 502 
150 1096 3947 3090 3411 536 
151 1104 3991 3255 3454 586 
152 1174 4010 3365 3521 539 
153 1262 4065 3523 3714 561 
154 1264 3971 3609 3641 607 
155 1288 4090 3576 3824 660 
156 1256 4058 3707 3923 689 
157 1326 4054 3866 4016 670 
158 1354 4032 3910 4016 681 
159 1303 4186 3969 4115 665 
160 1369 4217 4014 4254 765 
161 1374 4155 4117 4357 788 
162 1532 4020 4252 4427 721 
163 1528 3976 4199 4439 823 
164 1550 3990 4288 4549 842 
165 1511 4073 4601 4464 831 
166 1575 3957 4502 4638 867 
167 1568 3975 4490 4599 861 
168 1666 4051 4629 4705 919 
169 1601 4084 4689 4789 964 
170 1631 3959 4941 4876 987 
171 1539 4037 5042 4848 973 
172 1628 3955 4910 4962 1070 
173 1637 3960 5009 4871 1015 
174 1663 3890 5042 5050 996 
175 1658 3838 5188 4988 1028 
176 1625 3828 5157 5043 998 
177 1632 3605 5145 5040 1036 
178 1680 3465 5125 4961 1015 
179 1710 3494 5162 5112 1102 
180 1645 3245 5066 4837 1064 
181 1697 3309 5130 4974 1036 
182 1742 3258 5149 4926 1100 
183 1662 3144 5204 5142 1044 
184 1594 3140 5160 5212 1081 
185 1701 3054 5150 5165 1054 
186 1618 2881 5199 5078 1063 
187 1611 3006 5056 5091 1025 
188 1734 2917 5066 4983 1066 
189 1699 2851 5050 4824 1057 
190 1682 2739 4937 4860 1042 
191 1584 2730 4763 4633 1035 
192 1569 2733 4677 4660 1022 
193 1614 2703 4789 4554 1015 
194 1560 2541 4767 4588 1070 
195 1518 2601 4686 4506 1001 
196 1458 2425 4564 4425 1037 
197 1412 2398 4432 4366 1044 
198 1479 2314 4497 4283 1002 
199 1377 2223 4234 4174 983 
200 1364 2127 4253 3991 959 
201 1294 2081 4054 3904 999 
202 1277 1991 4003 3797 969 
203 1308 1911 4055 3719 916 
204 1203 1929 3997 3744 874 
205 1215 1872 3898 3656 878 
206 1157 1793 3853 3448 822 
207 1163 1781 3642 3545 846 
208 1198 1769 3562 3419 890 
209 1138 1734 3616 3411 828 
210 1092 1662 3532 3254 768 
211 1061 1577 3438 3153 745 
212 1031 1439 3427 3043 693 
213 1028 1423 3283 3035 719 
214 959 1475 3156 2957 719 
215 950 1384 2996 2890 648 
216 933 1316 3065 2834 656 
217 910 1311 2981 2725 654 
218 881 1316 2806 2579 586 
219 832 1203 2851 2579 633 
220 836 1171 2726 2581 534 
221 828 1079 2727 2418 537 
222 801 1125 2634 2381 533 
223 744 1007 2542 2346 544 
224 796 1045 2395 2190 496 
225 757 966 2349 2126 504 
226 742 941 2240 2038 501 
227 626 899 2219 2057 444 
228 655 848 2120 1820 420 
229 639 821 2076 1861 405 
230 619 764 1952 1778 379 
231 607 713 1835 1736 390 
232 567 715 1789 1737 394 
233 566 706 1623 1633 360 
234 553 642 1596 1534 378 
235 531 621 1582 1452 352 
236 443 653 1512 1516 308 
237 495 650 1460 1260 335 
238 461 609 1390 1307 306 
239 450 534 1334 1333 279 
240 437 485 1339 1218 256 
241 425 464 1258 1210 273 
242 383 477 1217 1137 241 
243 387 439 1162 1049 257 
244 346 453 1136 1030 250 
245 349 455 1078 1012 218 
246 344 390 1069 936 199 
247 318 409 1009 916 192 
248 323 377 1020 891 206 
249 326 347 907 864 171 
250 290 348 878 835 183 
251 269 334 834 790 182 
252 279 318 780 771 167 
253 253 304 733 706 158 
254 264 280 737 691 161 
255 236 245 739 689 126 
256 265 281 630 643 133 
257 233 237 697 644 129 
258 212 243 626 623 119 
259 222 250 624 612 131 
260 199 225 559 541 120 
261 211 219 586 552 116 
262 196 213 524 523 91 
263 208 193 514 543 102 
264 194 183 484 506 86 
265 184 188 431 498 87 
266 160 180 468 493 94 
267 152 167 411 447 76 
268 141 159 420 414 73 
269 130 140 388 392 57 
270 128 154 375 352 84 
271 153 173 394 338 57 
272 135 115 353 373 51 
273 128 130 343 348 52 
274 103 106 329 358 45 
275 103 114 313 322 49 
276 97 102 317 321 52 
277 98 119 340 297 50 
278 106 101 300 286 48 
279 100 96 291 251 38 
280 88 104 263 261 32 
281 95 88 256 231 41 
282 79 89 205 207 32 
283 83 98 233 221 49 
284 76 67 193 214 34 
285 71 68 207 158 28 
286 64 67 175 189 24 
287 58 86 172 186 33 
288 54 42 175 162 35 
289 55 49 159 192 32 
290 51 42 181 152 22 
291 41 47 155 152 24 
292 44 58 163 154 30 
293 47 56 158 143 25 
294 40 47 157 121 28 
295 37 38 130 111 37 
296 33 48 114 95 24 
297 32 35 123 104 26 
298 37 32 115 95 25 
299 25 35 95 93 37 
300 21 30 106 79 23 
301 30 24 105 79 35 
302 23 27 88 84 21 
303 37 21 74 75 30 
304 26 33 100 88 18 
305 26 26 97 92 29 
306 35 20 86 80 24 
307 18 23 95 87 25 
308 18 29 75 73 17 
309 19 14 67 68 20 
310 28 16 78 82 15 
311 20 20 74 78 15 
312 15 23 52 78 19 
313 5 21 55 78 20 
314 16 19 57 67 21 
315 10 22 52 66 11 
316 9 21 54 64 8 
317 17 19 53 58 8 
318 14 18 50 76 10 
319 13 13 39 56 3 
320 9 17 34 60 6 
321 8 16 35 51 4 
322 13 18 36 55 3 
323 9 16 42 45 5 
324 8 24 35 38 3 
325 8 8 33 43 1 
326 8 13 39 34 3 
327 8 14 24 46 0 
328 1 15 21 53 2 
329 5 13 20 43 0 
330 4 11 19 31 3 
331 9 16 22 33 1 
332 6 4 18 33 0 
333 6 8 13 36 3 
334 5 9 14 12 1 
335 3 5 19 23 0 
336 6 4 15 15 0 
337 0 4 13 22 0 
338 3 9 11 16 1 
339 4 3 13 13 0 
340 1 10 15 12 0 
341 3 2 8 11 1 
342 2 6 13 23 0 
343 2 6 18 11 1 
344 2 2 12 11 1 
345 2 5 13 15 1 
346 1 3 14 7 0 
347 4 5 14 15 1 
348 4 4 13 11 0 
349 1 5 16 17 0 
350 3 3 12 8 0 
351 4 5 5 13 0 
352 1 5 4 11 0 
353 3 4 7 19 2 
354 5 0 17 11 0 
355 8 1 9 12 2 
356 1 6 12 17 0 
357 3 4 14 6 2 
358 5 1 11 12 1 
359 1 6 8 8 1 
360 6 2 16 9 3 
361 4 3 8 10 1 
362 4 3 9 8 0 
363 3 3 8 14 1 
364 5 6 12 6 0 
365 3 5 12 7 4 
366 5 2 14 7 1 
367 1 2 11 6 1 
368 1 3 15 6 0 
369 3 0 5 6 1 
370 0 4 4 8 1 
371 2 5 6 11 0 
372 1 4 6 9 0 
373 0 6 10 10 0 
374 3 5 7 13 1 
375 6 5 6 7 0 
376 1 4 5 7 1 
377 2 4 2 8 0 
378 1 3 6 1 0 
379 1 1 7 6 0 
380 0 8 1 2 0 
381 1 2 3 3 0 
382 1 5 0 3 2 
383 3 5 2 6 1 
384 2 1 1 7 1 
385 1 5 2 5 1 
386 2 4 3 2 0 
387 0 2 2 5 1 
388 0 4 0 2 0 
389 0 7 2 4 0 
390 2 1 5 3 0 
391 0 0 8 3 0 
392 1 0 4 4 0 
393 6 1 2 1 0 
394 0 4 3 1 0 
395 2 3 3 1 0 
396 2 0 3 1 0 
397 0 2 4 0 0 
398 1 4 0 1 0 
399 0 2 3 0 0 
400 1 4 3 0 0 
401 0 2 2 0 0 
402 0 1 3 0 0 
403 0 1 1 0 0 
404 0 0 0 0 0 
405 0 0 0 0 0 
406 0 2 0 1 0 
407 0 1 2 1 0 
408 0 0 3 0 0 
409 2 0 1 3 0 
410 0 0 0 2 0 
411 0 0 1 2 0 
412 0 0 0 2 0 
413 1 0 0 1 0 
414 0 0 1 3 0 
415 0 0 1 0 0 
416 1 0 2 0 0 
417 1 0 3 1 0 
418 0 0 2 2 0 
419 2 0 1 0 0 
420 0 0 1 0 0 
421 0 0 4 0 0 
422 0 0 4 0 0 
423 0 0 0 0 0 
424 0 1 3 0 0 
425 0 0 2 2 0 
426 0 0 2 0 0 
427 0 0 0 0 0 
428 0 0 1 0 0 
429 0 0 2 0 0 
430 0 0 1 0 0 
431 0 0 0 0 0 
432 0 0 1 0 0 
433 0 0 2 0 0 
434 0 0 0 0 0 
435 0 0 0 0 0 
436 0 0 0 1 0 
437 0 0 0 0 0 
438 0 0 0 0 0 
