1 0 1 0 0 0 
2 0 5 0 0 0 
3 0 6 0 0 0 
4 0 11 0 0 0 
5 0 8 0 0 0 
6 0 12 0 0 0 
7 0 13 0 0 0 
8 0 10 0 0 0 
9 0 18 0 2 0 
10 0 13 1 1 0 
11 0 25 1 1 0 
12 4 18 0 0 0 
13 0 18 2 1 0 
14 3 28 2 2 0 
15 3 17 1 1 0 
16 5 18 2 4 0 
17 4 6 2 1 0 
18 2 14 2 10 0 
19 3 17 3 2 0 
20 1 19 4 9 0 
21 1 21 10 8 0 
22 0 22 7 14 2 
23 1 19 6 12 0 
24 1 21 7 9 2 
25 3 38 6 13 0 
26 0 27 14 13 0 
27 7 35 18 15 0 
28 6 36 19 19 0 
29 5 46 28 15 2 
30 6 30 23 22 0 
31 8 34 23 11 1 
32 5 32 26 11 1 
33 12 30 26 19 0 
34 14 33 22 14 1 
35 7 43 27 14 0 
36 8 40 35 20 0 
37 11 44 23 14 1 
38 6 66 29 22 3 
39 9 77 31 25 2 
40 11 78 36 36 3 
41 14 78 45 28 4 
42 12 80 33 24 4 
43 12 79 35 39 2 
44 10 104 45 30 1 
45 21 110 46 27 3 
46 31 115 53 27 5 
47 22 117 59 25 2 
48 32 134 67 32 3 
49 22 133 45 34 1 
50 29 158 48 39 3 
51 29 129 51 43 2 
52 29 158 43 53 1 
53 24 155 48 42 6 
54 31 155 58 59 5 
55 29 181 66 68 4 
56 38 187 77 97 10 
57 38 180 70 71 6 
58 40 157 99 96 7 
59 62 207 77 86 7 
60 44 216 94 106 8 
61 79 223 88 125 9 
62 69 256 113 128 8 
63 60 256 121 144 9 
64 60 287 122 146 12 
65 73 355 145 159 10 
66 79 327 156 167 11 
67 85 305 168 164 14 
68 68 378 163 186 17 
69 78 385 177 191 12 
70 80 361 189 194 15 
71 68 381 210 217 15 
72 91 412 194 202 14 
73 82 438 205 208 16 
74 91 447 201 209 24 
75 76 495 216 220 20 
76 72 506 217 230 19 
77 95 496 203 261 26 
78 83 504 238 277 33 
79 110 608 249 257 36 
80 94 624 267 282 39 
81 117 575 287 286 36 
82 118 646 285 293 41 
83 95 679 295 365 40 
84 135 673 313 312 43 
85 139 677 345 375 41 
86 151 685 363 370 42 
87 154 751 365 380 56 
88 182 850 339 414 46 
89 187 846 402 485 48 
90 175 918 396 479 36 
91 201 957 438 487 62 
92 201 985 468 537 57 
93 245 1019 525 620 72 
94 219 1040 537 636 80 
95 232 1079 593 673 84 
96 274 1182 634 689 87 
97 261 1220 665 726 95 
98 309 1249 690 753 113 
99 297 1329 690 822 106 
100 298 1369 724 865 109 
101 287 1442 790 951 86 
102 317 1448 863 995 104 
103 344 1501 894 1030 104 
104 352 1515 954 1068 96 
105 352 1597 957 1110 114 
106 381 1736 1039 1123 120 
107 419 1775 1110 1236 149 
108 407 1788 1127 1352 137 
109 427 1898 1215 1355 159 
110 490 1891 1195 1375 159 
111 480 1997 1214 1523 177 
112 486 2095 1349 1539 188 
113 544 2129 1357 1524 193 
114 596 2259 1488 1685 233 
115 578 2262 1553 1763 225 
116 637 2477 1642 1801 256 
117 675 2482 1654 1861 267 
118 673 2595 1734 1873 263 
119 744 2691 1844 1979 299 
120 724 2736 1872 2160 294 
121 751 2821 2036 2211 279 
122 763 2899 2101 2235 289 
123 844 2926 2129 2393 322 
124 842 3145 2356 2449 343 
125 903 3133 2408 2611 377 
126 952 3274 2540 2595 387 
127 993 3406 2646 2727 365 
128 924 3444 2729 2913 373 
129 1004 3503 2746 3043 387 
130 1055 3514 2834 3132 399 
131 1080 3641 3060 3258 416 
132 1081 3746 3113 3334 428 
133 1089 3818 3233 3382 508 
134 1254 3819 3213 3536 520 
135 1226 3946 3475 3697 545 
136 1249 3904 3494 3693 493 
137 1271 3961 3519 3811 521 
138 1348 3935 3655 3854 546 
139 1397 4034 3767 4060 590 
140 1390 4117 3909 4070 550 
141 1417 4139 4100 4190 567 
142 1468 4105 4211 4264 574 
143 1467 4153 4187 4299 658 
144 1542 4171 4355 4474 654 
145 1539 4124 4279 4613 628 
146 1466 4130 4516 4571 710 
147 1658 4221 4675 4695 737 
148 1567 4280 4684 4813 695 
149 1652 4221 4678 4887 727 
150 1604 4190 4886 4875 754 
151 1671 4231 4894 4826 785 
152 1726 4288 4960 4809 782 
153 1704 4282 5051 5094 852 
154 1790 4113 5099 5136 857 
155 1682 4094 5216 5147 813 
156 1744 4146 5294 5293 849 
157 1758 4091 5340 5152 907 
158 1733 4043 5364 5202 842 
159 1713 4004 5310 5270 883 
160 1722 3941 5289 5278 874 
161 1787 3887 5357 5346 880 
162 1677 3813 5237 5243 865 
163 1759 3582 5306 5392 881 
164 1660 3627 5374 5257 875 
165 1645 3561 5117 5301 892 
166 1605 3538 5107 5320 868 
167 1718 3296 5149 5354 900 
168 1679 3353 5053 5134 916 
169 1769 3305 5102 5160 893 
170 1599 3212 5140 5283 917 
171 1625 3154 4983 5304 924 
172 1703 3018 4917 5237 894 
173 1632 2982 4967 5174 889 
174 1636 2819 4878 5124 860 
175 1600 2878 4906 5104 790 
176 1569 2793 4894 5026 798 
177 1615 2614 4758 4867 906 
178 1523 2672 4739 4817 878 
179 1532 2493 4820 4707 864 
180 1464 2478 4627 4507 858 
181 1432 2410 4537 4438 874 
182 1465 2242 4444 4349 833 
183 1381 2251 4346 4224 847 
184 1318 2048 4298 3995 815 
185 1257 2094 4143 3970 821 
186 1265 2042 4031 3995 819 
187 1253 1836 3884 3849 805 
188 1231 1881 3890 3726 769 
189 1142 1832 3686 3689 756 
190 1183 1751 3709 3571 717 
191 1164 1709 3528 3511 698 
192 1173 1699 3442 3329 678 
193 1091 1569 3354 3317 651 
194 1066 1474 3271 3212 666 
195 1009 1501 3110 3095 706 
196 1016 1391 3018 2968 641 
197 978 1378 3022 2921 585 
198 927 1328 2844 2738 646 
199 851 1241 2716 2678 574 
200 872 1193 2674 2500 550 
201 854 1208 2556 2461 554 
202 829 1122 2500 2377 462 
203 788 1075 2428 2355 501 
204 806 1032 2392 2201 516 
205 746 948 2300 2013 447 
206 681 999 2244 1966 466 
207 682 999 2255 1947 436 
208 656 891 2074 1867 422 
209 618 871 1990 1814 414 
210 567 831 1921 1742 384 
211 657 821 1825 1616 372 
212 523 811 1813 1623 368 
213 514 775 1761 1615 343 
214 519 706 1703 1504 317 
215 521 659 1703 1447 297 
216 527 641 1561 1398 307 
217 496 605 1489 1295 310 
218 488 558 1494 1291 300 
219 408 588 1339 1195 322 
220 451 565 1271 1196 272 
221 439 545 1207 1130 301 
222 376 514 1195 1088 270 
223 344 522 1151 1074 259 
224 405 489 1086 1002 260 
225 350 434 1027 976 246 
226 363 457 1029 933 214 
227 314 405 935 883 189 
228 294 420 949 830 183 
229 307 408 932 756 167 
230 300 361 846 747 192 
231 267 390 843 631 182 
232 265 338 827 684 185 
233 214 337 820 648 145 
234 222 333 778 660 150 
235 204 325 751 589 127 
236 207 291 752 559 126 
237 171 280 672 526 132 
238 198 263 648 494 119 
239 176 257 601 485 122 
240 214 264 616 448 109 
241 191 242 563 459 104 
242 189 184 503 435 102 
243 179 229 511 419 99 
244 150 216 488 393 113 
245 151 229 477 373 99 
246 130 190 470 383 108 
247 147 186 488 340 101 
248 142 176 479 362 112 
249 152 195 431 332 92 
250 116 180 385 315 106 
251 110 173 415 315 100 
252 114 169 371 290 104 
253 119 151 364 260 86 
254 118 137 355 289 76 
255 80 126 295 292 58 
256 116 124 313 274 60 
257 101 124 288 272 57 
258 88 107 310 252 69 
259 107 121 281 221 59 
260 90 119 236 202 55 
261 77 119 243 199 44 
262 80 116 220 206 53 
263 106 108 219 211 31 
264 93 89 212 142 40 
265 69 80 197 193 44 
266 69 79 182 178 34 
267 61 111 166 171 31 
268 52 91 161 153 34 
269 60 71 134 114 27 
270 63 76 138 124 38 
271 55 92 119 130 14 
272 45 62 122 113 31 
273 42 73 100 100 26 
274 45 53 118 108 34 
275 39 53 104 107 27 
276 40 56 96 103 21 
277 42 61 99 82 35 
278 22 58 85 82 24 
279 40 48 92 81 22 
280 40 40 70 81 14 
281 31 40 86 60 22 
282 25 50 51 67 21 
283 23 46 60 58 9 
284 18 35 45 48 19 
285 18 36 50 61 4 
286 22 27 49 46 12 
287 21 38 42 51 13 
288 20 39 48 53 12 
289 18 31 55 59 18 
290 14 47 35 57 13 
291 16 36 37 51 12 
292 31 21 42 54 12 
293 22 25 52 57 11 
294 21 24 39 67 9 
295 21 19 38 55 11 
296 16 28 54 51 10 
297 13 19 41 52 12 
298 16 16 35 54 9 
299 16 12 45 54 8 
300 9 15 37 37 6 
301 6 20 34 43 8 
302 16 13 34 47 16 
303 15 21 39 54 19 
304 10 17 33 39 16 
305 13 19 31 44 16 
306 9 20 23 39 14 
307 16 14 24 34 9 
308 19 8 32 31 6 
309 15 7 33 43 8 
310 14 13 24 44 8 
311 15 11 25 27 14 
312 14 12 33 45 4 
313 11 10 33 46 10 
314 11 14 24 24 9 
315 13 13 37 46 7 
316 3 7 23 35 4 
317 11 10 39 34 11 
318 10 7 25 26 6 
319 11 6 29 33 7 
320 7 6 23 34 7 
321 5 6 29 25 9 
322 7 8 16 19 4 
323 7 2 22 22 5 
324 4 1 24 20 5 
325 4 4 14 23 2 
326 2 1 26 19 6 
327 6 1 14 15 5 
328 1 5 17 19 5 
329 5 4 22 16 6 
330 5 4 18 14 6 
331 7 4 12 26 5 
332 2 0 17 20 4 
333 3 1 21 18 3 
334 5 1 15 15 7 
335 3 0 21 16 6 
336 3 1 19 14 6 
337 1 4 12 8 10 
338 3 0 13 9 5 
339 2 3 13 10 7 
340 2 4 8 8 6 
341 4 1 8 1 6 
342 2 1 11 8 4 
343 1 0 7 12 4 
344 3 0 3 6 6 
345 3 1 6 5 4 
346 5 1 7 8 7 
347 3 0 5 5 9 
348 2 1 5 6 6 
349 2 0 5 2 6 
350 2 0 2 6 4 
351 1 0 7 5 2 
352 0 1 3 6 7 
353 2 0 6 5 4 
354 1 0 2 11 8 
355 2 0 2 4 6 
356 0 0 3 3 5 
357 0 0 3 4 3 
358 0 0 0 6 2 
359 0 0 2 2 3 
360 0 1 2 4 2 
361 0 0 3 3 0 
362 0 0 2 2 0 
363 0 0 3 3 1 
364 0 0 1 3 2 
365 0 0 1 4 0 
366 0 0 1 3 0 
367 0 0 1 1 2 
368 0 1 1 5 1 
369 0 0 1 3 1 
370 0 0 1 2 0 
371 0 0 0 0 0 
372 0 0 1 2 0 
373 0 0 0 3 1 
374 0 0 0 3 0 
375 0 0 3 0 0 
376 0 0 2 0 0 
377 1 0 0 0 0 
378 0 0 1 0 0 
379 0 0 0 0 0 
380 0 0 0 0 0 
381 0 0 0 0 0 
382 0 0 0 0 0 
