1 0 3 0 0 0 
2 0 0 0 0 0 
3 0 4 0 0 0 
4 0 4 0 0 0 
5 0 2 0 0 0 
6 1 3 0 0 0 
7 0 3 0 0 0 
8 0 0 0 0 0 
9 0 3 0 0 0 
10 0 1 0 0 0 
11 0 2 0 0 0 
12 0 2 0 0 0 
13 0 1 0 1 0 
14 0 1 0 0 0 
15 0 3 0 0 0 
16 1 1 0 0 0 
17 0 0 0 0 0 
18 1 0 0 0 0 
19 1 3 0 0 0 
20 0 1 0 1 0 
21 1 3 0 0 0 
22 0 2 0 0 0 
23 1 2 0 0 0 
24 1 2 0 0 0 
25 0 2 0 2 0 
26 1 5 0 2 0 
27 2 4 0 0 0 
28 0 5 0 0 0 
29 0 4 1 1 0 
30 2 4 2 4 0 
31 0 2 1 0 0 
32 2 3 1 1 1 
33 0 4 0 1 0 
34 3 9 0 7 0 
35 1 4 2 4 0 
36 1 5 0 2 0 
37 0 7 2 4 0 
38 0 14 2 3 0 
39 1 11 3 2 0 
40 1 13 3 2 0 
41 1 14 3 3 0 
42 1 11 3 3 0 
43 3 14 6 3 0 
44 3 9 0 5 0 
45 0 6 4 4 0 
46 0 10 4 5 0 
47 2 13 3 4 0 
48 0 12 4 7 0 
49 0 4 4 1 2 
50 0 11 5 6 1 
51 0 10 5 6 1 
52 2 10 5 3 0 
53 1 11 2 1 0 
54 0 18 2 1 1 
55 1 15 3 2 0 
56 0 16 1 1 3 
57 1 23 3 0 0 
58 0 13 2 0 0 
59 1 19 1 2 0 
60 2 31 1 0 1 
61 4 28 3 1 0 
62 4 22 6 5 0 
63 2 26 7 3 0 
64 2 31 3 1 1 
65 4 33 8 3 0 
66 2 39 7 2 1 
67 4 33 2 6 1 
68 6 27 1 2 0 
69 4 35 5 3 1 
70 2 44 8 6 0 
71 4 39 7 6 0 
72 7 34 12 4 1 
73 7 40 6 9 1 
74 8 30 16 9 2 
75 4 27 14 8 0 
76 8 43 9 10 1 
77 4 37 13 5 2 
78 7 42 6 4 2 
79 6 51 15 11 2 
80 7 34 10 8 0 
81 11 38 13 6 0 
82 9 37 22 13 1 
83 9 41 15 12 1 
84 9 30 12 17 2 
85 7 41 26 18 2 
86 9 30 21 17 3 
87 4 32 18 15 2 
88 3 38 23 14 0 
89 5 45 35 19 0 
90 7 38 24 21 0 
91 11 41 28 21 1 
92 13 43 42 29 1 
93 11 45 26 28 1 
94 18 54 34 34 3 
95 13 47 35 38 0 
96 20 46 33 44 1 
97 25 54 31 44 0 
98 23 62 47 46 0 
99 30 61 44 58 0 
100 20 71 52 50 2 
101 26 74 46 61 0 
102 21 71 69 63 1 
103 21 77 44 50 2 
104 41 108 41 55 0 
105 30 96 56 70 2 
106 37 105 67 85 8 
107 31 124 72 76 9 
108 26 122 51 79 6 
109 42 148 65 100 11 
110 42 141 58 97 8 
111 47 153 62 78 12 
112 61 170 88 74 14 
113 57 178 115 94 20 
114 52 189 103 83 26 
115 51 199 103 100 22 
116 54 205 144 104 12 
117 58 241 141 126 26 
118 58 274 163 114 28 
119 67 261 174 125 23 
120 50 259 193 133 12 
121 60 308 184 136 16 
122 71 326 178 154 21 
123 83 319 215 175 21 
124 58 359 191 163 20 
125 87 370 232 186 39 
126 59 364 235 216 33 
127 89 437 253 207 28 
128 113 431 290 245 26 
129 98 465 279 238 27 
130 105 533 339 227 35 
131 99 524 334 264 33 
132 96 567 382 255 46 
133 111 573 375 314 37 
134 121 611 425 284 42 
135 118 677 414 334 53 
136 123 658 432 350 59 
137 132 676 462 338 54 
138 169 733 510 345 61 
139 145 736 508 411 68 
140 182 791 514 422 67 
141 182 827 493 436 78 
142 211 892 563 426 71 
143 189 886 567 463 91 
144 189 927 607 518 88 
145 213 1011 624 530 101 
146 236 1119 684 550 89 
147 254 1150 680 600 115 
148 254 1091 707 592 88 
149 291 1156 769 621 82 
150 275 1255 779 648 117 
151 285 1339 800 696 116 
152 301 1315 846 731 139 
153 328 1492 886 806 131 
154 319 1508 908 839 134 
155 359 1622 969 863 127 
156 373 1634 941 957 129 
157 400 1816 1069 990 139 
158 442 1805 1060 1103 147 
159 447 1920 1118 1149 157 
160 467 1996 1258 1209 140 
161 463 2062 1306 1312 156 
162 502 2076 1296 1335 183 
163 545 2176 1426 1386 182 
164 540 2223 1468 1374 164 
165 537 2401 1547 1499 201 
166 576 2401 1534 1560 201 
167 614 2438 1620 1673 200 
168 637 2498 1741 1751 198 
169 657 2629 1761 1804 223 
170 617 2755 1901 1869 248 
171 677 2792 1985 1895 273 
172 713 2777 1951 2027 310 
173 760 2985 2023 2130 302 
174 830 3140 2186 2244 358 
175 823 3080 2185 2330 344 
176 856 3275 2429 2353 389 
177 882 3315 2390 2552 363 
178 902 3249 2572 2646 388 
179 1002 3459 2628 2616 468 
180 980 3514 2794 2784 443 
181 985 3565 2919 2886 549 
182 1056 3626 2961 2864 538 
183 1025 3686 3078 2981 548 
184 1140 3859 3189 3146 568 
185 1175 3969 3246 3362 602 
186 1176 3849 3351 3429 624 
187 1193 3912 3385 3579 586 
188 1277 3889 3435 3664 607 
189 1244 4113 3629 3806 614 
190 1275 4198 3657 4010 674 
191 1359 4195 3768 3981 700 
192 1352 4294 3851 4140 738 
193 1379 4255 4059 4250 781 
194 1432 4406 4127 4289 744 
195 1474 4242 4147 4263 804 
196 1412 4319 4368 4369 781 
197 1504 4324 4478 4610 791 
198 1576 4431 4545 4535 783 
199 1508 4388 4551 4614 868 
200 1563 4345 4651 4763 886 
201 1568 4438 4724 4741 914 
202 1606 4309 4701 4911 975 
203 1517 4262 4980 5035 955 
204 1635 4075 4924 5121 944 
205 1732 3895 5145 5184 1001 
206 1640 4049 5179 5217 1071 
207 1617 4002 5076 5127 997 
208 1643 3968 5184 5205 1005 
209 1622 3935 5260 5362 976 
210 1579 3954 5181 5377 1052 
211 1714 3903 5270 5330 1005 
212 1684 3823 5409 5320 1023 
213 1664 3817 5330 5342 1053 
214 1694 3700 5272 5277 1009 
215 1723 3644 5208 5306 1039 
216 1682 3498 5234 5335 1103 
217 1672 3594 5376 5318 1018 
218 1720 3491 5249 5249 1008 
219 1698 3430 5233 5298 1103 
220 1794 3351 5205 5165 1067 
221 1696 3279 5374 5183 1001 
222 1758 3153 5134 4985 1005 
223 1666 3056 5025 5103 1050 
224 1670 2933 5075 4924 1035 
225 1678 2941 5017 4889 1015 
226 1533 2795 4890 4934 1028 
227 1626 2817 4801 4772 1039 
228 1592 2653 4886 4776 1033 
229 1433 2492 4627 4681 973 
230 1563 2617 4588 4497 977 
231 1461 2461 4632 4510 964 
232 1441 2220 4473 4411 918 
233 1462 2342 4411 4247 998 
234 1404 2244 4344 4230 956 
235 1352 2132 4136 4216 946 
236 1346 2046 4129 4082 926 
237 1308 2007 3952 3908 900 
238 1305 1965 3954 3937 802 
239 1264 1939 3896 3744 751 
240 1226 1876 3631 3776 770 
241 1246 1676 3636 3634 822 
242 1210 1724 3577 3642 784 
243 1171 1673 3383 3510 742 
244 1111 1539 3353 3365 703 
245 1039 1502 3274 3226 700 
246 1011 1431 3284 3112 691 
247 1001 1489 3194 3097 631 
248 1047 1469 2972 2967 655 
249 899 1314 2855 3034 630 
250 949 1230 2814 2852 595 
251 922 1192 2696 2764 591 
252 889 1183 2714 2584 594 
253 852 1092 2560 2552 543 
254 800 1085 2492 2506 532 
255 786 1054 2404 2450 485 
256 823 1031 2359 2350 460 
257 762 964 2310 2239 431 
258 714 901 2230 2182 431 
259 708 880 2076 2119 415 
260 711 849 1978 2013 404 
261 654 794 1849 1923 363 
262 620 793 1889 1832 382 
263 632 715 1717 1685 349 
264 548 752 1668 1697 332 
265 534 675 1576 1619 284 
266 548 651 1607 1593 293 
267 550 644 1452 1423 264 
268 453 613 1439 1429 271 
269 472 605 1417 1316 263 
270 479 562 1308 1284 253 
271 438 589 1284 1163 230 
272 434 552 1171 1168 227 
273 412 504 1130 1137 212 
274 378 495 1074 1108 224 
275 424 422 1103 1029 207 
276 384 434 1087 990 191 
277 334 413 994 970 203 
278 366 383 975 893 205 
279 329 377 948 926 173 
280 279 326 884 848 188 
281 275 336 905 778 174 
282 287 317 848 816 165 
283 226 313 821 754 157 
284 279 301 763 716 146 
285 243 297 739 699 126 
286 233 268 682 645 118 
287 220 275 623 655 134 
288 237 242 596 567 119 
289 181 227 665 611 122 
290 203 266 572 512 116 
291 181 240 594 550 121 
292 172 209 541 538 104 
293 187 235 505 453 83 
294 169 203 483 430 94 
295 164 200 519 414 94 
296 174 201 449 386 93 
297 144 201 430 404 98 
298 141 180 398 407 93 
299 124 163 420 385 97 
300 125 184 374 308 71 
301 112 163 347 327 69 
302 131 128 321 286 62 
303 101 156 307 303 75 
304 110 142 311 285 63 
305 106 118 273 280 62 
306 78 134 292 255 49 
307 89 119 271 270 59 
308 89 106 268 231 56 
309 86 105 250 232 61 
310 85 111 241 224 57 
311 83 98 269 221 44 
312 71 94 228 240 47 
313 68 82 237 187 43 
314 76 93 219 201 46 
315 79 76 203 179 37 
316 78 70 198 152 31 
317 71 64 187 158 23 
318 60 60 177 171 35 
319 70 54 184 151 32 
320 52 71 157 150 29 
321 53 62 155 137 49 
322 47 54 145 127 26 
323 50 48 133 116 22 
324 45 42 111 125 12 
325 42 52 124 103 17 
326 33 40 105 87 21 
327 42 48 105 86 18 
328 24 32 122 97 21 
329 31 34 126 82 18 
330 29 24 98 87 14 
331 31 27 85 78 7 
332 35 31 112 95 12 
333 19 38 93 74 6 
334 16 16 82 70 7 
335 20 20 86 90 8 
336 19 6 62 65 13 
337 9 14 79 53 15 
338 16 11 63 55 12 
339 12 8 59 56 7 
340 14 7 62 50 8 
341 10 15 52 52 8 
342 18 14 54 37 7 
343 18 9 46 42 7 
344 16 11 37 26 8 
345 9 9 42 40 6 
346 13 3 46 30 6 
347 9 10 42 32 4 
348 11 5 41 20 5 
349 8 6 42 11 6 
350 5 8 36 15 2 
351 10 5 39 9 3 
352 9 2 32 12 1 
353 8 1 21 14 3 
354 8 3 23 22 2 
355 13 6 23 18 2 
356 6 8 20 13 2 
357 8 4 21 12 1 
358 7 2 18 11 0 
359 9 7 28 5 3 
360 11 6 16 8 2 
361 8 14 22 8 0 
362 1 6 16 6 1 
363 2 4 15 8 0 
364 5 6 13 6 0 
365 6 4 8 6 0 
366 3 4 14 2 0 
367 0 5 8 6 0 
368 3 1 13 7 0 
369 8 4 9 1 0 
370 1 3 8 2 0 
371 5 3 9 2 0 
372 2 4 9 3 0 
373 0 4 5 4 0 
374 1 4 10 1 1 
375 0 1 5 5 1 
376 2 0 4 2 0 
377 0 3 9 3 0 
378 0 3 5 2 0 
379 3 0 3 1 0 
380 2 0 2 2 0 
381 0 1 3 3 0 
382 2 0 6 2 0 
383 1 2 3 2 0 
384 1 1 6 0 0 
385 0 1 7 0 0 
386 2 1 2 1 0 
387 2 2 2 1 0 
388 0 0 2 0 0 
389 1 1 2 0 0 
390 0 0 3 0 0 
391 0 5 8 1 0 
392 1 0 6 1 0 
393 0 2 6 0 0 
394 0 2 2 1 0 
395 0 3 5 0 0 
396 0 5 4 1 0 
397 2 2 6 0 0 
398 0 5 3 1 0 
399 0 1 1 0 0 
400 0 5 4 1 0 
401 0 2 1 1 0 
402 1 3 2 0 0 
403 0 3 0 1 0 
404 0 2 0 0 0 
405 0 0 0 0 0 
406 0 0 1 0 0 
407 0 0 0 0 0 
408 0 0 0 0 0 
409 0 1 0 0 0 
410 0 0 1 0 0 
411 0 0 0 0 0 
412 0 0 2 0 0 
413 0 0 0 0 0 
414 0 0 0 0 0 
415 0 0 0 0 0 
416 0 0 0 0 0 
417 0 0 0 0 0 
