1 0 10 0 0 0 
2 0 11 0 0 1 
3 0 9 0 0 0 
4 0 9 0 0 0 
5 0 9 0 0 0 
6 0 9 0 0 0 
7 0 7 0 0 0 
8 0 7 0 0 0 
9 0 7 0 0 0 
10 0 5 0 0 0 
11 0 5 0 0 0 
12 0 12 1 0 0 
13 0 10 0 0 0 
14 0 13 0 0 0 
15 0 12 0 0 0 
16 0 8 1 0 0 
17 0 11 0 0 0 
18 0 16 1 0 0 
19 0 22 1 0 0 
20 2 29 1 1 0 
21 4 35 1 2 0 
22 3 32 4 3 0 
23 6 25 3 6 0 
24 6 27 3 8 0 
25 5 24 5 3 0 
26 4 23 4 3 0 
27 5 24 10 5 0 
28 6 30 14 6 0 
29 6 31 13 5 0 
30 5 36 17 7 0 
31 3 44 15 8 3 
32 7 38 16 10 2 
33 5 39 22 12 1 
34 5 41 23 14 1 
35 7 36 27 19 1 
36 8 33 25 22 0 
37 12 36 28 21 0 
38 15 41 28 22 0 
39 12 44 20 26 0 
40 11 49 17 27 0 
41 10 61 20 26 3 
42 13 47 18 19 4 
43 9 50 18 24 3 
44 10 59 20 20 5 
45 12 58 18 17 4 
46 16 58 22 23 4 
47 15 56 25 33 2 
48 14 57 33 32 2 
49 17 55 38 31 1 
50 22 55 35 32 1 
51 21 63 41 38 1 
52 25 76 42 39 1 
53 18 70 47 47 1 
54 19 81 56 56 1 
55 22 86 52 54 2 
56 24 91 44 57 2 
57 18 92 44 70 3 
58 22 103 48 81 9 
59 17 109 45 94 5 
60 22 101 59 82 6 
61 23 106 56 88 2 
62 31 109 64 103 1 
63 30 113 76 115 2 
64 41 126 74 112 3 
65 41 124 79 125 3 
66 46 163 87 121 4 
67 44 172 94 123 3 
68 46 173 96 128 3 
69 44 189 104 125 1 
70 55 196 116 141 2 
71 49 191 126 157 2 
72 55 180 129 176 4 
73 65 184 134 181 4 
74 78 199 137 182 3 
75 73 240 150 191 1 
76 71 271 174 189 1 
77 72 304 177 213 1 
78 85 309 182 209 2 
79 84 329 190 235 2 
80 100 322 191 254 2 
81 107 334 203 274 8 
82 100 364 200 281 5 
83 102 392 216 270 3 
84 113 408 240 298 7 
85 115 419 249 342 8 
86 128 457 250 377 16 
87 135 475 267 385 14 
88 137 486 272 403 10 
89 133 529 268 396 8 
90 144 546 305 428 16 
91 128 601 297 481 19 
92 113 627 319 500 21 
93 127 651 341 487 23 
94 138 703 394 519 29 
95 135 730 426 589 36 
96 158 779 438 602 31 
97 156 870 474 638 35 
98 172 909 504 673 42 
99 198 929 537 674 43 
100 217 977 561 715 52 
101 221 1004 588 755 57 
102 230 1019 620 811 61 
103 235 1072 662 829 70 
104 246 1124 722 872 63 
105 233 1228 745 916 74 
106 258 1302 797 945 94 
107 269 1349 821 975 93 
108 286 1383 845 974 102 
109 322 1448 923 998 102 
110 334 1534 948 993 104 
111 324 1594 973 1066 114 
112 334 1668 1004 1103 122 
113 356 1714 1051 1111 134 
114 366 1793 1087 1174 141 
115 366 1879 1190 1242 142 
116 391 1977 1209 1263 145 
117 426 2035 1237 1356 140 
118 481 2115 1318 1424 147 
119 495 2197 1414 1493 152 
120 510 2320 1430 1567 157 
121 506 2359 1483 1664 159 
122 549 2470 1560 1764 186 
123 578 2504 1652 1854 192 
124 595 2621 1755 1933 218 
125 597 2746 1852 2009 225 
126 626 2907 1926 2012 228 
127 677 2993 1960 2181 253 
128 731 3097 2066 2259 293 
129 754 3302 2120 2408 308 
130 781 3399 2237 2552 315 
131 802 3567 2405 2659 362 
132 849 3680 2574 2816 396 
133 917 3859 2731 2984 408 
134 987 3994 2854 3120 447 
135 1034 4239 3066 3229 493 
136 1096 4434 3250 3324 540 
137 1074 4548 3455 3421 556 
138 1089 4764 3638 3568 587 
139 1138 4983 3840 3742 674 
140 1191 5218 3900 3937 717 
141 1289 5403 4053 4078 722 
142 1360 5661 4226 4223 756 
143 1458 5847 4419 4269 760 
144 1539 5987 4590 4417 816 
145 1580 6221 4858 4689 822 
146 1627 6418 4983 4968 850 
147 1680 6686 5166 5183 907 
148 1761 6873 5305 5468 970 
149 1830 7170 5631 5661 992 
150 1877 7399 5857 5829 1010 
151 2073 7553 5968 6042 1098 
152 2113 7776 6233 6254 1117 
153 2170 8076 6434 6490 1181 
154 2273 8401 6692 6789 1237 
155 2351 8609 6909 7016 1298 
156 2456 8833 7125 7157 1319 
157 2560 9078 7399 7423 1383 
158 2659 9298 7725 7729 1409 
159 2768 9525 7996 8051 1418 
160 2803 9584 8323 8286 1493 
161 2931 9871 8643 8561 1537 
162 3013 10095 8891 8930 1589 
163 3052 10346 9249 9241 1625 
164 3147 10589 9662 9424 1688 
165 3215 10692 9821 9691 1743 
166 3328 10978 10087 10017 1834 
167 3368 11095 10389 10346 1898 
168 3429 11472 10623 10793 1995 
169 3517 11727 10942 11078 2037 
170 3629 11724 11357 11193 2120 
171 3798 11667 11603 11523 2143 
172 3954 11987 11834 11727 2181 
173 4069 12123 12022 12071 2281 
174 4159 12244 12224 12256 2407 
175 4281 12334 12620 12626 2438 
176 4355 12464 12784 13017 2566 
177 4425 12444 13127 13196 2543 
178 4596 12530 13447 13379 2595 
179 4612 12451 13759 13483 2572 
180 4623 12516 14020 13729 2646 
181 4718 12478 14179 13787 2688 
182 4658 12489 14441 14177 2780 
183 4747 12401 14619 14267 2739 
184 4838 12528 14858 14279 2736 
185 4908 12523 14907 14486 2796 
186 4900 12407 14966 14492 2755 
187 4889 12428 15111 14656 2782 
188 4887 12363 15259 14815 2833 
189 4931 12361 15229 14818 2981 
190 5066 12236 15289 14928 2897 
191 5071 12014 15316 14832 2938 
192 5027 11879 15303 14794 2944 
193 5025 11669 15366 14709 3028 
194 4982 11458 15298 14807 3014 
195 4927 11238 15291 14906 3055 
196 4862 11093 15461 14882 3053 
197 4918 10971 15432 14908 3094 
198 4850 10889 15287 14715 3080 
199 4801 10579 15232 14494 3046 
200 4828 10424 15110 14348 3029 
201 4783 10163 15023 14281 2981 
202 4832 9866 14902 14229 2960 
203 4816 9669 14763 14116 2920 
204 4715 9462 14599 13992 2914 
205 4698 9184 14477 13824 2864 
206 4700 8985 14178 13563 2824 
207 4548 8783 14081 13365 2793 
208 4514 8675 13780 13388 2792 
209 4486 8488 13530 13337 2794 
210 4484 8176 13413 13108 2801 
211 4335 7926 13110 12788 2715 
212 4232 7655 12934 12512 2665 
213 4191 7389 12732 12310 2713 
214 4058 7151 12523 12052 2691 
215 3933 6960 12209 11678 2666 
216 3910 6774 12026 11412 2565 
217 3836 6614 11733 11053 2458 
218 3700 6327 11415 10869 2420 
219 3624 6127 11200 10742 2449 
220 3562 5875 11077 10458 2451 
221 3446 5756 10754 10187 2342 
222 3404 5582 10607 9911 2310 
223 3295 5311 10341 9649 2265 
224 3181 5174 10069 9345 2188 
225 3174 4977 9731 9069 2161 
226 3121 4816 9431 8783 2055 
227 3093 4580 9129 8561 2076 
228 2984 4412 9077 8362 1964 
229 2907 4260 8822 8047 1925 
230 2923 4160 8557 7785 1849 
231 2822 3970 8345 7701 1828 
232 2722 3853 8033 7508 1775 
233 2610 3679 7795 7319 1663 
234 2537 3482 7611 7090 1606 
235 2430 3291 7475 6917 1561 
236 2326 3168 7314 6658 1474 
237 2217 3019 7102 6406 1429 
238 2127 2911 6801 6110 1339 
239 2001 2819 6627 5858 1265 
240 1953 2743 6447 5696 1228 
241 1951 2588 6214 5516 1179 
242 1940 2509 5948 5345 1142 
243 1866 2412 5744 5209 1138 
244 1735 2236 5584 4978 1106 
245 1685 2132 5381 4795 1035 
246 1548 2115 5145 4673 972 
247 1525 2015 4987 4552 931 
248 1497 1947 4829 4433 889 
249 1452 1866 4671 4284 824 
250 1450 1815 4523 3965 792 
251 1428 1722 4345 3816 746 
252 1354 1697 4168 3644 708 
253 1313 1674 4045 3501 709 
254 1298 1613 3885 3343 697 
255 1236 1601 3715 3114 656 
256 1194 1516 3640 3004 626 
257 1100 1457 3531 2883 573 
258 1064 1453 3361 2797 583 
259 1047 1415 3224 2738 562 
260 983 1298 3158 2618 509 
261 950 1234 3095 2461 493 
262 900 1181 2947 2276 492 
263 883 1101 2809 2209 463 
264 862 1074 2655 2162 464 
265 851 1035 2529 2087 435 
266 829 984 2458 2011 435 
267 748 939 2387 1844 417 
268 666 871 2244 1743 404 
269 639 842 2109 1710 402 
270 623 809 1980 1649 381 
271 619 772 1825 1577 361 
272 579 700 1684 1554 357 
273 554 628 1569 1496 358 
274 513 611 1505 1456 349 
275 472 545 1403 1380 343 
276 460 517 1326 1266 302 
277 434 472 1257 1166 276 
278 409 481 1244 1085 252 
279 389 453 1215 1005 234 
280 353 453 1167 957 226 
281 313 445 1095 906 224 
282 307 396 1042 856 208 
283 295 366 1019 804 186 
284 296 366 965 780 171 
285 294 347 949 752 165 
286 296 333 940 706 165 
287 302 326 858 665 166 
288 275 332 791 644 187 
289 250 349 720 619 180 
290 252 318 737 584 183 
291 231 281 684 568 172 
292 232 252 666 557 149 
293 216 250 672 524 146 
294 190 237 605 483 148 
295 159 224 580 461 130 
296 154 217 537 429 128 
297 149 194 517 369 112 
298 139 183 472 355 97 
299 139 168 425 354 100 
300 135 149 392 357 87 
301 135 143 374 339 79 
302 124 129 353 340 76 
303 122 128 349 340 68 
304 103 127 340 301 66 
305 102 123 307 293 71 
306 94 106 292 291 70 
307 90 109 284 310 70 
308 101 111 275 285 75 
309 102 107 277 248 79 
310 100 99 267 229 81 
311 98 90 246 235 71 
312 89 84 223 219 64 
313 77 84 185 198 63 
314 74 87 175 171 57 
315 71 73 172 170 51 
316 76 73 168 164 53 
317 70 72 149 180 48 
318 66 63 145 175 47 
319 62 64 139 161 50 
320 64 59 144 156 54 
321 63 57 140 132 46 
322 54 49 131 123 39 
323 55 48 123 108 29 
324 48 38 114 121 29 
325 53 40 109 104 29 
326 48 31 117 96 32 
327 44 36 108 98 27 
328 41 38 98 90 19 
329 40 30 102 96 24 
330 36 33 94 79 29 
331 40 37 93 73 31 
332 33 33 99 73 29 
333 28 35 109 79 28 
334 28 40 107 80 23 
335 25 39 98 75 21 
336 23 37 95 71 19 
337 21 40 94 71 15 
338 27 46 87 66 10 
339 20 41 80 67 7 
340 20 36 82 69 2 
341 16 36 81 69 7 
342 19 34 80 75 7 
343 18 33 76 74 7 
344 19 33 82 63 6 
345 14 33 82 52 4 
346 16 26 66 44 4 
347 9 26 72 50 2 
348 11 23 68 45 0 
349 9 19 75 45 1 
350 12 18 67 44 1 
351 12 16 62 39 0 
352 15 10 60 46 0 
353 14 12 75 48 0 
354 15 11 84 39 0 
355 16 10 78 39 0 
356 12 8 77 39 0 
357 11 7 68 28 1 
358 10 8 65 22 1 
359 8 4 60 26 1 
360 6 8 61 20 2 
361 8 6 63 17 1 
362 8 7 57 20 3 
363 7 8 46 16 2 
364 4 11 35 13 3 
365 4 10 32 13 3 
366 4 10 26 10 3 
367 4 10 25 9 2 
368 6 8 22 8 2 
369 8 10 15 7 2 
370 7 7 16 8 3 
371 8 7 15 10 3 
372 5 5 12 9 1 
373 3 5 16 6 1 
374 3 3 17 9 0 
375 3 2 11 8 0 
376 3 1 9 6 0 
377 2 0 9 6 0 
378 2 0 10 5 0 
379 1 0 8 6 0 
380 1 0 14 3 0 
381 0 0 16 3 0 
382 0 0 13 4 0 
383 0 0 9 6 0 
384 0 0 11 7 0 
385 1 0 11 5 0 
386 1 0 10 4 0 
387 0 0 8 4 0 
388 0 0 8 7 0 
389 0 0 5 6 0 
390 0 0 7 6 0 
391 0 0 4 3 0 
392 0 0 4 3 0 
393 0 0 4 0 0 
394 0 0 5 0 0 
395 0 0 2 0 0 
396 0 0 2 0 0 
397 0 0 1 0 0 
398 0 0 1 0 0 
399 0 0 1 0 0 
400 0 0 0 0 0 
