1 0 8 0 0 0 
2 0 3 0 0 0 
3 0 3 0 0 0 
4 1 4 0 0 0 
5 0 5 0 0 0 
6 0 6 0 0 0 
7 0 6 0 0 0 
8 0 4 1 0 0 
9 0 3 0 0 0 
10 0 7 0 0 0 
11 1 8 0 3 0 
12 0 4 0 2 0 
13 0 8 0 0 0 
14 0 7 0 0 0 
15 0 8 0 0 0 
16 1 3 0 2 0 
17 1 11 0 0 0 
18 0 6 1 2 0 
19 0 12 0 1 0 
20 1 11 0 2 0 
21 2 10 1 1 0 
22 0 14 0 4 0 
23 2 13 3 4 0 
24 4 9 1 3 0 
25 0 11 0 1 0 
26 0 15 1 1 0 
27 0 13 3 4 0 
28 0 21 1 5 0 
29 0 16 3 5 0 
30 3 21 2 3 0 
31 1 16 5 5 0 
32 1 15 5 3 1 
33 1 22 5 9 0 
34 0 22 3 4 0 
35 1 20 2 1 0 
36 2 24 3 4 0 
37 0 24 2 5 0 
38 3 29 2 4 0 
39 3 25 8 11 0 
40 5 29 5 4 0 
41 5 33 13 6 0 
42 4 41 5 3 3 
43 3 41 5 13 1 
44 2 31 7 20 0 
45 1 28 13 8 0 
46 4 34 6 18 1 
47 5 35 13 18 2 
48 1 23 14 24 2 
49 4 30 15 21 2 
50 3 44 13 22 1 
51 10 50 17 16 0 
52 8 64 15 17 3 
53 8 60 13 20 1 
54 8 61 20 22 2 
55 6 87 27 19 2 
56 9 79 18 21 5 
57 8 88 16 30 6 
58 16 86 16 34 5 
59 12 115 26 35 3 
60 17 132 21 24 4 
61 18 127 26 33 2 
62 11 128 39 51 5 
63 23 124 52 49 2 
64 12 159 38 55 4 
65 24 145 49 53 4 
66 25 127 54 48 4 
67 40 159 48 49 3 
68 36 179 49 47 4 
69 32 163 52 54 4 
70 40 171 53 60 5 
71 41 193 46 58 1 
72 39 198 58 67 4 
73 43 228 68 82 6 
74 39 220 71 89 5 
75 41 229 75 82 7 
76 43 216 103 99 4 
77 41 229 87 120 9 
78 36 282 89 114 5 
79 43 286 106 120 13 
80 52 290 117 126 12 
81 46 304 121 137 9 
82 52 350 106 140 5 
83 54 348 119 143 6 
84 64 370 133 148 14 
85 64 376 150 155 7 
86 89 404 156 142 11 
87 78 418 141 167 18 
88 63 427 168 173 23 
89 61 453 164 170 15 
90 93 449 208 199 15 
91 83 493 197 214 23 
92 90 516 213 221 17 
93 102 545 242 250 26 
94 109 556 259 259 37 
95 114 551 238 300 32 
96 115 607 246 299 35 
97 136 613 293 323 37 
98 131 667 280 297 58 
99 149 725 283 320 47 
100 156 740 348 362 61 
101 181 772 312 409 56 
102 163 794 378 382 70 
103 155 888 368 444 56 
104 195 921 413 446 86 
105 182 939 444 436 83 
106 222 1003 449 438 70 
107 204 1031 509 505 82 
108 197 1132 468 546 96 
109 232 1160 500 611 117 
110 238 1159 493 597 106 
111 253 1201 510 636 107 
112 277 1297 558 704 112 
113 273 1317 641 685 131 
114 259 1397 697 763 131 
115 287 1470 769 769 129 
116 305 1554 774 845 146 
117 298 1640 816 901 178 
118 340 1656 875 970 168 
119 322 1720 890 1000 165 
120 339 1806 932 1003 178 
121 379 1883 998 1092 177 
122 367 1910 1069 1053 194 
123 402 1955 1139 1123 196 
124 429 2094 1212 1185 229 
125 426 2061 1220 1263 214 
126 454 2226 1301 1346 258 
127 482 2338 1425 1432 267 
128 526 2287 1480 1382 301 
129 520 2358 1542 1512 287 
130 574 2457 1512 1651 269 
131 654 2546 1604 1794 274 
132 627 2521 1694 1782 305 
133 695 2648 1773 1791 295 
134 647 2734 1858 1852 304 
135 688 2906 2014 2038 313 
136 743 2951 2061 2112 345 
137 738 3021 2137 2062 368 
138 806 3063 2223 2230 396 
139 823 3103 2219 2269 392 
140 803 3261 2325 2415 421 
141 891 3312 2426 2507 435 
142 836 3408 2435 2610 461 
143 932 3430 2555 2771 415 
144 950 3474 2702 2822 515 
145 957 3545 2879 2901 452 
146 1076 3560 2863 3109 541 
147 1062 3638 2969 3171 558 
148 1128 3643 3065 3292 555 
149 1126 3796 3119 3407 525 
150 1117 3901 3385 3465 585 
151 1112 3871 3374 3577 592 
152 1195 3890 3488 3601 562 
153 1283 3963 3721 3797 582 
154 1251 3999 3704 3826 663 
155 1187 4018 3946 3940 645 
156 1407 4028 3877 3879 676 
157 1319 4031 4063 4070 688 
158 1343 4119 4102 4096 733 
159 1410 4109 4212 4255 815 
160 1458 3919 4205 4362 804 
161 1453 4139 4395 4510 791 
162 1443 4179 4559 4406 823 
163 1540 4011 4560 4591 810 
164 1480 4060 4755 4642 809 
165 1561 4104 4679 4567 857 
166 1456 3984 4827 4606 831 
167 1547 4026 4819 4738 828 
168 1579 3830 4902 4893 879 
169 1619 3913 4895 4989 848 
170 1632 3901 4945 4937 878 
171 1605 3853 5096 4985 958 
172 1645 3903 5007 5180 940 
173 1586 3888 5109 5134 960 
174 1634 3637 5126 5099 952 
175 1692 3745 5032 5052 1018 
176 1804 3563 5116 5171 987 
177 1683 3563 5128 5157 1031 
178 1732 3684 5120 5127 1021 
179 1730 3445 5018 5228 1012 
180 1703 3324 5082 5172 931 
181 1713 3349 5003 5114 978 
182 1768 3180 5073 5139 969 
183 1626 3118 4961 5140 1012 
184 1667 3164 4963 5009 972 
185 1614 2997 4996 4933 1091 
186 1627 2938 4891 4848 993 
187 1602 2864 4729 4772 957 
188 1589 2878 4706 4632 1015 
189 1523 2840 4800 4645 995 
190 1540 2653 4670 4647 968 
191 1496 2571 4668 4460 885 
192 1523 2457 4645 4497 941 
193 1601 2411 4707 4434 904 
194 1568 2380 4646 4243 918 
195 1416 2342 4525 4087 920 
196 1418 2312 4531 4148 828 
197 1472 2249 4359 4013 862 
198 1418 2128 4304 3927 843 
199 1378 2141 4235 3840 841 
200 1282 2008 4063 3750 849 
201 1229 1882 4059 3746 798 
202 1213 1882 3916 3619 752 
203 1218 1851 3910 3654 764 
204 1182 1667 3818 3553 808 
205 1191 1686 3706 3413 694 
206 1111 1679 3571 3309 728 
207 1169 1622 3475 3160 719 
208 1121 1542 3373 3100 655 
209 1093 1504 3255 2950 635 
210 1015 1455 3262 2944 610 
211 1011 1377 3146 2938 613 
212 1010 1409 3104 2724 591 
213 963 1245 2996 2630 583 
214 920 1166 2888 2606 564 
215 887 1177 2828 2421 612 
216 903 1165 2714 2377 543 
217 876 1095 2682 2324 517 
218 815 1082 2554 2330 508 
219 853 1047 2435 2324 507 
220 775 1052 2369 2129 482 
221 712 991 2301 2211 485 
222 708 969 2257 2108 407 
223 700 912 2241 2035 417 
224 636 861 2113 1932 423 
225 619 826 2160 1874 404 
226 613 816 1933 1778 383 
227 599 823 1976 1715 362 
228 575 804 1879 1632 335 
229 557 792 1799 1640 335 
230 545 732 1780 1533 340 
231 524 686 1698 1548 288 
232 506 692 1621 1478 314 
233 515 683 1593 1430 288 
234 479 645 1520 1375 269 
235 496 601 1515 1306 306 
236 467 601 1414 1267 275 
237 468 615 1398 1212 277 
238 403 592 1349 1154 266 
239 399 525 1236 1144 217 
240 385 467 1133 1097 219 
241 396 418 1113 1044 219 
242 380 393 1064 1026 190 
243 320 391 1018 932 187 
244 342 403 970 939 191 
245 321 413 952 907 177 
246 306 375 894 895 184 
247 289 357 824 859 190 
248 265 326 843 771 170 
249 279 364 714 750 148 
250 267 293 744 766 152 
251 271 283 739 686 151 
252 287 321 647 662 145 
253 243 284 631 696 148 
254 225 229 562 655 136 
255 206 254 586 599 146 
256 230 230 612 607 160 
257 221 268 553 532 128 
258 191 243 500 539 124 
259 193 230 463 515 133 
260 177 191 511 483 121 
261 146 209 428 428 127 
262 140 203 391 484 98 
263 142 191 408 412 88 
264 141 195 397 368 99 
265 154 172 365 373 84 
266 144 198 369 357 95 
267 129 209 363 316 90 
268 129 184 291 321 77 
269 91 165 326 319 55 
270 116 169 291 262 89 
271 104 167 301 251 62 
272 103 144 246 244 57 
273 92 150 297 275 62 
274 79 146 235 249 55 
275 85 125 268 238 69 
276 71 122 241 231 42 
277 83 119 247 205 54 
278 74 122 232 207 48 
279 84 108 215 162 37 
280 67 101 182 184 34 
281 74 89 203 196 41 
282 61 89 191 191 28 
283 66 85 150 188 38 
284 77 72 168 169 41 
285 61 69 157 177 32 
286 47 81 143 162 31 
287 63 70 146 135 30 
288 42 79 161 158 35 
289 42 65 111 149 42 
290 55 67 130 139 33 
291 41 64 126 142 31 
292 48 56 129 118 28 
293 38 69 120 121 30 
294 39 51 115 110 26 
295 40 60 114 120 19 
296 55 65 96 114 26 
297 38 53 101 106 23 
298 41 46 94 104 22 
299 39 49 101 102 9 
300 32 38 104 98 20 
301 32 44 94 101 18 
302 30 44 74 106 16 
303 24 39 95 92 18 
304 37 35 94 101 10 
305 33 36 81 77 11 
306 24 44 66 65 18 
307 20 39 68 68 9 
308 21 36 60 64 11 
309 17 40 54 61 7 
310 20 46 75 65 16 
311 31 26 59 54 5 
312 31 44 54 36 5 
313 16 42 52 47 5 
314 21 42 50 35 8 
315 25 32 34 40 2 
316 17 33 39 34 2 
317 19 29 33 31 2 
318 15 28 36 35 1 
319 20 33 31 40 6 
320 19 28 27 23 4 
321 18 34 38 31 2 
322 22 30 28 30 2 
323 17 26 28 36 1 
324 16 25 29 18 3 
325 19 21 35 35 1 
326 10 24 33 29 0 
327 13 26 26 30 2 
328 9 16 25 29 1 
329 13 23 21 34 4 
330 14 19 23 31 4 
331 15 19 29 25 4 
332 3 9 21 34 4 
333 5 10 20 16 2 
334 13 26 19 17 2 
335 6 14 30 25 1 
336 6 10 21 18 3 
337 10 21 15 17 2 
338 6 6 13 10 4 
339 4 6 8 18 3 
340 6 5 15 19 0 
341 4 6 8 13 1 
342 3 7 8 6 1 
343 6 2 13 19 1 
344 3 5 16 6 1 
345 4 4 5 10 4 
346 6 5 9 6 4 
347 4 5 10 10 2 
348 3 7 3 8 0 
349 7 3 8 5 4 
350 1 3 13 4 2 
351 2 7 9 4 0 
352 3 4 6 7 0 
353 1 3 6 3 5 
354 6 3 2 6 2 
355 0 5 5 4 0 
356 2 3 1 7 0 
357 1 7 4 8 0 
358 0 1 4 11 0 
359 3 1 1 4 3 
360 2 3 3 8 2 
361 1 4 2 8 1 
362 4 6 1 4 0 
363 7 1 2 6 0 
364 7 0 1 5 2 
365 5 2 1 5 0 
366 7 0 2 5 0 
367 3 2 3 4 0 
368 3 5 3 8 0 
369 5 1 1 7 0 
370 7 3 2 8 0 
371 1 4 5 9 0 
372 4 0 3 2 0 
373 2 0 5 8 0 
374 3 2 7 6 0 
375 4 2 4 8 0 
376 0 4 6 2 1 
377 0 2 10 4 0 
378 3 1 10 2 1 
379 0 0 5 5 2 
380 3 1 7 3 1 
381 0 2 6 3 0 
382 1 4 4 2 0 
383 0 3 7 4 1 
384 0 2 5 2 0 
385 2 2 3 3 0 
386 0 2 4 1 0 
387 1 4 5 1 0 
388 0 3 4 1 0 
389 1 0 4 0 0 
390 0 1 2 1 0 
391 1 1 4 3 0 
392 0 1 5 1 0 
393 0 0 2 1 0 
394 0 2 3 0 0 
395 0 1 6 1 0 
396 1 1 0 2 0 
397 1 0 0 0 1 
398 0 2 2 3 0 
399 1 1 0 1 0 
400 0 0 3 0 0 
401 1 0 2 1 0 
402 0 0 2 2 0 
403 0 0 0 1 0 
404 0 0 0 1 0 
405 1 0 0 0 0 
406 0 0 0 0 0 
407 0 0 0 1 0 
408 0 0 0 1 0 
409 0 0 0 1 0 
410 0 0 0 0 0 
411 0 0 0 0 0 
412 0 0 0 0 0 
413 0 0 0 0 0 
