1 0 8 0 0 0 
2 0 9 0 0 0 
3 0 12 0 0 0 
4 0 13 0 0 0 
5 0 14 0 0 0 
6 0 14 0 0 0 
7 0 14 0 0 0 
8 0 10 0 0 0 
9 0 11 0 0 0 
10 0 17 0 2 0 
11 0 17 0 3 0 
12 0 21 0 7 0 
13 1 20 0 6 0 
14 0 20 1 2 0 
15 0 18 1 0 0 
16 0 17 0 0 0 
17 0 18 0 1 0 
18 0 17 0 0 0 
19 0 18 0 1 0 
20 0 19 0 0 0 
21 1 25 0 0 0 
22 1 26 0 2 0 
23 1 32 0 2 0 
24 2 28 0 2 0 
25 3 30 0 0 0 
26 2 34 0 0 0 
27 2 26 1 0 0 
28 1 26 2 0 0 
29 1 26 3 0 0 
30 1 27 3 0 0 
31 0 29 1 0 0 
32 0 26 1 0 0 
33 0 25 1 0 0 
34 1 29 1 0 0 
35 0 43 0 0 0 
36 1 48 2 1 1 
37 4 52 2 0 0 
38 4 45 4 0 0 
39 8 53 2 1 0 
40 9 47 3 3 0 
41 7 54 7 3 0 
42 9 49 8 6 0 
43 9 49 7 7 0 
44 9 51 6 8 0 
45 6 62 7 13 0 
46 7 66 6 14 0 
47 8 76 9 11 0 
48 11 87 11 13 0 
49 10 91 15 14 0 
50 14 91 12 16 1 
51 17 108 16 15 2 
52 28 125 19 17 1 
53 27 136 19 16 1 
54 23 154 17 21 3 
55 23 160 20 27 1 
56 21 156 22 32 1 
57 14 184 28 41 1 
58 22 192 24 44 1 
59 26 207 29 52 1 
60 36 219 34 60 1 
61 35 215 40 66 2 
62 40 196 51 71 3 
63 37 227 60 66 7 
64 32 219 62 74 9 
65 40 249 57 91 10 
66 41 273 57 101 7 
67 37 277 60 93 6 
68 36 305 64 99 8 
69 48 319 73 110 9 
70 57 323 76 109 8 
71 55 339 85 105 13 
72 56 359 91 117 16 
73 62 377 94 119 12 
74 65 396 119 134 13 
75 72 414 118 139 18 
76 76 407 116 148 22 
77 73 426 139 156 21 
78 81 461 154 170 24 
79 85 463 154 189 22 
80 98 494 172 199 29 
81 87 517 170 219 45 
82 85 561 184 245 42 
83 95 599 192 273 36 
84 100 641 224 264 43 
85 107 677 240 298 46 
86 98 714 271 307 52 
87 98 778 265 332 45 
88 103 809 283 336 57 
89 114 881 281 349 63 
90 111 925 280 384 61 
91 127 971 273 394 62 
92 130 1017 303 391 73 
93 155 1099 317 402 85 
94 153 1127 357 430 92 
95 173 1195 374 476 103 
96 194 1216 380 492 112 
97 223 1277 391 520 119 
98 232 1360 423 527 133 
99 226 1469 466 564 157 
100 233 1555 487 620 153 
101 247 1614 539 647 141 
102 259 1643 556 673 142 
103 261 1705 607 677 140 
104 284 1819 639 722 157 
105 319 1891 659 821 154 
106 348 1947 699 865 155 
107 368 1992 748 874 146 
108 397 2131 785 894 150 
109 443 2191 812 944 175 
110 443 2328 837 998 170 
111 456 2428 900 1047 178 
112 467 2498 966 1114 174 
113 505 2574 1024 1181 201 
114 520 2686 1067 1257 214 
115 554 2740 1132 1339 207 
116 556 2879 1219 1467 221 
117 584 3032 1325 1578 232 
118 637 3226 1420 1709 235 
119 632 3410 1494 1796 252 
120 680 3539 1518 1904 260 
121 715 3745 1640 1984 247 
122 733 3876 1723 2130 279 
123 796 4005 1830 2193 285 
124 786 4190 1921 2221 303 
125 838 4244 1991 2314 340 
126 886 4433 2146 2415 357 
127 891 4600 2245 2510 372 
128 941 4828 2371 2675 412 
129 995 5107 2566 2822 428 
130 1078 5306 2755 2894 448 
131 1081 5535 2847 3182 462 
132 1120 5759 3025 3307 487 
133 1177 5886 3219 3569 534 
134 1237 6076 3395 3851 583 
135 1318 6198 3515 3988 584 
136 1403 6349 3719 4115 589 
137 1432 6528 3746 4298 600 
138 1491 6732 3876 4508 591 
139 1614 6988 4070 4707 639 
140 1688 7285 4222 4986 671 
141 1727 7454 4397 5281 694 
142 1755 7644 4627 5525 734 
143 1773 7870 4819 5746 751 
144 1829 8100 4933 6001 738 
145 1865 8295 5252 6169 789 
146 1984 8386 5428 6390 796 
147 2064 8586 5665 6594 838 
148 2080 8868 5859 7039 934 
149 2161 9078 6136 7259 948 
150 2248 9353 6439 7543 967 
151 2377 9508 6804 7724 1057 
152 2458 9746 7089 7935 1041 
153 2516 9919 7325 8103 1110 
154 2647 10099 7673 8388 1141 
155 2772 10331 7904 8768 1164 
156 2868 10649 8284 9015 1188 
157 2905 10747 8687 9172 1198 
158 3020 10994 9058 9501 1196 
159 3110 11076 9470 9989 1271 
160 3317 11234 9818 10297 1320 
161 3377 11610 10161 10649 1392 
162 3509 11728 10366 10885 1429 
163 3680 11781 10803 11108 1504 
164 3723 11868 11153 11336 1563 
165 3764 11934 11399 11674 1607 
166 3818 11977 11584 12064 1676 
167 3915 12120 11751 12331 1753 
168 3999 12097 12209 12577 1815 
169 4152 12166 12536 12768 1831 
170 4210 12089 12838 13126 1876 
171 4303 12242 13101 13459 1899 
172 4377 12210 13406 13817 1957 
173 4475 12362 13644 14226 2062 
174 4570 12306 13982 14406 2125 
175 4662 12175 14207 14470 2181 
176 4643 12235 14542 14795 2254 
177 4761 12296 14817 14846 2312 
178 4879 12292 15019 14995 2368 
179 4974 12182 15231 15076 2425 
180 4979 12152 15369 15220 2517 
181 4941 12119 15359 15328 2541 
182 4981 12096 15486 15584 2574 
183 5041 12004 15703 15720 2662 
184 5026 11793 15913 15715 2680 
185 5092 11635 15892 15729 2708 
186 5127 11445 15853 15767 2745 
187 5152 11299 15905 15688 2722 
188 5144 11025 16028 15664 2711 
189 5083 10910 16061 15644 2676 
190 5027 10712 16143 15419 2707 
191 4986 10379 16024 15309 2745 
192 5039 10253 16065 15352 2823 
193 5031 10125 16039 15204 2834 
194 5014 9914 15859 15092 2798 
195 4887 9637 15851 14900 2853 
196 4772 9357 15814 14689 2914 
197 4728 9133 15781 14335 2944 
198 4641 8927 15877 14175 2984 
199 4668 8716 15644 14021 3053 
200 4616 8499 15673 13784 3073 
201 4575 8386 15313 13506 3100 
202 4528 8212 15205 13340 3081 
203 4512 7939 14959 13285 2947 
204 4548 7587 14592 13014 2846 
205 4433 7311 14374 12840 2812 
206 4309 7209 14074 12560 2774 
207 4180 6961 13782 12242 2777 
208 3990 6751 13519 12094 2791 
209 3915 6553 13217 11981 2666 
210 3887 6370 12930 11750 2608 
211 3769 6136 12664 11553 2571 
212 3673 5908 12310 11328 2518 
213 3605 5664 12085 11155 2539 
214 3555 5461 11949 10913 2512 
215 3451 5340 11789 10751 2420 
216 3348 5221 11464 10396 2368 
217 3284 5047 11245 10016 2335 
218 3237 4879 10909 9825 2235 
219 3131 4866 10538 9560 2124 
220 3049 4704 10371 9265 2038 
221 2957 4489 10113 9079 1968 
222 2908 4340 9770 8764 1890 
223 2871 4183 9535 8495 1818 
224 2826 4080 9293 8308 1735 
225 2724 3962 9071 8029 1605 
226 2640 3827 8734 7938 1551 
227 2498 3661 8417 7750 1514 
228 2469 3561 8194 7438 1482 
229 2391 3401 7897 7248 1434 
230 2254 3236 7692 6939 1438 
231 2150 3146 7340 6705 1426 
232 2124 3075 7025 6470 1407 
233 2047 2932 6700 6202 1387 
234 2008 2859 6472 5982 1362 
235 1947 2747 6202 5870 1337 
236 1833 2617 5982 5548 1310 
237 1818 2498 5870 5364 1268 
238 1808 2433 5673 5221 1173 
239 1806 2384 5426 5065 1165 
240 1738 2237 5242 4883 1136 
241 1665 2100 5021 4640 1138 
242 1551 2023 4830 4536 1106 
243 1501 1987 4741 4281 1108 
244 1471 1894 4547 4113 1048 
245 1365 1757 4332 3871 1063 
246 1278 1679 4095 3756 989 
247 1217 1616 3957 3625 988 
248 1209 1529 3876 3504 923 
249 1172 1434 3637 3355 868 
250 1164 1364 3551 3239 862 
251 1081 1302 3437 3165 785 
252 1025 1282 3324 3064 749 
253 962 1189 3086 3003 732 
254 908 1163 2980 2843 692 
255 900 1148 2949 2806 661 
256 883 1074 2794 2696 628 
257 834 1023 2698 2619 569 
258 788 941 2575 2478 535 
259 743 922 2477 2401 517 
260 701 864 2351 2313 494 
261 659 830 2261 2255 493 
262 619 743 2226 2176 460 
263 636 695 2145 2091 439 
264 613 689 2047 2007 414 
265 600 671 1953 1978 386 
266 594 651 1880 1917 355 
267 567 635 1858 1823 343 
268 559 626 1836 1712 320 
269 562 586 1713 1670 324 
270 514 565 1671 1603 316 
271 516 520 1577 1498 315 
272 477 509 1511 1490 313 
273 470 515 1471 1360 309 
274 449 525 1391 1305 310 
275 427 487 1390 1264 307 
276 388 481 1293 1245 301 
277 360 475 1221 1180 303 
278 339 451 1179 1152 288 
279 331 439 1121 1142 269 
280 320 417 1080 1088 247 
281 320 388 985 1082 237 
282 305 361 977 1072 230 
283 311 343 899 1025 243 
284 293 330 864 957 235 
285 290 342 830 918 224 
286 297 310 779 912 207 
287 286 314 732 839 197 
288 286 310 706 851 181 
289 262 283 727 808 168 
290 260 251 716 775 166 
291 241 258 709 752 156 
292 251 246 697 728 156 
293 224 238 668 654 158 
294 204 228 644 621 160 
295 225 210 645 591 150 
296 215 204 608 553 137 
297 197 182 603 540 127 
298 184 177 579 510 109 
299 178 176 542 480 114 
300 164 171 519 449 113 
301 145 170 516 396 114 
302 145 173 493 382 98 
303 140 186 463 391 84 
304 158 170 448 393 73 
305 156 169 448 349 72 
306 151 146 406 349 72 
307 132 155 408 361 76 
308 147 151 425 341 80 
309 134 130 419 359 71 
310 115 120 423 335 61 
311 99 109 396 317 63 
312 106 92 375 314 66 
313 97 82 349 295 54 
314 98 85 340 323 51 
315 102 78 319 302 53 
316 99 78 304 299 52 
317 92 83 280 245 63 
318 90 77 281 226 50 
319 90 70 261 242 49 
320 89 67 238 232 54 
321 74 59 250 198 58 
322 78 58 242 200 51 
323 88 57 236 205 47 
324 82 58 211 201 42 
325 73 67 204 197 43 
326 69 83 186 190 33 
327 69 82 178 203 33 
328 64 84 178 189 30 
329 53 86 167 202 32 
330 39 83 152 192 33 
331 41 89 143 194 28 
332 52 82 131 199 29 
333 57 81 143 197 30 
334 62 92 133 203 32 
335 63 78 134 188 32 
336 55 79 125 181 31 
337 55 69 122 167 21 
338 55 62 115 154 20 
339 55 58 106 149 15 
340 46 53 103 134 18 
341 42 49 97 139 22 
342 38 41 86 150 19 
343 44 36 85 144 21 
344 40 39 88 130 19 
345 47 38 98 118 21 
346 40 33 94 104 18 
347 38 39 91 94 19 
348 38 32 94 88 19 
349 35 30 94 82 21 
350 36 28 94 85 17 
351 33 39 83 79 14 
352 22 27 86 73 13 
353 14 25 79 69 16 
354 8 26 71 68 16 
355 11 20 75 63 16 
356 11 19 76 59 16 
357 14 17 74 53 13 
358 15 14 63 53 11 
359 15 15 59 42 14 
360 16 15 63 45 11 
361 13 17 61 48 12 
362 14 19 65 49 14 
363 12 17 63 46 12 
364 11 13 56 36 14 
365 11 9 47 34 12 
366 13 7 46 36 10 
367 13 6 45 41 10 
368 14 8 39 39 8 
369 18 10 44 33 7 
370 19 10 38 29 10 
371 15 6 44 31 10 
372 14 7 41 28 8 
373 11 6 28 38 6 
374 11 5 31 35 8 
375 9 5 29 36 9 
376 9 4 28 35 8 
377 9 4 25 39 6 
378 11 7 22 37 9 
379 11 8 18 31 8 
380 13 12 12 32 5 
381 16 7 10 23 4 
382 11 5 9 20 4 
383 12 6 8 23 5 
384 12 9 8 25 6 
385 10 9 4 22 3 
386 9 6 6 22 1 
387 10 4 10 16 0 
388 9 5 11 12 0 
389 6 4 12 10 0 
390 5 5 13 11 0 
391 4 6 17 5 0 
392 4 4 17 8 0 
393 1 2 14 9 0 
394 0 2 16 10 0 
395 0 2 17 5 1 
396 0 2 19 6 0 
397 1 2 23 4 0 
398 1 2 21 4 2 
399 1 2 19 3 3 
400 1 2 23 4 4 
401 1 2 13 4 3 
402 0 1 12 2 4 
403 0 1 10 4 2 
404 0 1 9 2 5 
405 0 1 7 1 5 
406 0 1 6 1 6 
407 0 1 6 0 11 
408 1 0 4 0 10 
409 2 0 2 0 8 
410 2 0 2 0 8 
411 5 0 1 0 5 
412 2 0 1 0 4 
413 2 0 1 0 4 
414 4 0 3 0 4 
415 4 0 2 0 6 
416 3 0 3 0 5 
417 3 0 4 0 5 
418 2 0 6 0 5 
419 2 0 4 0 6 
420 1 0 4 0 3 
421 0 0 2 0 1 
422 0 0 2 0 1 
423 0 0 1 0 1 
424 0 0 1 0 1 
425 0 0 1 0 2 
426 0 0 0 0 3 
427 0 0 0 0 4 
428 0 0 0 0 4 
429 0 0 0 0 4 
430 0 0 0 0 4 
431 0 0 0 0 3 
432 0 0 0 0 4 
433 0 0 0 0 4 
434 0 0 0 0 4 
435 0 0 0 0 1 
436 0 0 0 0 1 
437 0 0 0 0 0 
