1 0 4 0 0 0 
2 1 4 0 0 0 
3 0 5 0 0 0 
4 1 3 0 0 0 
5 0 7 0 0 0 
6 0 7 0 0 0 
7 0 6 0 0 0 
8 0 9 0 0 0 
9 0 9 0 0 0 
10 2 7 0 0 0 
11 2 6 0 1 0 
12 1 7 2 1 0 
13 0 5 1 0 0 
14 0 6 3 0 0 
15 0 8 1 1 0 
16 2 5 3 0 0 
17 1 10 3 0 0 
18 0 9 2 0 0 
19 0 7 1 0 0 
20 1 4 1 0 0 
21 1 3 3 0 0 
22 0 3 0 1 0 
23 0 1 5 0 0 
24 0 1 1 0 0 
25 0 3 1 0 0 
26 0 5 0 0 0 
27 0 1 1 0 0 
28 0 1 4 0 0 
29 1 1 0 0 0 
30 0 3 3 0 0 
31 0 2 2 0 0 
32 0 1 2 3 0 
33 0 3 2 2 0 
34 0 4 0 2 0 
35 1 2 0 1 0 
36 0 2 0 1 0 
37 0 0 0 1 0 
38 1 4 3 1 0 
39 1 1 1 1 0 
40 0 4 6 0 0 
41 1 1 5 0 0 
42 2 2 5 0 0 
43 2 1 2 3 0 
44 1 1 0 2 0 
45 2 2 5 2 0 
46 0 1 8 2 0 
47 2 1 3 3 0 
48 1 0 7 6 0 
49 1 0 9 3 0 
50 1 0 7 1 0 
51 0 0 5 5 0 
52 0 0 5 0 0 
53 1 1 4 3 0 
54 0 2 3 2 1 
55 1 0 1 2 0 
56 0 2 3 4 0 
57 0 0 4 3 0 
58 0 0 3 4 0 
59 0 0 2 3 0 
60 0 0 2 4 0 
61 0 0 3 7 0 
62 0 0 6 11 0 
63 0 0 1 6 0 
64 0 0 3 6 0 
65 0 0 1 5 0 
66 1 0 1 5 0 
67 2 0 0 3 0 
68 1 0 0 6 0 
69 2 2 1 6 0 
70 1 0 0 6 0 
71 0 0 3 8 0 
72 0 4 2 4 0 
73 0 1 1 0 0 
74 2 3 0 1 0 
75 0 3 2 1 0 
76 0 1 1 2 0 
77 0 1 0 0 0 
78 1 1 1 1 0 
79 1 2 0 1 0 
80 0 8 2 0 0 
81 1 4 2 0 0 
82 0 3 1 0 0 
83 0 3 0 0 0 
84 0 3 5 0 0 
85 0 1 3 0 0 
86 3 1 2 0 0 
87 1 4 0 0 1 
88 0 3 3 0 0 
89 0 2 1 0 0 
90 0 3 2 0 0 
91 0 4 0 0 0 
92 0 5 1 0 0 
93 0 11 1 0 0 
94 0 9 1 0 0 
95 0 15 2 0 0 
96 0 15 0 0 0 
97 0 14 0 0 0 
98 1 17 0 2 0 
99 1 11 0 0 0 
100 0 9 0 0 0 
101 0 10 1 1 0 
102 0 14 0 0 0 
103 0 17 1 0 0 
104 0 9 1 1 0 
105 0 12 2 0 0 
106 1 12 0 2 0 
107 0 9 2 1 0 
108 0 22 1 2 0 
109 1 8 0 4 0 
110 0 12 0 2 0 
111 0 12 0 2 0 
112 0 16 1 1 0 
113 0 16 3 0 0 
114 1 18 4 0 0 
115 2 13 1 2 0 
116 2 15 4 2 0 
117 3 17 1 1 0 
118 7 8 4 2 0 
119 2 18 5 3 0 
120 0 18 2 4 0 
121 2 21 2 3 0 
122 2 18 5 3 0 
123 5 19 5 1 0 
124 5 22 7 3 0 
125 3 21 19 1 0 
126 5 28 11 6 0 
127 5 12 6 4 0 
128 3 20 12 4 0 
129 5 19 9 4 0 
130 5 24 7 6 0 
131 3 22 13 7 0 
132 7 24 12 8 0 
133 4 34 13 3 1 
134 6 42 14 3 0 
135 2 50 15 12 2 
136 8 46 21 7 1 
137 5 41 11 18 2 
138 8 43 22 11 1 
139 9 53 27 22 0 
140 10 51 26 12 0 
141 6 63 22 29 0 
142 8 53 36 25 0 
143 12 53 25 20 3 
144 17 56 21 23 1 
145 17 79 25 26 3 
146 19 74 32 28 1 
147 22 75 50 31 4 
148 27 89 36 37 5 
149 14 93 45 34 3 
150 15 117 48 35 4 
151 12 114 52 42 3 
152 14 97 56 39 5 
153 10 133 57 50 8 
154 13 120 55 38 8 
155 16 154 48 33 10 
156 19 148 70 38 8 
157 19 145 41 38 14 
158 25 165 57 42 13 
159 26 195 64 39 10 
160 20 200 60 54 15 
161 32 181 72 41 5 
162 28 187 64 56 6 
163 28 211 72 61 11 
164 37 239 65 51 17 
165 38 232 85 64 9 
166 42 204 71 58 12 
167 36 220 78 57 11 
168 55 233 66 70 12 
169 39 252 76 81 9 
170 49 260 89 71 19 
171 68 309 85 74 26 
172 59 292 92 77 20 
173 59 337 107 107 23 
174 54 327 110 90 31 
175 66 343 128 123 26 
176 42 361 116 127 34 
177 65 375 105 116 35 
178 61 400 141 123 37 
179 76 442 155 147 33 
180 84 451 169 173 35 
181 99 465 160 172 38 
182 99 515 198 185 56 
183 109 512 196 213 38 
184 83 508 189 223 54 
185 123 596 220 248 44 
186 99 595 224 281 61 
187 115 627 245 274 64 
188 133 638 282 332 58 
189 109 646 245 343 75 
190 123 669 261 340 70 
191 170 710 320 404 81 
192 175 768 361 401 90 
193 189 780 354 430 103 
194 155 799 374 475 96 
195 172 920 364 451 106 
196 206 872 403 527 90 
197 180 927 463 545 111 
198 200 985 472 576 109 
199 205 1066 502 560 118 
200 211 1082 551 657 100 
201 200 1078 591 678 159 
202 258 1141 573 672 146 
203 257 1152 595 716 155 
204 237 1167 651 780 152 
205 261 1259 697 816 158 
206 270 1384 685 895 152 
207 309 1429 775 852 165 
208 340 1557 775 927 175 
209 336 1633 857 969 180 
210 359 1662 927 1056 184 
211 361 1675 941 1058 195 
212 406 1712 963 1086 218 
213 423 1819 1020 1214 198 
214 479 1878 1153 1302 235 
215 470 1930 1176 1351 239 
216 508 1997 1189 1464 251 
217 489 2105 1232 1480 261 
218 531 2208 1337 1561 231 
219 550 2277 1367 1729 298 
220 614 2423 1438 1673 280 
221 583 2449 1591 1751 299 
222 645 2470 1561 1917 300 
223 638 2614 1691 1990 315 
224 734 2633 1712 2016 343 
225 721 2680 1839 2168 324 
226 812 2864 1903 2256 345 
227 836 2906 1993 2306 348 
228 796 2909 2219 2399 391 
229 843 2973 2201 2523 400 
230 900 3198 2193 2572 416 
231 922 3221 2375 2629 410 
232 929 3299 2367 2694 421 
233 965 3333 2572 2878 490 
234 978 3371 2735 3024 450 
235 967 3356 2810 3100 476 
236 1008 3507 2898 3182 493 
237 1077 3509 3106 3270 543 
238 1091 3721 3105 3317 551 
239 1127 3740 3235 3500 568 
240 1145 3830 3390 3590 590 
241 1159 3812 3446 3712 614 
242 1247 3820 3563 3846 629 
243 1267 3858 3637 3917 654 
244 1324 3896 3685 3992 637 
245 1291 3912 4002 4035 622 
246 1293 4068 4048 4169 690 
247 1311 3947 3968 4178 706 
248 1345 4112 4305 4354 694 
249 1352 4116 4364 4419 771 
250 1387 4115 4457 4495 785 
251 1436 4162 4521 4600 752 
252 1449 4105 4626 4678 750 
253 1525 4027 4638 4689 796 
254 1564 4147 4778 4844 833 
255 1558 3966 4860 4853 876 
256 1635 3956 4960 4848 879 
257 1639 3967 5019 5006 889 
258 1665 3918 4938 5112 876 
259 1677 3832 5066 5292 881 
260 1671 3912 5071 5140 922 
261 1705 3886 5084 5197 882 
262 1748 3944 5228 5108 928 
263 1666 3676 5113 5131 910 
264 1725 3720 5281 5333 961 
265 1717 3578 5262 5068 959 
266 1703 3696 5241 5211 986 
267 1730 3606 5367 5246 984 
268 1724 3515 5389 5154 988 
269 1713 3621 5428 5041 967 
270 1753 3471 5381 5018 985 
271 1677 3350 5433 5062 972 
272 1698 3327 5420 5075 953 
273 1691 3241 5428 5016 980 
274 1682 3288 5439 4972 1025 
275 1657 3287 5312 4779 968 
276 1638 3245 5245 4958 1023 
277 1558 3159 5366 4854 963 
278 1613 3059 5388 4801 987 
279 1666 2940 5221 4922 918 
280 1633 2896 5160 4667 904 
281 1594 2796 5034 4658 865 
282 1570 2712 5104 4630 916 
283 1550 2611 4904 4533 841 
284 1534 2548 4886 4455 928 
285 1479 2519 4729 4323 858 
286 1566 2420 4765 4253 847 
287 1466 2327 4542 4184 802 
288 1466 2340 4575 4085 857 
289 1418 2321 4390 4036 819 
290 1420 2157 4353 3903 832 
291 1351 2020 4217 3982 785 
292 1373 2031 4076 3811 771 
293 1293 1969 3941 3640 810 
294 1248 1906 3903 3682 698 
295 1323 1848 3837 3459 739 
296 1297 1746 3795 3323 688 
297 1225 1681 3563 3208 640 
298 1253 1599 3407 3284 706 
299 1127 1599 3298 3080 706 
300 1129 1477 3290 3023 648 
301 1037 1487 3153 2874 641 
302 997 1462 3104 2902 636 
303 975 1375 2986 2844 605 
304 902 1333 2826 2643 566 
305 888 1204 2757 2506 568 
306 922 1195 2675 2504 570 
307 891 1185 2555 2414 513 
308 842 1134 2538 2306 563 
309 743 1144 2350 2211 524 
310 725 1077 2382 2178 463 
311 708 1014 2282 2084 477 
312 671 1003 2148 2010 407 
313 699 986 2128 2009 466 
314 679 896 2086 1865 425 
315 676 919 1966 1884 411 
316 635 860 1932 1799 407 
317 574 803 1854 1684 435 
318 575 767 1812 1582 416 
319 579 704 1653 1637 352 
320 562 675 1685 1546 371 
321 550 678 1628 1494 301 
322 471 603 1554 1379 304 
323 445 629 1481 1420 310 
324 431 573 1371 1326 261 
325 473 623 1406 1313 278 
326 421 542 1338 1252 270 
327 407 500 1254 1170 298 
328 403 479 1193 1150 239 
329 335 462 1133 1065 231 
330 366 434 1072 1009 236 
331 328 458 1059 993 226 
332 309 409 1005 950 221 
333 316 381 920 917 218 
334 279 385 898 840 207 
335 300 339 843 786 224 
336 275 375 814 758 196 
337 267 342 800 771 205 
338 233 334 801 703 177 
339 224 320 716 700 182 
340 234 270 746 635 172 
341 231 271 664 636 148 
342 221 264 639 621 152 
343 191 221 657 535 139 
344 172 230 607 517 133 
345 196 244 647 513 127 
346 160 210 572 519 122 
347 159 209 537 459 117 
348 169 198 531 498 125 
349 150 189 544 401 112 
350 135 169 449 452 99 
351 124 191 491 414 83 
352 116 167 506 385 97 
353 115 162 425 409 100 
354 120 171 390 390 89 
355 125 142 415 343 99 
356 134 160 366 358 97 
357 130 123 362 319 93 
358 101 128 336 290 69 
359 120 107 346 303 78 
360 105 110 334 317 68 
361 112 92 303 276 75 
362 110 104 260 243 77 
363 90 90 288 281 83 
364 89 91 263 241 84 
365 73 89 249 238 86 
366 88 73 225 234 79 
367 73 82 236 196 55 
368 73 74 202 189 69 
369 59 87 200 167 53 
370 56 58 214 197 57 
371 52 79 187 167 49 
372 61 69 171 182 50 
373 56 54 146 156 42 
374 61 68 152 147 56 
375 53 62 132 137 39 
376 58 58 148 140 52 
377 63 60 144 121 45 
378 61 65 148 135 44 
379 41 52 134 104 39 
380 47 62 127 124 43 
381 50 63 119 118 41 
382 31 52 126 103 37 
383 36 48 126 103 39 
384 29 53 113 87 25 
385 42 41 84 55 23 
386 37 41 110 86 37 
387 35 38 79 58 22 
388 27 26 91 56 27 
389 23 26 99 68 28 
390 31 34 73 58 24 
391 20 29 81 53 22 
392 28 19 75 37 16 
393 20 21 82 59 14 
394 20 30 73 50 22 
395 18 18 80 41 7 
396 21 19 59 40 9 
397 27 15 66 52 12 
398 19 23 56 48 7 
399 16 24 102 47 7 
400 16 16 69 43 14 
401 25 15 69 43 11 
402 17 17 61 31 8 
403 20 21 55 42 12 
404 10 8 61 46 6 
405 11 14 59 41 7 
406 11 13 48 38 2 
407 12 14 63 52 5 
408 12 15 58 46 3 
409 9 16 68 38 2 
410 6 11 40 39 1 
411 6 11 43 35 2 
412 9 8 32 39 0 
413 6 10 25 33 1 
414 7 8 34 36 2 
415 8 9 33 29 1 
416 11 8 36 21 0 
417 7 7 35 27 1 
418 8 8 19 27 1 
419 6 8 24 17 2 
420 7 8 19 20 1 
421 5 8 15 15 4 
422 9 7 24 26 4 
423 7 5 29 25 3 
424 5 3 25 23 3 
425 5 9 25 21 3 
426 8 8 22 27 1 
427 9 4 24 26 1 
428 4 7 26 22 6 
429 8 8 19 21 6 
430 6 2 22 23 6 
431 6 8 26 19 3 
432 5 11 17 19 3 
433 7 6 26 19 4 
434 5 8 26 20 1 
435 7 11 21 17 0 
436 4 10 21 13 1 
437 3 8 21 25 1 
438 2 10 26 17 4 
439 5 11 13 21 1 
440 4 13 14 15 0 
441 2 10 11 16 1 
442 0 14 19 12 0 
443 3 4 26 6 1 
444 5 9 22 11 0 
445 5 6 16 12 0 
446 3 5 24 18 0 
447 2 7 17 14 1 
448 0 9 19 19 1 
449 5 5 19 10 0 
450 0 9 11 13 0 
451 1 9 20 12 0 
452 3 4 12 15 1 
453 6 8 10 12 2 
454 5 8 18 13 0 
455 5 10 10 16 1 
456 7 8 15 8 0 
457 4 6 6 10 0 
458 3 6 9 19 0 
459 8 11 7 8 0 
460 4 9 10 7 0 
461 3 3 10 15 0 
462 3 8 11 14 0 
463 1 3 10 5 1 
464 7 7 16 7 1 
465 2 12 13 6 1 
466 3 9 11 8 2 
467 5 12 10 12 0 
468 2 8 9 4 0 
469 6 4 6 12 2 
470 7 3 6 9 0 
471 2 3 6 7 0 
472 5 5 8 7 0 
473 3 11 10 7 0 
474 3 6 12 11 0 
475 4 5 5 9 0 
476 1 8 4 7 1 
477 1 9 11 5 0 
478 2 9 10 6 0 
479 0 7 8 5 0 
480 3 5 7 8 0 
481 1 9 9 7 0 
482 0 6 7 5 0 
483 0 4 5 4 0 
484 2 0 10 3 0 
485 0 3 13 3 0 
486 1 4 9 5 0 
487 0 6 9 7 0 
488 2 4 5 8 0 
489 3 1 3 6 0 
490 6 3 10 9 0 
491 2 2 4 6 0 
492 5 2 10 7 0 
493 1 3 10 6 0 
494 5 2 8 8 0 
495 0 5 11 12 0 
496 3 9 9 7 1 
497 6 4 12 16 1 
498 3 5 1 8 0 
499 3 5 13 10 0 
500 0 4 8 6 0 
501 6 3 8 3 0 
502 2 6 7 10 0 
503 1 6 7 6 0 
504 4 4 10 5 1 
505 1 5 3 12 1 
506 1 3 7 6 1 
507 5 1 4 2 0 
508 4 1 7 5 0 
509 0 1 5 3 0 
510 2 2 5 6 1 
511 1 1 6 4 0 
512 0 3 3 9 1 
513 2 1 8 7 0 
514 0 1 10 2 0 
515 0 0 8 3 0 
516 4 0 13 3 0 
517 2 2 6 5 0 
518 0 2 5 6 0 
519 1 1 11 7 0 
520 3 0 8 9 0 
521 1 0 2 6 0 
522 2 0 9 5 0 
523 0 0 8 2 0 
524 0 0 9 2 0 
525 1 1 7 1 0 
526 1 0 5 1 0 
527 0 0 2 3 0 
528 0 1 6 6 0 
529 0 0 3 2 0 
530 0 0 3 2 0 
531 0 0 3 0 0 
532 0 0 3 1 0 
533 0 0 2 0 0 
534 0 0 1 1 0 
535 0 0 4 0 0 
536 0 0 2 0 0 
537 0 0 2 0 0 
538 0 0 4 0 0 
539 0 0 2 0 0 
540 0 0 2 0 0 
541 0 0 1 0 0 
542 0 0 2 0 0 
543 0 0 1 0 0 
544 0 0 0 0 0 
545 0 0 0 0 0 
546 0 0 1 0 0 
547 0 0 0 0 0 
548 0 0 2 0 0 
549 0 0 1 0 0 
550 0 0 0 0 0 
551 0 0 0 0 0 
