1 0 10 0 0 0 
2 0 10 0 0 0 
3 0 7 1 0 0 
4 0 7 0 0 0 
5 0 9 0 0 1 
6 0 8 0 0 0 
7 0 8 0 0 0 
8 0 8 1 0 0 
9 0 9 4 0 0 
10 0 9 3 0 0 
11 0 10 4 0 0 
12 0 11 7 0 0 
13 0 10 9 0 0 
14 1 16 7 0 0 
15 0 19 9 0 0 
16 0 16 9 1 0 
17 0 15 8 2 0 
18 0 14 9 3 0 
19 0 10 10 3 0 
20 0 12 8 2 0 
21 0 13 10 2 0 
22 0 13 8 1 0 
23 0 18 6 0 0 
24 0 18 7 0 0 
25 0 21 11 0 0 
26 0 30 10 1 0 
27 2 42 14 0 0 
28 2 40 13 2 0 
29 1 47 10 1 1 
30 4 47 12 1 0 
31 8 48 17 0 0 
32 8 42 16 0 0 
33 10 45 20 2 0 
34 8 48 21 5 0 
35 7 67 23 7 0 
36 7 85 20 7 0 
37 7 84 24 14 0 
38 4 82 33 14 1 
39 6 84 33 15 1 
40 9 98 38 20 1 
41 15 105 35 30 2 
42 16 108 36 32 2 
43 18 126 43 34 1 
44 22 138 47 35 2 
45 22 149 45 29 3 
46 22 147 47 29 5 
47 24 150 44 28 4 
48 20 141 41 26 2 
49 21 146 52 31 5 
50 21 157 52 41 5 
51 22 177 59 43 7 
52 20 190 69 39 7 
53 21 190 75 29 7 
54 25 189 76 45 5 
55 22 200 75 45 5 
56 21 208 80 43 4 
57 21 220 81 53 3 
58 26 240 76 53 3 
59 31 257 88 51 4 
60 40 264 97 50 4 
61 36 265 104 57 3 
62 38 269 90 67 3 
63 37 285 89 66 4 
64 45 293 102 78 7 
65 50 297 104 89 10 
66 56 310 108 95 9 
67 64 323 106 109 8 
68 60 338 111 124 8 
69 62 335 123 123 11 
70 73 355 121 128 12 
71 72 387 133 152 15 
72 77 424 137 165 14 
73 86 457 160 166 13 
74 92 494 179 176 20 
75 88 486 179 184 20 
76 95 567 193 182 21 
77 104 585 239 202 25 
78 109 643 246 224 21 
79 101 643 268 231 21 
80 129 669 302 231 19 
81 126 714 330 252 21 
82 143 704 347 277 25 
83 150 722 364 313 28 
84 154 781 374 341 27 
85 149 812 374 388 29 
86 161 870 385 429 25 
87 177 919 426 447 33 
88 189 957 435 462 43 
89 199 985 457 489 47 
90 212 1068 475 511 39 
91 212 1095 510 517 47 
92 229 1182 505 561 42 
93 226 1203 532 567 43 
94 245 1254 568 625 47 
95 250 1323 590 645 60 
96 264 1397 622 693 67 
97 273 1528 638 724 75 
98 303 1642 648 807 77 
99 307 1755 690 873 85 
100 339 1843 683 969 110 
101 381 1900 744 960 107 
102 378 2015 776 979 109 
103 425 2091 767 1036 114 
104 416 2205 811 1132 120 
105 452 2323 876 1176 121 
106 496 2410 886 1190 128 
107 510 2569 948 1247 122 
108 541 2706 1020 1327 125 
109 575 2903 1059 1446 137 
110 581 3084 1148 1505 150 
111 619 3236 1222 1592 159 
112 608 3407 1266 1683 182 
113 655 3546 1364 1770 208 
114 689 3628 1424 1910 200 
115 736 3751 1524 2031 211 
116 748 3845 1609 2244 209 
117 761 3998 1674 2339 231 
118 767 4201 1767 2406 250 
119 796 4363 1848 2506 259 
120 840 4538 2059 2673 283 
121 876 4689 2205 2851 298 
122 941 4855 2332 2980 330 
123 1031 4975 2488 3179 321 
124 1111 5210 2579 3327 335 
125 1195 5480 2784 3548 361 
126 1214 5682 2963 3728 395 
127 1299 5950 3184 3882 382 
128 1332 6222 3419 4061 391 
129 1365 6492 3528 4367 427 
130 1436 6782 3676 4459 472 
131 1508 6963 3933 4616 501 
132 1585 7257 4162 4747 531 
133 1584 7598 4305 4911 600 
134 1658 7821 4486 5134 631 
135 1759 8037 4798 5385 690 
136 1811 8355 4881 5521 725 
137 1864 8581 5062 5803 769 
138 1965 8888 5334 6012 830 
139 2066 9152 5559 6221 865 
140 2152 9401 5888 6434 893 
141 2179 9559 6163 6668 928 
142 2334 9734 6471 6893 970 
143 2396 9855 6739 7110 1025 
144 2533 10123 6964 7495 1085 
145 2594 10379 7323 7877 1168 
146 2693 10664 7626 8198 1210 
147 2770 10799 7888 8496 1305 
148 2907 10985 8066 8887 1352 
149 2943 11077 8396 9038 1416 
150 3017 11325 8742 9383 1475 
151 3097 11531 9109 9714 1590 
152 3257 11686 9368 9954 1598 
153 3400 11867 9661 10355 1614 
154 3532 11886 10015 10483 1715 
155 3579 11869 10231 10895 1789 
156 3573 12011 10464 11208 1848 
157 3662 12026 10790 11456 1905 
158 3800 12034 10992 11542 1920 
159 3796 12275 11301 11859 1930 
160 3876 12415 11522 12156 2050 
161 3929 12242 11815 12519 2112 
162 4058 12204 12064 12775 2115 
163 4196 12101 12368 12991 2240 
164 4311 12162 12600 13264 2367 
165 4338 12222 12991 13316 2393 
166 4431 12122 13204 13478 2455 
167 4460 12009 13277 13568 2495 
168 4615 12205 13509 13818 2623 
169 4677 12206 13747 14005 2701 
170 4702 12121 14199 14222 2790 
171 4594 12082 14439 14403 2847 
172 4646 12028 14464 14535 2990 
173 4655 12027 14659 14441 3022 
174 4706 12044 14845 14683 3027 
175 4729 11887 15110 14767 3025 
176 4747 11764 15211 14830 3002 
177 4768 11398 15207 14909 3065 
178 4845 11086 15253 14968 2994 
179 4909 10939 15341 14996 3121 
180 4894 10615 15253 14905 3142 
181 4921 10397 15313 14942 3165 
182 5016 10157 15480 14931 3210 
183 4982 9969 15653 15146 3199 
184 4872 9806 15572 15395 3243 
185 4910 9637 15551 15431 3239 
186 4854 9274 15587 15437 3254 
187 4829 9182 15554 15313 3183 
188 4873 9011 15414 15260 3199 
189 4950 9034 15281 14998 3207 
190 4938 8848 15165 14836 3200 
191 4838 8664 14889 14583 3159 
192 4871 8479 14608 14398 3131 
193 4857 8389 14496 14209 3144 
194 4715 8156 14408 14107 3168 
195 4584 8074 14261 14005 3116 
196 4517 7868 13970 13830 3183 
197 4372 7631 13817 13606 3215 
198 4348 7463 13731 13351 3219 
199 4303 7218 13462 13160 3151 
200 4182 6922 13305 12746 3067 
201 3964 6724 12934 12467 3011 
202 3850 6479 12640 12143 2943 
203 3823 6252 12541 11893 2902 
204 3749 6079 12449 11705 2856 
205 3722 5950 12301 11549 2793 
206 3591 5761 12069 11266 2704 
207 3518 5706 11777 11186 2703 
208 3543 5599 11449 10910 2704 
209 3465 5471 11254 10766 2621 
210 3382 5388 11034 10470 2536 
211 3314 5243 10885 10209 2446 
212 3265 4975 10709 9962 2329 
213 3206 4745 10417 9712 2291 
214 3037 4688 10094 9491 2298 
215 2989 4549 9780 9358 2200 
216 2902 4342 9570 9097 2111 
217 2811 4320 9357 8927 2074 
218 2698 4191 9062 8655 1968 
219 2667 4011 8915 8356 1948 
220 2631 3821 8741 8200 1848 
221 2578 3658 8601 7973 1778 
222 2542 3548 8368 7730 1758 
223 2438 3339 8144 7486 1716 
224 2378 3253 7839 7247 1613 
225 2343 3135 7545 6952 1589 
226 2305 3051 7287 6688 1552 
227 2132 2896 7118 6513 1503 
228 2085 2826 6898 6271 1437 
229 2006 2711 6678 6082 1366 
230 1930 2602 6344 5853 1305 
231 1845 2472 6057 5648 1274 
232 1789 2358 5853 5574 1234 
233 1751 2290 5555 5359 1220 
234 1686 2174 5321 5085 1210 
235 1621 2079 5161 4886 1162 
236 1506 2070 5011 4804 1097 
237 1490 2024 4830 4561 1059 
238 1443 1981 4602 4409 1019 
239 1409 1834 4436 4221 944 
240 1370 1722 4326 4087 900 
241 1375 1668 4153 3960 891 
242 1295 1622 4021 3778 863 
243 1223 1530 3859 3563 853 
244 1170 1492 3746 3477 811 
245 1153 1462 3592 3337 740 
246 1158 1345 3467 3157 701 
247 1125 1310 3346 3055 673 
248 1085 1264 3285 2973 667 
249 1047 1232 3069 2863 629 
250 1008 1178 2936 2782 598 
251 953 1114 2736 2647 591 
252 931 1051 2608 2548 568 
253 872 975 2468 2415 545 
254 831 946 2381 2291 513 
255 777 890 2352 2218 476 
256 786 883 2229 2137 464 
257 744 810 2187 2099 440 
258 720 773 2071 2047 417 
259 694 758 2019 1999 400 
260 671 736 1894 1931 377 
261 673 715 1834 1854 372 
262 620 678 1755 1787 341 
263 623 658 1680 1784 332 
264 620 635 1624 1718 302 
265 590 616 1534 1646 304 
266 558 587 1489 1597 291 
267 512 549 1423 1514 268 
268 496 525 1395 1456 260 
269 477 501 1321 1358 234 
270 453 478 1280 1286 236 
271 444 486 1230 1180 217 
272 436 436 1182 1176 192 
273 416 395 1134 1131 190 
274 368 366 1098 1118 183 
275 355 369 1039 1100 171 
276 339 353 1014 1056 157 
277 335 358 1032 994 150 
278 326 339 993 931 143 
279 312 320 946 880 130 
280 289 326 906 848 129 
281 302 323 874 786 130 
282 273 303 790 742 120 
283 269 295 752 712 127 
284 259 263 691 691 109 
285 257 240 678 628 103 
286 228 211 612 631 92 
287 213 219 568 624 98 
288 194 192 576 576 98 
289 182 187 563 572 90 
290 175 161 582 522 87 
291 160 157 554 520 78 
292 149 166 537 486 82 
293 143 171 526 467 86 
294 131 154 502 417 93 
295 118 134 470 373 98 
296 110 143 418 353 97 
297 112 131 395 345 83 
298 115 116 382 338 87 
299 111 104 347 308 96 
300 88 98 337 297 86 
301 93 97 340 288 96 
302 83 90 312 281 86 
303 90 84 294 263 82 
304 92 88 298 263 78 
305 81 80 297 267 82 
306 85 67 292 265 76 
307 65 65 303 268 74 
308 67 73 265 261 72 
309 63 59 227 251 66 
310 65 56 230 248 61 
311 65 51 227 236 56 
312 59 56 191 228 55 
313 47 58 190 236 58 
314 41 57 172 239 57 
315 36 61 171 236 51 
316 31 58 168 232 49 
317 37 53 163 212 44 
318 37 57 158 222 44 
319 35 48 139 202 27 
320 32 46 120 183 25 
321 30 48 117 187 19 
322 31 50 113 185 14 
323 33 50 117 165 15 
324 30 56 114 165 17 
325 29 46 103 162 9 
326 23 45 102 140 7 
327 24 46 91 143 3 
328 18 44 83 141 5 
329 18 48 71 138 3 
330 15 39 65 125 3 
331 16 44 70 115 2 
332 16 34 58 100 1 
333 14 29 56 98 2 
334 13 29 49 87 1 
335 14 25 52 79 0 
336 16 18 55 63 0 
337 11 17 48 64 0 
338 10 20 37 55 1 
339 10 17 39 51 0 
340 9 22 44 50 0 
341 8 16 38 46 1 
342 8 16 35 55 1 
343 9 16 40 50 1 
344 8 15 41 45 1 
345 8 16 38 47 2 
346 9 12 39 45 2 
347 9 13 37 48 1 
348 12 12 34 44 1 
349 10 14 40 46 0 
350 11 12 38 42 0 
351 11 14 31 44 0 
352 9 14 26 46 0 
353 7 13 27 46 2 
354 8 10 36 39 1 
355 14 10 36 38 2 
356 9 14 38 40 1 
357 10 13 41 38 3 
358 11 11 42 39 3 
359 10 15 42 36 4 
360 10 12 40 30 7 
361 12 9 34 31 5 
362 11 8 29 24 5 
363 12 7 27 31 5 
364 15 10 26 29 4 
365 14 11 30 28 5 
366 13 9 37 26 5 
367 13 8 34 25 3 
368 11 8 34 21 3 
369 11 7 29 18 3 
370 6 9 29 20 3 
371 4 14 27 29 2 
372 2 15 27 22 2 
373 1 18 27 23 1 
374 3 20 22 30 1 
375 6 20 19 21 0 
376 6 14 17 18 1 
377 4 14 11 17 1 
378 3 9 11 16 1 
379 4 8 16 15 1 
380 4 15 13 13 1 
381 3 11 10 15 1 
382 3 11 7 14 3 
383 5 11 6 15 4 
384 7 8 4 14 3 
385 5 11 4 17 3 
386 4 13 6 13 3 
387 1 9 7 14 3 
388 1 9 5 12 2 
389 1 13 7 13 1 
390 2 8 11 13 1 
391 2 7 17 10 0 
392 3 6 16 10 0 
393 7 5 13 5 0 
394 6 8 10 5 0 
395 7 8 11 4 0 
396 6 5 10 5 0 
397 6 6 7 2 0 
398 5 7 5 1 0 
399 2 7 8 1 0 
400 3 8 9 1 0 
401 2 7 9 1 0 
402 2 6 5 0 0 
403 1 4 4 0 0 
404 1 2 2 0 0 
405 1 1 0 0 0 
406 1 3 0 1 0 
407 1 2 2 2 0 
408 0 1 5 1 0 
409 2 0 3 3 0 
410 0 0 1 3 0 
411 0 0 2 3 0 
412 0 0 2 4 0 
413 1 0 2 2 0 
414 1 0 3 4 0 
415 1 0 4 2 0 
416 2 0 5 1 0 
417 2 0 6 2 0 
418 2 0 7 4 0 
419 4 0 8 3 0 
420 4 0 8 0 0 
421 2 0 11 0 0 
422 1 0 12 0 0 
423 1 0 10 0 0 
424 1 1 9 0 0 
425 0 1 9 2 0 
426 0 1 9 0 0 
427 0 1 5 0 0 
428 0 0 6 0 0 
429 0 0 6 0 0 
430 0 0 5 0 0 
431 0 0 3 0 0 
432 0 0 3 0 0 
433 0 0 4 0 0 
434 0 0 2 0 0 
435 0 0 1 0 0 
436 0 0 0 1 0 
437 0 0 0 1 0 
438 0 0 0 0 0 
