1 0 7 0 0 0 
2 0 5 0 0 0 
3 1 3 0 0 0 
4 0 2 0 0 0 
5 0 6 0 0 0 
6 0 4 0 0 0 
7 0 8 0 0 0 
8 0 7 0 1 0 
9 0 6 0 0 0 
10 1 9 0 0 0 
11 3 3 0 0 0 
12 1 9 2 0 0 
13 0 10 1 0 0 
14 2 9 0 1 0 
15 3 14 0 1 0 
16 0 10 0 0 0 
17 0 8 2 2 0 
18 6 28 2 3 0 
19 0 23 2 2 0 
20 1 27 2 2 0 
21 4 29 5 2 0 
22 2 39 3 1 2 
23 2 35 5 4 0 
24 5 34 1 7 1 
25 2 31 5 0 1 
26 3 15 6 7 2 
27 5 26 6 6 3 
28 1 26 2 6 0 
29 2 27 4 2 0 
30 2 12 6 6 1 
31 2 19 2 3 0 
32 0 23 11 5 1 
33 0 13 3 2 0 
34 4 15 1 3 0 
35 2 19 5 0 0 
36 2 25 3 6 1 
37 3 21 4 6 0 
38 0 17 1 3 0 
39 0 24 1 2 0 
40 3 18 1 5 0 
41 1 18 1 5 0 
42 0 29 6 3 0 
43 0 23 7 0 0 
44 2 22 5 1 0 
45 4 20 3 6 0 
46 3 26 12 9 0 
47 6 39 10 4 1 
48 5 33 8 9 0 
49 6 31 16 16 0 
50 3 41 18 13 0 
51 4 45 8 14 0 
52 6 51 13 8 0 
53 10 49 14 12 0 
54 8 47 17 8 0 
55 12 45 18 17 1 
56 6 52 9 15 3 
57 12 60 8 29 0 
58 6 43 12 28 3 
59 14 43 6 35 3 
60 9 68 10 21 2 
61 9 56 13 22 2 
62 16 73 9 31 0 
63 18 71 14 21 5 
64 16 74 20 34 5 
65 15 77 24 42 2 
66 16 92 22 33 1 
67 12 96 26 33 3 
68 15 123 39 43 4 
69 13 100 45 47 7 
70 21 108 38 47 6 
71 12 128 32 55 5 
72 14 119 44 58 6 
73 25 121 51 58 1 
74 22 140 38 83 6 
75 26 168 52 63 7 
76 23 165 66 66 6 
77 30 197 79 66 10 
78 37 173 80 75 9 
79 39 206 78 77 10 
80 31 195 82 76 16 
81 31 231 82 85 14 
82 30 231 83 91 22 
83 28 242 97 136 12 
84 43 248 107 109 18 
85 38 265 107 135 26 
86 41 286 120 143 13 
87 51 297 121 144 20 
88 47 353 145 162 14 
89 51 325 146 156 13 
90 60 350 148 181 15 
91 53 422 163 184 20 
92 54 419 160 198 18 
93 67 370 187 231 21 
94 89 405 175 216 28 
95 75 407 206 217 29 
96 94 411 198 246 34 
97 111 436 207 278 34 
98 95 471 239 280 39 
99 109 502 244 338 42 
100 133 488 261 352 44 
101 133 534 297 371 47 
102 121 593 342 385 46 
103 134 596 362 422 56 
104 137 629 373 429 68 
105 142 656 343 468 74 
106 163 669 384 461 67 
107 152 783 427 546 75 
108 158 772 445 561 78 
109 176 851 467 556 79 
110 163 882 520 563 80 
111 236 872 503 578 58 
112 208 961 551 606 80 
113 205 986 562 647 94 
114 193 1057 561 704 111 
115 238 1123 626 733 97 
116 250 1153 728 767 110 
117 267 1238 694 782 111 
118 275 1285 743 794 122 
119 277 1245 768 834 141 
120 304 1366 849 853 158 
121 316 1458 883 1012 149 
122 383 1624 889 952 159 
123 313 1621 970 978 167 
124 383 1746 1065 1104 163 
125 417 1698 1162 1166 182 
126 410 1783 1143 1154 197 
127 408 1862 1249 1220 213 
128 443 1916 1267 1270 194 
129 473 2097 1377 1309 229 
130 525 2210 1391 1344 218 
131 526 2208 1465 1456 231 
132 525 2297 1558 1583 230 
133 570 2426 1513 1562 229 
134 604 2380 1630 1695 238 
135 610 2543 1709 1794 271 
136 663 2554 1792 1809 265 
137 714 2739 1828 1882 289 
138 750 2747 1946 2008 335 
139 705 2858 2124 2126 302 
140 801 2927 2111 2133 364 
141 739 3066 2225 2188 385 
142 735 3134 2373 2348 383 
143 873 3197 2389 2385 422 
144 861 3198 2477 2444 420 
145 891 3323 2624 2407 458 
146 918 3478 2677 2642 440 
147 997 3560 2764 2685 447 
148 984 3560 2883 2827 480 
149 1061 3708 2914 3023 568 
150 1059 3812 3067 3123 541 
151 1126 3885 3173 3205 554 
152 1092 3899 3355 3328 552 
153 1184 3936 3466 3346 613 
154 1144 4026 3548 3445 619 
155 1201 3984 3617 3576 644 
156 1242 4077 3627 3540 699 
157 1328 4118 3773 3712 703 
158 1309 4241 3840 3939 726 
159 1386 4067 3920 3942 738 
160 1487 4296 3959 4061 769 
161 1465 4110 3968 4190 770 
162 1514 4230 4084 4161 753 
163 1491 4156 4369 4431 804 
164 1474 4182 4277 4521 785 
165 1464 4046 4360 4489 835 
166 1547 4196 4505 4454 856 
167 1544 4149 4633 4573 830 
168 1598 4237 4676 4674 833 
169 1636 4190 4777 4905 805 
170 1650 4029 4679 5037 907 
171 1627 4051 4998 4987 943 
172 1646 3911 5056 5080 973 
173 1654 3993 4988 5159 924 
174 1705 3926 5021 5056 941 
175 1776 4006 5097 5151 918 
176 1701 3908 5365 5290 904 
177 1618 3807 5355 5254 914 
178 1756 3860 5233 5383 940 
179 1759 3707 5281 5442 885 
180 1762 3675 5305 5357 950 
181 1717 3658 5220 5417 965 
182 1713 3500 5290 5336 958 
183 1794 3570 5338 5300 1004 
184 1795 3443 5183 5345 930 
185 1757 3580 5292 5416 977 
186 1740 3397 5248 5195 946 
187 1737 3147 5270 5230 1001 
188 1762 3291 5260 5167 939 
189 1740 3124 5084 5130 943 
190 1792 3017 5133 5159 1019 
191 1699 2960 5080 5087 953 
192 1604 2930 4991 5032 941 
193 1564 2963 5127 4952 949 
194 1516 2761 5057 4875 932 
195 1568 2681 4901 4894 917 
196 1556 2663 4748 4839 849 
197 1496 2591 4738 4660 888 
198 1489 2426 4611 4580 876 
199 1488 2587 4454 4528 829 
200 1420 2402 4503 4382 878 
201 1354 2342 4427 4295 856 
202 1292 2320 4348 4283 706 
203 1325 2220 4241 3990 754 
204 1338 2096 4121 3919 758 
205 1203 2062 4057 3950 728 
206 1247 2007 3886 3749 718 
207 1179 1922 3817 3679 753 
208 1229 1780 3724 3743 675 
209 1125 1771 3624 3542 644 
210 1149 1722 3525 3472 646 
211 1113 1620 3497 3453 694 
212 1048 1576 3347 3220 612 
213 1071 1572 3136 3123 665 
214 989 1482 3088 2937 597 
215 943 1386 2991 3090 577 
216 961 1357 2937 2994 558 
217 911 1363 2873 2696 505 
218 912 1289 2693 2515 539 
219 851 1227 2635 2507 502 
220 906 1197 2576 2512 487 
221 809 1120 2585 2375 472 
222 800 1074 2434 2355 459 
223 730 1063 2430 2195 469 
224 777 1074 2316 2152 438 
225 724 1103 2178 2130 412 
226 679 968 2130 2002 373 
227 661 912 2057 1951 400 
228 593 914 1961 1833 367 
229 634 877 1891 1737 337 
230 628 815 1738 1714 398 
231 541 791 1647 1611 332 
232 517 729 1751 1609 349 
233 517 735 1578 1560 325 
234 520 721 1605 1406 316 
235 500 669 1560 1436 324 
236 492 632 1527 1420 260 
237 457 582 1480 1367 312 
238 470 665 1374 1259 279 
239 448 595 1290 1291 279 
240 433 563 1296 1241 270 
241 402 532 1249 1222 256 
242 434 505 1152 1067 258 
243 380 487 1092 1009 244 
244 347 445 1095 1086 250 
245 367 395 1011 979 223 
246 334 406 996 935 206 
247 327 420 979 942 219 
248 317 389 894 896 190 
249 294 328 879 860 170 
250 275 322 851 779 174 
251 277 338 812 796 145 
252 255 325 819 716 152 
253 293 328 755 723 152 
254 265 301 724 624 122 
255 248 281 717 681 134 
256 253 266 657 654 104 
257 217 275 680 619 118 
258 218 282 639 557 107 
259 195 245 640 522 105 
260 198 251 610 505 111 
261 163 224 616 480 130 
262 177 193 498 482 120 
263 160 197 527 433 125 
264 188 179 498 428 108 
265 119 187 501 390 111 
266 123 179 473 390 87 
267 126 166 492 376 91 
268 126 177 411 347 72 
269 123 158 428 320 70 
270 129 136 373 328 82 
271 111 148 371 318 77 
272 98 129 355 293 87 
273 115 124 331 272 60 
274 109 135 331 285 70 
275 102 109 305 236 73 
276 109 112 302 269 65 
277 104 126 264 231 72 
278 99 113 288 240 64 
279 89 90 265 197 49 
280 85 91 258 199 50 
281 76 90 242 182 59 
282 76 91 227 181 64 
283 71 71 239 179 50 
284 69 72 234 177 57 
285 61 94 201 157 61 
286 71 65 226 141 55 
287 67 66 184 116 56 
288 58 61 200 121 55 
289 39 41 159 132 61 
290 52 49 137 119 40 
291 58 59 147 127 37 
292 60 44 145 147 39 
293 53 40 134 108 44 
294 37 40 157 98 43 
295 41 43 133 111 40 
296 45 56 115 102 33 
297 49 39 121 88 35 
298 32 37 126 84 37 
299 32 25 94 83 24 
300 25 36 111 73 22 
301 31 32 109 58 32 
302 38 29 93 80 22 
303 40 29 91 85 22 
304 37 25 110 72 26 
305 34 20 81 64 22 
306 17 17 74 65 18 
307 25 15 64 59 22 
308 20 13 74 66 22 
309 18 19 77 56 18 
310 21 8 72 51 15 
311 16 15 57 52 14 
312 21 12 60 40 16 
313 16 15 55 42 12 
314 12 19 58 56 18 
315 17 14 57 50 24 
316 12 15 47 46 20 
317 13 13 56 51 16 
318 11 21 50 34 13 
319 9 16 51 38 11 
320 11 22 50 41 12 
321 23 18 43 36 7 
322 13 25 45 42 8 
323 14 17 49 21 11 
324 13 12 41 34 9 
325 9 9 43 36 8 
326 6 9 34 37 11 
327 8 6 42 27 6 
328 10 3 24 34 12 
329 9 13 38 36 13 
330 6 8 25 23 12 
331 5 5 28 24 11 
332 6 5 25 17 12 
333 4 3 21 23 11 
334 4 5 24 20 9 
335 6 5 16 18 11 
336 1 4 16 16 9 
337 4 8 18 20 6 
338 7 10 10 16 3 
339 3 4 9 16 6 
340 4 3 5 17 4 
341 3 2 9 13 5 
342 3 3 7 11 5 
343 3 3 10 20 4 
344 6 2 4 27 4 
345 2 4 11 10 5 
346 5 3 8 12 6 
347 4 5 8 13 2 
348 7 3 5 17 4 
349 3 2 6 6 4 
350 2 0 7 6 2 
351 1 0 3 6 1 
352 1 1 8 10 1 
353 1 2 8 2 1 
354 2 0 7 4 0 
355 0 0 10 5 0 
356 0 1 12 3 1 
357 0 1 10 3 5 
358 0 2 10 4 3 
359 0 1 6 2 0 
360 0 0 10 3 1 
361 0 2 11 5 1 
362 0 0 9 2 0 
363 1 3 5 7 0 
364 1 2 6 9 0 
365 1 4 5 1 0 
366 1 0 6 2 0 
367 1 1 4 4 3 
368 0 0 6 8 1 
369 1 0 3 8 1 
370 1 2 1 12 1 
371 0 0 3 4 0 
372 1 0 4 3 0 
373 0 0 3 5 0 
374 0 0 2 5 0 
375 0 0 1 8 0 
376 0 0 3 3 0 
377 0 0 3 4 0 
378 0 0 3 8 0 
379 0 0 4 5 0 
380 0 0 3 2 0 
381 0 0 1 3 0 
382 0 0 3 3 0 
383 0 0 2 3 0 
384 0 0 0 0 0 
385 1 0 1 1 0 
386 1 0 2 4 0 
387 0 0 0 4 0 
388 0 0 0 2 0 
389 1 0 0 1 0 
390 0 0 0 2 0 
391 0 0 1 3 0 
392 0 0 0 1 0 
393 0 0 0 3 0 
394 0 0 1 1 0 
395 0 0 3 0 0 
396 0 0 0 2 0 
397 0 0 0 0 0 
398 0 0 0 3 0 
399 0 0 0 1 0 
400 0 0 0 0 0 
401 0 0 0 2 0 
402 0 0 0 1 0 
403 0 0 0 1 0 
404 0 0 0 0 0 
405 0 0 0 0 0 
406 0 0 0 0 0 
407 0 0 0 1 0 
408 0 0 0 0 0 
409 0 0 0 0 0 
410 0 0 0 0 0 
