1 0 1 0 0 0 
2 0 3 0 0 0 
3 0 5 0 0 0 
4 0 3 0 0 0 
5 0 2 0 0 0 
6 0 3 0 0 0 
7 0 4 0 0 0 
8 0 7 0 0 0 
9 0 2 0 1 0 
10 0 3 0 0 0 
11 0 2 0 0 0 
12 0 2 0 1 0 
13 1 6 0 0 0 
14 0 3 0 0 0 
15 0 2 0 0 0 
16 0 4 0 0 0 
17 0 6 1 0 0 
18 0 12 3 2 0 
19 0 5 0 0 0 
20 0 7 0 0 0 
21 0 6 0 1 0 
22 0 8 0 0 0 
23 0 3 0 0 0 
24 0 6 0 0 0 
25 0 7 0 0 0 
26 0 7 1 3 0 
27 0 2 0 2 0 
28 0 7 1 0 0 
29 0 7 0 3 0 
30 1 4 1 3 0 
31 1 4 0 4 0 
32 2 3 0 3 0 
33 1 9 0 1 0 
34 0 3 0 1 0 
35 3 6 0 1 0 
36 3 7 0 6 0 
37 1 8 2 1 0 
38 1 7 1 2 0 
39 1 5 1 2 0 
40 2 7 4 1 0 
41 1 5 1 3 0 
42 1 10 2 1 0 
43 1 10 4 1 0 
44 2 10 2 3 0 
45 3 6 6 3 0 
46 0 9 8 2 0 
47 2 9 8 2 0 
48 4 7 14 3 0 
49 4 6 14 5 0 
50 1 17 5 5 0 
51 3 12 8 3 0 
52 2 13 6 3 0 
53 5 16 6 6 0 
54 3 17 7 7 0 
55 6 14 15 20 0 
56 3 15 6 10 1 
57 1 18 9 17 0 
58 2 10 9 9 0 
59 6 12 7 11 0 
60 1 14 13 15 0 
61 5 16 14 20 0 
62 6 13 12 20 0 
63 5 17 11 20 0 
64 6 15 9 16 0 
65 3 14 15 18 1 
66 3 18 14 20 1 
67 8 30 16 29 1 
68 6 29 11 28 1 
69 6 18 12 28 0 
70 4 31 18 28 3 
71 4 34 16 27 2 
72 11 32 15 29 1 
73 10 28 18 33 1 
74 5 32 21 37 0 
75 7 32 19 29 6 
76 9 27 22 36 2 
77 13 35 17 36 4 
78 7 33 13 45 1 
79 15 31 21 46 2 
80 8 31 12 48 3 
81 9 39 28 51 0 
82 7 33 24 41 3 
83 13 38 21 54 5 
84 12 52 30 59 4 
85 11 47 28 57 3 
86 15 42 37 50 9 
87 13 54 30 85 2 
88 13 50 43 64 7 
89 21 56 37 75 9 
90 14 84 45 84 8 
91 14 59 49 64 8 
92 23 64 43 85 8 
93 29 50 46 101 3 
94 24 67 55 78 6 
95 24 75 57 95 8 
96 24 77 55 97 9 
97 28 93 62 88 13 
98 27 84 66 104 7 
99 24 115 74 116 8 
100 29 116 88 104 15 
101 43 121 76 113 18 
102 29 116 88 147 19 
103 31 149 111 125 11 
104 41 155 131 123 24 
105 37 155 101 123 15 
106 33 178 120 147 18 
107 37 184 126 143 19 
108 28 184 109 149 22 
109 44 217 127 165 24 
110 59 251 132 164 22 
111 62 249 157 166 25 
112 50 256 159 220 24 
113 69 256 164 249 26 
114 77 297 190 251 26 
115 65 295 162 265 37 
116 51 378 212 272 22 
117 71 333 215 280 18 
118 64 360 226 334 16 
119 83 386 225 347 20 
120 102 406 214 335 29 
121 83 431 197 345 25 
122 102 455 208 377 28 
123 94 509 245 411 31 
124 121 484 244 418 23 
125 122 535 242 395 24 
126 137 563 281 489 39 
127 133 614 308 501 31 
128 149 639 306 498 38 
129 171 692 321 523 49 
130 175 694 385 508 43 
131 194 709 410 570 51 
132 183 744 441 554 53 
133 210 826 466 595 70 
134 203 830 508 632 61 
135 214 910 508 686 70 
136 201 931 562 694 71 
137 240 941 579 703 87 
138 262 1023 664 816 90 
139 274 1071 707 793 88 
140 269 1122 708 884 94 
141 310 1158 759 927 110 
142 305 1272 769 828 120 
143 313 1192 871 924 111 
144 313 1397 849 963 132 
145 370 1346 955 1019 133 
146 351 1480 981 1072 114 
147 344 1491 1045 1093 126 
148 359 1538 1120 1116 146 
149 396 1614 1130 1202 147 
150 440 1636 1147 1290 150 
151 445 1693 1197 1310 172 
152 460 1788 1286 1350 175 
153 486 1789 1326 1508 185 
154 537 1993 1374 1519 200 
155 526 2112 1395 1585 192 
156 558 2161 1462 1716 210 
157 550 2171 1516 1779 222 
158 587 2373 1635 1850 237 
159 617 2349 1657 1923 260 
160 577 2458 1676 1912 253 
161 617 2524 1797 2056 259 
162 663 2692 1855 2199 299 
163 708 2575 2013 2098 320 
164 697 2819 2000 2327 336 
165 766 2951 2178 2323 285 
166 804 3079 2204 2455 317 
167 802 3067 2420 2497 340 
168 885 3283 2460 2668 349 
169 930 3265 2579 2858 361 
170 923 3407 2638 2978 402 
171 934 3583 2773 2991 415 
172 1049 3694 2842 2989 416 
173 1001 3722 2910 3047 421 
174 1023 3800 3003 3246 482 
175 1129 3866 3072 3398 457 
176 1143 3977 3195 3303 499 
177 1152 4105 3344 3486 509 
178 1198 4069 3476 3574 544 
179 1240 4184 3501 3893 566 
180 1223 4318 3656 3707 557 
181 1326 4286 3894 3830 612 
182 1401 4370 3883 3949 581 
183 1368 4311 4075 4083 690 
184 1498 4201 4142 4066 607 
185 1351 4365 4293 3979 675 
186 1440 4406 4342 4398 700 
187 1534 4266 4452 4385 701 
188 1541 4316 4488 4417 713 
189 1485 4394 4472 4557 755 
190 1549 4372 4584 4637 817 
191 1600 4379 4677 4551 841 
192 1568 4307 4745 4694 928 
193 1578 4195 4972 4781 894 
194 1735 4157 4882 4707 905 
195 1658 4233 5136 4796 897 
196 1676 4253 5055 4804 966 
197 1687 4135 5193 4990 998 
198 1663 4184 5111 5164 1021 
199 1644 4125 5123 5082 1045 
200 1660 4046 5066 5223 1076 
201 1700 3972 5186 5039 1099 
202 1758 3948 5110 5131 1090 
203 1643 3853 5302 5123 1129 
204 1650 3651 5227 5148 1101 
205 1715 3702 5159 5087 1063 
206 1613 3612 5135 5210 1088 
207 1696 3520 5240 5127 1071 
208 1800 3356 5212 5192 1122 
209 1670 3309 5273 5195 1124 
210 1619 3319 5352 5075 1105 
211 1620 3193 5247 5050 1075 
212 1573 3141 5054 4885 1054 
213 1667 3019 5093 4816 1053 
214 1592 2955 4960 4744 1068 
215 1623 2879 5063 4857 1044 
216 1567 2894 4963 4761 1112 
217 1613 2787 4759 4761 1022 
218 1584 2706 5037 4609 1011 
219 1468 2622 4757 4520 958 
220 1550 2643 4641 4416 958 
221 1442 2493 4653 4471 936 
222 1499 2483 4564 4280 941 
223 1412 2441 4486 4259 918 
224 1454 2372 4387 4151 928 
225 1425 2371 4292 4209 908 
226 1362 2213 4230 3930 878 
227 1348 2143 4145 4049 883 
228 1379 2169 4002 3880 816 
229 1342 1963 3893 3787 800 
230 1285 1996 3797 3613 795 
231 1209 1892 3831 3477 820 
232 1211 1821 3596 3491 806 
233 1220 1803 3604 3343 804 
234 1126 1724 3428 3094 798 
235 1150 1680 3385 3197 739 
236 1123 1561 3316 3041 677 
237 1063 1551 3358 2914 728 
238 1001 1425 3191 2892 725 
239 937 1436 3133 2924 650 
240 911 1427 3046 2736 648 
241 895 1283 2971 2606 663 
242 904 1283 2897 2562 666 
243 818 1237 2803 2417 665 
244 843 1139 2729 2381 569 
245 804 1087 2532 2269 639 
246 763 1110 2446 2271 581 
247 760 1034 2429 2203 546 
248 753 1020 2233 2084 578 
249 703 904 2255 1913 547 
250 612 926 2091 1879 470 
251 661 857 2099 1914 526 
252 614 900 1968 1814 487 
253 602 856 1908 1645 485 
254 614 886 1932 1660 451 
255 560 795 1775 1649 433 
256 534 744 1748 1468 432 
257 529 746 1702 1475 399 
258 507 739 1529 1425 391 
259 495 714 1525 1361 399 
260 430 638 1478 1253 335 
261 473 645 1415 1205 344 
262 415 617 1379 1177 348 
263 432 542 1269 1111 335 
264 379 559 1299 1077 300 
265 413 557 1259 1029 320 
266 374 563 1214 1078 296 
267 384 527 1202 1000 259 
268 374 493 1184 964 242 
269 333 459 1082 917 212 
270 391 422 1069 847 196 
271 322 425 1064 844 203 
272 326 435 986 780 205 
273 317 419 1030 782 181 
274 319 375 869 757 190 
275 310 365 894 688 197 
276 291 356 843 678 166 
277 252 358 847 611 158 
278 244 327 825 628 161 
279 221 303 768 575 152 
280 239 270 703 549 127 
281 186 281 697 522 122 
282 209 250 672 537 131 
283 192 261 602 494 107 
284 186 232 613 440 113 
285 166 227 564 468 110 
286 154 207 487 448 97 
287 176 198 477 419 78 
288 151 192 479 389 82 
289 125 208 459 372 107 
290 133 198 427 347 97 
291 124 171 365 358 89 
292 129 163 378 332 73 
293 114 145 364 294 77 
294 112 155 396 255 90 
295 104 124 314 243 81 
296 98 139 329 250 64 
297 106 144 298 236 77 
298 114 123 283 270 66 
299 97 121 284 221 71 
300 100 124 272 218 55 
301 94 116 240 223 70 
302 102 112 247 180 62 
303 90 111 235 222 43 
304 79 101 215 198 60 
305 71 94 205 207 58 
306 73 99 212 179 51 
307 86 73 196 202 52 
308 79 77 207 178 55 
309 66 81 208 165 52 
310 68 79 188 166 41 
311 63 67 183 153 40 
312 50 63 185 157 28 
313 60 74 143 148 39 
314 31 59 146 154 40 
315 44 66 142 143 34 
316 37 48 123 141 34 
317 30 66 117 144 34 
318 46 55 121 122 34 
319 46 63 109 129 38 
320 34 56 126 102 30 
321 34 39 103 99 35 
322 40 46 98 108 30 
323 33 39 103 121 35 
324 29 34 100 102 28 
325 38 28 128 80 28 
326 29 32 89 69 29 
327 23 28 110 81 20 
328 20 17 76 66 21 
329 15 21 83 61 21 
330 13 14 70 52 16 
331 16 17 87 67 19 
332 19 24 83 46 14 
333 17 18 88 42 14 
334 12 16 72 53 12 
335 14 10 71 44 14 
336 12 7 64 49 16 
337 15 12 64 47 14 
338 20 9 60 32 9 
339 7 12 70 36 16 
340 8 8 55 38 12 
341 13 10 65 35 16 
342 15 8 47 33 18 
343 6 8 42 29 16 
344 9 9 46 29 19 
345 10 8 40 44 18 
346 11 7 34 33 10 
347 6 4 38 24 12 
348 8 6 35 23 16 
349 10 4 39 28 11 
350 12 8 35 26 13 
351 9 6 18 23 9 
352 10 5 32 18 6 
353 4 5 26 25 7 
354 9 8 23 19 3 
355 8 5 21 28 6 
356 11 4 16 21 2 
357 7 8 25 12 5 
358 10 4 26 14 6 
359 5 4 19 21 7 
360 7 5 20 28 4 
361 8 1 28 17 5 
362 5 3 24 10 5 
363 5 2 26 13 3 
364 4 1 27 12 7 
365 2 0 20 12 5 
366 1 0 15 9 0 
367 3 0 11 7 7 
368 2 0 19 9 7 
369 0 1 15 13 4 
370 3 0 12 10 3 
371 1 2 10 7 4 
372 3 0 11 6 4 
373 6 1 9 7 1 
374 3 1 10 5 4 
375 3 0 8 7 2 
376 2 0 11 11 2 
377 3 1 5 4 1 
378 3 1 7 6 1 
379 3 0 5 5 1 
380 2 2 5 3 1 
381 2 1 9 9 1 
382 5 2 4 4 1 
383 1 0 10 4 4 
384 3 1 6 5 0 
385 2 5 0 4 0 
386 6 4 2 5 0 
387 2 3 8 6 1 
388 4 4 4 5 0 
389 2 5 1 6 0 
390 0 6 3 2 0 
391 0 3 0 3 0 
392 0 2 4 5 0 
393 1 2 3 2 0 
394 1 3 2 1 0 
395 2 2 1 5 0 
396 0 1 3 4 0 
397 0 1 1 2 0 
398 0 1 2 2 0 
399 0 1 1 3 0 
400 0 3 0 2 0 
401 0 0 1 2 0 
402 1 0 0 0 0 
403 0 0 1 0 0 
404 0 0 1 1 0 
405 0 0 0 1 0 
406 0 0 2 0 0 
407 0 0 0 1 0 
408 0 0 0 0 0 
