1 0 2 0 0 0 
2 0 2 0 0 0 
3 0 1 0 0 0 
4 0 2 1 0 0 
5 0 4 0 1 0 
6 0 3 0 1 0 
7 0 3 0 0 0 
8 0 1 0 0 0 
9 0 2 0 1 0 
10 0 1 0 1 0 
11 0 4 0 0 0 
12 0 4 0 0 0 
13 0 5 0 0 0 
14 0 7 0 0 0 
15 0 6 0 0 0 
16 0 5 0 0 0 
17 1 8 0 0 0 
18 0 7 1 0 0 
19 0 3 2 2 0 
20 0 9 1 1 0 
21 2 7 1 2 0 
22 0 15 0 3 0 
23 0 17 1 2 1 
24 1 9 1 2 0 
25 0 10 0 2 1 
26 0 9 1 2 3 
27 0 12 1 1 1 
28 0 16 0 4 1 
29 2 14 1 2 1 
30 3 17 1 5 1 
31 2 9 4 6 1 
32 5 14 2 3 0 
33 4 19 1 3 0 
34 5 12 5 4 0 
35 2 20 5 4 1 
36 5 22 1 4 2 
37 4 16 3 4 0 
38 4 13 3 8 1 
39 3 14 8 6 0 
40 5 23 5 8 1 
41 1 16 3 4 3 
42 5 18 4 6 3 
43 4 20 1 8 1 
44 3 20 1 5 2 
45 4 27 1 6 0 
46 1 29 2 6 0 
47 2 15 5 6 0 
48 7 30 4 15 0 
49 6 19 7 9 1 
50 3 34 5 8 0 
51 3 22 5 13 0 
52 4 23 6 8 0 
53 7 22 8 8 0 
54 6 26 11 7 0 
55 2 33 13 15 1 
56 5 35 9 13 0 
57 7 36 7 12 0 
58 7 41 8 17 0 
59 11 49 3 15 2 
60 8 54 5 10 1 
61 5 47 9 10 0 
62 6 58 10 8 1 
63 8 57 1 10 0 
64 8 56 1 6 1 
65 3 58 7 11 0 
66 9 68 5 13 0 
67 8 76 6 14 1 
68 14 72 3 13 1 
69 13 94 12 22 0 
70 10 87 5 13 0 
71 9 68 12 20 1 
72 9 92 15 23 0 
73 5 106 24 28 1 
74 17 91 16 25 1 
75 9 119 17 34 0 
76 16 93 17 33 0 
77 13 102 14 43 0 
78 12 120 20 38 1 
79 22 100 25 47 1 
80 24 122 25 41 1 
81 22 128 33 49 0 
82 27 120 31 42 5 
83 29 141 35 43 6 
84 17 153 43 67 2 
85 10 160 49 68 3 
86 28 159 53 59 8 
87 26 179 44 58 6 
88 35 186 59 83 2 
89 28 187 64 72 7 
90 43 181 55 71 11 
91 40 196 51 69 9 
92 45 216 79 68 13 
93 41 228 70 79 14 
94 40 230 67 102 11 
95 49 244 82 97 15 
96 36 246 100 98 10 
97 46 288 97 96 21 
98 41 307 95 103 5 
99 44 293 122 125 20 
100 49 322 136 128 16 
101 70 332 127 133 17 
102 63 322 116 150 27 
103 65 367 135 171 21 
104 57 420 128 162 24 
105 73 425 184 199 14 
106 84 471 157 219 16 
107 81 448 159 186 11 
108 86 449 190 243 14 
109 88 498 193 254 19 
110 96 516 217 269 17 
111 83 502 237 270 24 
112 93 523 304 319 27 
113 114 568 232 323 28 
114 124 616 284 307 32 
115 100 673 307 350 32 
116 144 691 305 354 48 
117 156 771 323 383 33 
118 154 745 317 421 35 
119 151 808 327 427 52 
120 150 756 403 430 45 
121 133 857 415 446 38 
122 185 875 396 470 46 
123 184 1032 428 495 51 
124 186 995 476 533 60 
125 194 1069 459 602 53 
126 196 1116 482 590 55 
127 225 1141 526 670 59 
128 243 1175 581 634 48 
129 236 1246 602 715 79 
130 231 1290 618 760 77 
131 246 1414 689 756 85 
132 265 1452 699 813 87 
133 272 1481 769 880 102 
134 308 1614 815 895 99 
135 365 1742 787 931 105 
136 291 1681 880 992 95 
137 382 1748 847 1052 114 
138 409 1914 983 1107 120 
139 409 2015 990 1113 102 
140 466 2018 1044 1270 139 
141 473 2081 1144 1274 181 
142 444 2225 1146 1333 178 
143 508 2192 1224 1404 191 
144 475 2341 1312 1415 175 
145 543 2393 1366 1620 181 
146 562 2520 1429 1660 204 
147 526 2603 1539 1719 203 
148 585 2572 1720 1716 233 
149 647 2769 1646 1868 224 
150 664 2804 1725 1992 259 
151 698 2974 1799 2046 296 
152 696 3038 1838 2015 326 
153 755 3145 2032 2220 292 
154 744 3239 2085 2284 296 
155 829 3229 2183 2233 329 
156 848 3246 2266 2355 328 
157 846 3427 2324 2414 326 
158 881 3410 2356 2543 333 
159 912 3452 2585 2513 369 
160 979 3432 2578 2671 360 
161 954 3524 2653 2757 410 
162 1006 3540 2846 2869 431 
163 1008 3637 2888 2993 418 
164 1064 3742 2903 2961 454 
165 1131 3649 3089 3100 477 
166 1147 3655 3091 3146 478 
167 1080 3717 3165 3314 536 
168 1161 3684 3310 3422 521 
169 1090 3784 3247 3444 543 
170 1127 3711 3471 3534 568 
171 1238 3856 3635 3726 567 
172 1238 3952 3494 3723 610 
173 1285 3891 3758 3993 648 
174 1322 3740 3772 3982 680 
175 1397 3855 3910 3981 668 
176 1390 3858 4092 4129 729 
177 1393 3856 4122 4186 710 
178 1474 4035 4295 4453 734 
179 1352 3897 4453 4579 761 
180 1446 3834 4495 4569 802 
181 1558 3887 4632 4551 813 
182 1638 3916 4784 4655 766 
183 1517 3815 4765 4800 800 
184 1578 3923 4738 4834 838 
185 1656 3877 4785 4714 793 
186 1709 3827 4998 4995 811 
187 1711 3770 5034 4776 806 
188 1683 3773 5111 4887 823 
189 1644 3736 5145 5049 838 
190 1676 3693 5206 4980 863 
191 1622 3699 5264 5179 872 
192 1715 3535 5347 5277 915 
193 1721 3522 5253 5292 936 
194 1707 3447 5370 5249 922 
195 1692 3367 5291 5322 969 
196 1713 3362 5235 5399 1001 
197 1683 3300 5256 5218 945 
198 1726 3278 5092 5167 956 
199 1676 3147 5201 5142 976 
200 1689 2944 5136 5228 934 
201 1612 3032 5323 5092 894 
202 1664 3024 5275 5071 957 
203 1626 2923 5100 5136 909 
204 1647 2864 5153 4979 879 
205 1589 2887 5108 4991 930 
206 1619 2856 4972 4839 905 
207 1563 2595 5102 4824 924 
208 1581 2635 5062 4857 927 
209 1543 2492 4879 4816 954 
210 1548 2444 4797 4692 954 
211 1435 2452 4761 4552 948 
212 1462 2300 4599 4575 927 
213 1491 2257 4621 4463 925 
214 1427 2194 4559 4312 943 
215 1488 2111 4547 4308 896 
216 1414 2091 4479 4129 980 
217 1291 2096 4327 4133 864 
218 1326 1969 4306 3977 884 
219 1233 1912 4221 3901 847 
220 1293 1842 4021 3870 876 
221 1195 1831 3982 3812 900 
222 1218 1769 4015 3581 872 
223 1192 1706 3770 3459 828 
224 1230 1694 3763 3285 791 
225 1164 1716 3566 3365 903 
226 1148 1566 3543 3276 797 
227 1106 1573 3386 3148 756 
228 1045 1496 3301 3036 725 
229 1013 1499 3175 2868 739 
230 1068 1386 3164 2780 678 
231 1008 1346 3131 2728 628 
232 961 1280 3001 2737 669 
233 954 1217 2851 2630 627 
234 872 1112 2932 2556 623 
235 874 1158 2711 2348 561 
236 853 1114 2670 2287 574 
237 893 998 2595 2235 553 
238 794 990 2512 2086 585 
239 794 968 2441 1990 576 
240 755 949 2363 2013 547 
241 757 913 2282 1933 528 
242 694 922 2142 1797 549 
243 671 876 2055 1783 548 
244 629 853 1982 1659 488 
245 635 749 1961 1732 482 
246 664 771 1836 1571 448 
247 604 701 1815 1526 435 
248 565 700 1649 1557 457 
249 521 667 1599 1461 426 
250 518 641 1533 1391 380 
251 540 634 1543 1388 365 
252 515 588 1450 1312 377 
253 524 554 1446 1252 366 
254 465 543 1362 1167 356 
255 444 549 1267 1163 313 
256 408 541 1296 1106 284 
257 407 471 1304 1089 267 
258 437 449 1136 1042 271 
259 360 504 1165 962 255 
260 378 465 1069 967 223 
261 312 390 1055 951 206 
262 346 402 1039 950 213 
263 340 339 1007 870 176 
264 329 368 896 840 172 
265 291 336 933 753 199 
266 273 313 855 751 185 
267 257 333 848 752 163 
268 252 341 828 685 155 
269 279 290 742 644 146 
270 261 287 735 580 120 
271 216 246 741 603 138 
272 243 260 669 603 118 
273 190 238 664 611 120 
274 187 204 603 588 109 
275 176 225 599 530 108 
276 204 252 623 509 91 
277 193 189 557 504 94 
278 175 210 489 466 102 
279 169 178 486 503 76 
280 208 142 487 440 67 
281 161 157 431 391 91 
282 149 135 416 397 89 
283 121 156 428 389 68 
284 121 156 401 375 73 
285 125 162 361 305 81 
286 128 143 382 318 58 
287 113 140 350 320 62 
288 112 137 284 315 54 
289 96 136 313 266 46 
290 102 112 293 250 56 
291 116 103 279 243 37 
292 106 97 269 235 56 
293 120 90 272 211 63 
294 87 100 260 223 54 
295 88 98 226 199 46 
296 83 103 222 202 40 
297 88 88 235 159 32 
298 91 73 211 178 38 
299 60 73 207 198 31 
300 80 75 182 156 26 
301 71 85 166 158 27 
302 59 73 169 169 28 
303 64 65 155 143 23 
304 64 66 158 143 21 
305 54 73 145 131 30 
306 58 50 143 142 29 
307 57 63 138 131 27 
308 52 50 142 126 29 
309 55 61 125 123 19 
310 39 61 134 124 16 
311 33 42 123 121 15 
312 39 44 131 111 17 
313 33 32 118 97 14 
314 27 40 107 99 12 
315 25 29 123 77 10 
316 23 32 118 83 6 
317 28 31 131 65 11 
318 33 24 105 60 10 
319 26 38 104 62 17 
320 28 23 116 63 14 
321 26 22 103 54 7 
322 23 19 94 58 13 
323 30 20 94 60 12 
324 16 29 83 53 11 
325 14 31 76 55 15 
326 20 21 57 49 10 
327 12 34 64 44 9 
328 15 23 60 55 11 
329 22 24 54 41 11 
330 22 17 52 29 8 
331 15 23 59 41 7 
332 13 24 42 38 6 
333 15 18 53 32 9 
334 13 19 56 27 5 
335 10 20 45 28 4 
336 17 15 40 28 6 
337 16 14 42 31 5 
338 16 12 35 35 4 
339 11 10 31 27 6 
340 11 13 32 26 5 
341 9 22 28 19 7 
342 15 15 37 12 2 
343 10 14 25 23 6 
344 12 14 19 16 2 
345 10 12 28 24 6 
346 12 13 36 17 5 
347 8 5 27 13 6 
348 6 6 15 16 8 
349 11 6 16 13 8 
350 10 11 23 13 8 
351 7 6 19 20 5 
352 4 11 23 17 8 
353 5 8 16 12 2 
354 5 7 17 10 2 
355 1 8 10 14 1 
356 4 3 11 6 2 
357 4 6 17 9 4 
358 2 6 14 14 5 
359 5 4 10 14 4 
360 3 3 5 14 5 
361 10 5 4 10 5 
362 6 5 5 12 6 
363 2 3 1 10 0 
364 5 4 6 7 0 
365 3 2 5 15 0 
366 2 1 5 14 2 
367 6 1 3 8 0 
368 3 4 5 11 2 
369 5 2 10 10 5 
370 0 4 12 6 3 
371 2 2 6 7 3 
372 3 1 12 4 1 
373 0 3 10 8 0 
374 5 0 11 5 0 
375 1 3 12 10 1 
376 2 1 9 8 0 
377 1 1 9 5 0 
378 4 0 7 8 1 
379 0 1 4 5 0 
380 1 0 6 7 2 
381 1 0 6 3 0 
382 3 1 3 5 0 
383 0 1 4 7 0 
384 1 0 6 4 0 
385 0 0 9 4 0 
386 0 0 4 8 1 
387 1 0 5 6 1 
388 2 1 8 7 1 
389 2 3 10 3 0 
390 1 1 4 2 0 
391 0 2 9 2 1 
392 0 5 7 1 0 
393 1 1 2 1 0 
394 1 0 4 5 1 
395 0 0 5 4 1 
396 0 0 2 10 1 
397 0 0 4 5 0 
398 0 0 8 2 0 
399 0 0 6 6 0 
400 0 0 9 1 0 
401 0 0 6 0 0 
402 1 0 5 8 0 
403 0 2 11 3 0 
404 0 1 7 2 0 
405 2 0 7 1 0 
406 1 0 3 0 0 
407 3 1 7 2 0 
408 0 2 2 1 0 
409 0 1 5 3 1 
410 3 0 1 3 0 
411 1 0 3 1 0 
412 0 0 2 0 0 
413 0 0 4 1 0 
414 0 0 1 0 0 
415 0 0 0 0 0 
416 0 0 0 0 0 
417 1 0 2 0 0 
418 0 1 1 0 0 
419 0 0 2 0 0 
420 2 0 2 0 0 
421 1 0 2 0 0 
422 1 0 3 0 0 
423 0 0 4 0 0 
424 0 0 4 0 0 
425 0 0 5 0 0 
426 0 0 13 0 0 
427 0 0 7 0 0 
428 0 1 4 0 0 
429 0 1 2 0 0 
430 0 2 3 0 0 
431 0 0 6 1 0 
432 0 2 2 0 0 
433 0 1 0 1 1 
434 0 0 0 0 0 
435 0 1 0 0 0 
436 0 0 0 0 0 
437 1 1 0 0 0 
438 0 2 0 0 0 
439 0 1 0 0 0 
440 1 1 1 0 0 
441 0 1 0 0 0 
442 0 0 0 0 0 
443 0 1 0 1 0 
444 0 0 0 0 0 
445 0 0 0 0 0 
446 0 2 0 0 0 
447 0 1 0 0 0 
448 0 2 0 0 0 
449 0 2 0 0 0 
450 0 1 0 0 0 
451 0 0 0 0 0 
452 0 1 0 0 0 
453 0 0 0 0 0 
454 0 0 0 0 0 
455 0 0 0 0 0 
456 0 0 0 0 0 
457 0 0 0 0 0 
458 0 0 0 0 0 
