1 0 12 0 0 0 
2 0 12 0 0 0 
3 0 22 0 0 0 
4 0 17 0 0 0 
5 1 18 0 1 0 
6 1 21 0 2 0 
7 0 18 0 1 0 
8 2 18 0 1 0 
9 2 16 0 1 0 
10 2 15 0 1 0 
11 1 14 0 2 0 
12 2 16 0 1 0 
13 5 16 0 1 0 
14 5 12 0 1 0 
15 4 10 0 0 0 
16 5 10 0 0 0 
17 4 8 0 0 0 
18 4 5 1 1 0 
19 5 6 0 2 0 
20 4 13 0 1 0 
21 4 5 0 0 0 
22 3 4 0 1 0 
23 1 7 0 2 0 
24 1 6 0 1 0 
25 1 4 0 1 0 
26 1 6 0 1 0 
27 0 10 0 1 0 
28 0 9 0 0 0 
29 0 6 0 0 0 
30 0 4 0 0 0 
31 0 1 0 0 0 
32 0 2 0 0 0 
33 0 1 0 0 0 
34 0 1 0 0 0 
35 0 1 0 0 0 
36 0 0 0 0 0 
