1 0 3 0 0 0 
2 0 3 0 0 0 
3 0 4 0 0 0 
4 0 7 0 0 0 
5 2 2 0 0 0 
6 0 6 0 1 0 
7 2 4 0 0 0 
8 0 4 0 0 0 
9 0 3 3 0 0 
10 3 4 0 0 0 
11 0 6 1 0 0 
12 2 5 1 1 0 
13 1 12 1 1 0 
14 0 4 4 0 0 
15 0 7 2 1 0 
16 1 6 4 1 1 
17 1 8 4 1 0 
18 2 9 3 0 0 
19 0 13 1 1 0 
20 0 12 1 1 0 
21 0 13 5 0 0 
22 0 11 5 0 0 
23 0 16 0 0 0 
24 1 17 1 1 0 
25 2 14 1 1 0 
26 0 14 4 0 0 
27 0 22 2 0 0 
28 2 21 5 1 0 
29 0 15 2 2 0 
30 1 13 0 3 0 
31 0 13 4 1 1 
32 0 12 6 1 0 
33 0 12 9 2 0 
34 3 7 5 0 0 
35 1 15 7 0 1 
36 0 14 6 1 0 
37 2 13 5 0 3 
38 0 17 5 1 1 
39 1 11 6 2 3 
40 0 17 7 1 0 
41 2 17 5 0 1 
42 3 18 8 1 1 
43 0 17 9 2 1 
44 1 15 6 3 1 
45 4 28 14 1 2 
46 3 30 12 1 0 
47 3 16 10 5 0 
48 2 26 14 3 0 
49 5 33 15 3 0 
50 2 26 18 6 3 
51 2 26 13 3 1 
52 7 22 20 3 0 
53 4 37 20 4 1 
54 2 38 22 2 0 
55 4 37 21 9 0 
56 3 41 24 7 0 
57 1 45 32 9 0 
58 2 42 38 12 0 
59 4 40 31 14 1 
60 6 41 33 11 0 
61 9 34 34 13 2 
62 9 39 43 9 0 
63 4 46 31 9 2 
64 10 46 33 17 0 
65 8 48 35 9 2 
66 10 71 46 19 1 
67 13 52 53 19 2 
68 14 63 54 29 4 
69 11 73 46 22 4 
70 18 78 49 31 7 
71 11 72 53 31 3 
72 5 103 50 35 4 
73 18 84 56 24 5 
74 9 92 48 30 8 
75 14 92 61 30 6 
76 13 94 58 39 3 
77 19 111 55 44 8 
78 16 116 53 35 10 
79 17 117 64 39 7 
80 23 116 70 45 5 
81 21 140 73 52 3 
82 25 146 85 58 4 
83 25 184 79 54 9 
84 27 145 107 51 5 
85 34 186 110 58 2 
86 32 153 111 69 8 
87 37 180 108 79 0 
88 43 223 132 74 8 
89 30 209 102 94 6 
90 41 215 120 82 3 
91 50 252 111 107 6 
92 46 286 128 91 6 
93 46 259 118 105 7 
94 44 328 148 115 6 
95 54 362 141 128 8 
96 71 351 167 136 9 
97 51 333 158 157 13 
98 69 385 155 161 11 
99 74 395 191 180 17 
100 73 398 202 180 16 
101 96 471 210 195 16 
102 85 407 225 187 14 
103 84 490 238 228 15 
104 97 534 232 251 16 
105 93 551 264 258 24 
106 109 549 277 297 18 
107 115 626 286 273 28 
108 118 648 306 262 24 
109 150 656 325 315 25 
110 154 693 349 327 36 
111 139 794 342 333 31 
112 155 814 363 376 42 
113 166 833 388 391 33 
114 210 858 412 401 38 
115 205 879 422 453 34 
116 194 978 428 462 51 
117 208 931 447 473 40 
118 190 980 449 548 73 
119 213 1003 496 557 47 
120 214 1080 560 603 76 
121 237 1138 578 596 79 
122 239 1160 609 674 62 
123 247 1226 613 697 75 
124 224 1223 693 746 83 
125 275 1382 714 803 93 
126 281 1400 719 873 90 
127 331 1420 753 867 120 
128 294 1491 808 915 96 
129 332 1543 842 914 112 
130 355 1686 928 981 91 
131 380 1795 897 1081 116 
132 339 1896 1019 1151 123 
133 390 2109 1069 1155 145 
134 469 2032 1062 1183 137 
135 453 2180 1156 1304 166 
136 481 2255 1225 1351 171 
137 546 2306 1231 1442 174 
138 524 2463 1378 1412 175 
139 558 2427 1358 1499 166 
140 580 2681 1381 1553 207 
141 602 2667 1581 1670 183 
142 586 2699 1653 1734 248 
143 683 2729 1695 1788 243 
144 672 2845 1799 1769 250 
145 712 2994 1838 1933 252 
146 701 2993 1908 2026 287 
147 758 3059 2060 2048 315 
148 793 3041 2103 2141 387 
149 831 3274 2199 2278 319 
150 829 3210 2266 2347 299 
151 835 3334 2395 2521 333 
152 876 3295 2513 2582 369 
153 923 3474 2518 2722 356 
154 977 3517 2674 2802 397 
155 950 3537 2709 2861 395 
156 945 3571 2835 2980 437 
157 1089 3683 2945 3084 420 
158 1075 3698 3022 3178 470 
159 1105 3684 3076 3184 483 
160 1043 3773 3181 3393 480 
161 1242 3762 3189 3462 480 
162 1164 3804 3183 3657 473 
163 1211 3751 3235 3775 559 
164 1235 3767 3341 3760 562 
165 1307 3902 3476 4022 564 
166 1282 3866 3456 4117 623 
167 1251 3855 3689 4144 644 
168 1400 3894 3844 4267 653 
169 1367 3880 3925 4310 710 
170 1349 3986 3997 4498 668 
171 1453 4080 4074 4453 688 
172 1511 4122 4110 4463 665 
173 1566 4180 4160 4580 809 
174 1452 4116 4267 4642 770 
175 1585 4073 4438 4664 799 
176 1577 4203 4730 4812 834 
177 1590 4122 4594 4912 898 
178 1674 4007 4594 4981 879 
179 1638 4090 4785 4857 888 
180 1628 4183 4840 4972 952 
181 1707 4150 4848 5065 898 
182 1669 4111 4953 5086 923 
183 1628 3900 4869 5105 897 
184 1658 4011 4968 5037 923 
185 1616 3959 4975 5107 922 
186 1734 3736 5056 5079 924 
187 1692 3723 5091 5053 933 
188 1574 3652 4980 5109 949 
189 1710 3617 5087 5204 1002 
190 1708 3582 5138 5177 990 
191 1651 3548 4985 5146 1074 
192 1651 3452 4899 4980 992 
193 1583 3194 5098 5032 1035 
194 1621 3252 4966 5116 1125 
195 1608 3123 4962 4978 1079 
196 1629 3043 4995 4931 1111 
197 1644 3063 4832 4856 1126 
198 1565 2946 4877 4803 1045 
199 1664 2831 4890 4842 1068 
200 1543 2764 4865 4759 1034 
201 1512 2690 4876 4676 1038 
202 1510 2500 4729 4666 1018 
203 1401 2533 4708 4465 975 
204 1407 2441 4490 4350 952 
205 1379 2370 4659 4286 991 
206 1452 2295 4543 4136 978 
207 1383 2252 4447 4055 926 
208 1351 2209 4350 4050 933 
209 1358 2134 4257 4024 885 
210 1260 2064 4130 3959 902 
211 1246 2057 3985 3706 887 
212 1206 1929 3932 3677 828 
213 1145 1784 3917 3600 856 
214 1117 1864 3741 3448 816 
215 1181 1738 3773 3464 811 
216 1162 1670 3723 3409 794 
217 1080 1651 3558 3184 770 
218 1073 1558 3485 3084 774 
219 1019 1535 3384 3239 727 
220 974 1464 3254 3043 751 
221 923 1417 3230 2848 716 
222 961 1429 3207 2900 674 
223 923 1339 3079 2677 704 
224 871 1198 3013 2699 646 
225 886 1226 2892 2599 617 
226 796 1134 2799 2556 602 
227 878 1052 2879 2488 553 
228 837 1108 2688 2382 609 
229 798 1027 2705 2259 608 
230 746 1000 2504 2275 593 
231 754 982 2373 2198 581 
232 718 899 2459 2058 544 
233 734 940 2376 1974 517 
234 622 915 2283 1936 538 
235 610 811 2273 1855 511 
236 609 838 2075 1819 500 
237 649 836 1954 1685 444 
238 606 806 1913 1625 470 
239 582 693 1892 1568 440 
240 522 717 1790 1525 435 
241 546 640 1733 1509 434 
242 483 569 1681 1423 399 
243 498 600 1662 1334 339 
244 488 565 1551 1290 397 
245 420 562 1481 1275 326 
246 445 577 1424 1262 342 
247 435 518 1336 1215 292 
248 402 522 1294 1119 300 
249 378 478 1239 1089 318 
250 434 505 1235 1111 285 
251 373 437 1173 1066 290 
252 425 408 1084 990 296 
253 360 415 1015 976 259 
254 317 382 997 990 277 
255 327 372 940 899 247 
256 330 360 897 880 233 
257 280 370 935 869 219 
258 327 349 829 818 210 
259 266 336 794 781 189 
260 269 276 743 759 172 
261 284 307 768 711 176 
262 233 273 713 665 145 
263 270 277 679 594 138 
264 268 246 636 604 128 
265 240 251 598 544 128 
266 208 218 556 496 141 
267 223 199 594 518 112 
268 200 200 577 525 125 
269 218 225 544 481 130 
270 182 208 515 433 118 
271 184 175 469 473 121 
272 165 199 509 430 127 
273 166 174 453 426 117 
274 147 166 436 414 106 
275 117 154 410 350 76 
276 143 169 408 343 76 
277 118 162 380 334 85 
278 138 140 351 370 65 
279 101 143 313 308 65 
280 114 139 335 294 74 
281 95 110 313 300 55 
282 99 125 295 274 75 
283 105 103 284 227 40 
284 98 111 269 256 56 
285 106 121 292 237 79 
286 100 126 230 217 54 
287 74 116 269 235 68 
288 79 119 246 196 59 
289 85 112 220 210 62 
290 69 112 227 205 56 
291 64 99 206 172 42 
292 57 86 226 192 51 
293 63 93 174 157 43 
294 48 108 140 181 54 
295 56 85 163 165 32 
296 49 78 146 127 48 
297 58 94 121 141 48 
298 63 80 144 129 48 
299 70 84 130 115 37 
300 44 69 116 97 44 
301 45 64 127 99 42 
302 47 65 124 100 33 
303 44 72 127 124 39 
304 36 64 110 77 27 
305 40 61 90 73 29 
306 38 52 94 91 35 
307 40 39 90 76 20 
308 34 59 87 72 23 
309 35 43 94 98 19 
310 25 47 84 75 19 
311 35 48 60 77 13 
312 33 36 103 77 13 
313 27 19 76 82 10 
314 24 36 74 66 11 
315 14 35 74 77 24 
316 21 36 65 66 13 
317 34 42 63 73 13 
318 23 33 64 59 10 
319 25 28 57 42 13 
320 19 35 54 52 15 
321 20 26 50 56 9 
322 24 28 50 51 15 
323 25 28 42 35 12 
324 17 26 46 49 12 
325 16 24 31 52 9 
326 14 26 39 48 13 
327 14 18 31 36 6 
328 14 18 32 36 4 
329 18 18 24 27 7 
330 11 28 24 35 4 
331 9 22 30 29 11 
332 14 15 37 27 7 
333 2 15 27 34 8 
334 7 12 21 23 11 
335 3 9 19 27 10 
336 5 9 17 20 5 
337 7 18 14 22 6 
338 5 10 15 23 4 
339 4 15 9 24 3 
340 2 10 10 23 4 
341 0 6 12 19 3 
342 4 9 9 23 6 
343 1 8 10 13 1 
344 2 10 11 13 1 
345 3 6 11 11 0 
346 4 5 8 12 1 
347 3 6 5 13 2 
348 4 5 8 15 1 
349 3 7 8 10 2 
350 2 8 5 6 1 
351 2 4 3 7 3 
352 2 3 5 7 2 
353 1 8 6 6 3 
354 0 5 8 10 5 
355 1 2 2 6 2 
356 3 0 3 5 3 
357 1 2 7 7 4 
358 3 1 5 6 2 
359 0 2 2 5 2 
360 0 1 3 8 0 
361 3 0 3 4 3 
362 2 1 5 5 2 
363 0 0 1 4 2 
364 0 1 2 1 0 
365 0 2 2 8 0 
366 0 1 6 11 0 
367 1 1 1 4 0 
368 0 1 1 7 1 
369 0 2 3 3 1 
370 0 0 1 7 0 
371 0 2 2 2 0 
372 0 0 1 2 0 
373 0 4 2 4 1 
374 0 0 3 3 1 
375 0 2 1 2 0 
376 0 5 1 2 0 
377 2 2 2 2 0 
378 0 5 2 2 0 
379 0 5 1 2 0 
380 1 0 1 1 0 
381 0 4 1 0 0 
382 0 3 0 1 0 
383 0 4 1 0 0 
384 1 5 3 0 0 
385 0 1 1 1 0 
386 0 1 2 0 0 
387 0 1 1 0 0 
388 0 0 1 0 0 
389 0 0 1 0 0 
390 0 0 2 0 0 
391 0 0 1 0 0 
392 0 0 0 0 0 
393 0 0 0 0 0 
394 0 0 0 0 0 
395 0 0 0 0 0 
