1 0 2 0 0 0 
2 0 6 0 0 0 
3 0 3 1 0 0 
4 0 8 0 0 0 
5 0 4 0 0 0 
6 0 5 0 0 0 
7 0 8 0 0 0 
8 0 6 2 0 0 
9 0 4 0 0 0 
10 0 9 0 0 0 
11 0 9 2 0 0 
12 0 5 0 0 0 
13 0 5 1 0 0 
14 0 7 2 0 0 
15 0 5 1 0 0 
16 1 11 0 1 0 
17 0 9 1 1 0 
18 0 11 1 2 0 
19 0 5 0 3 0 
20 0 8 2 3 0 
21 0 8 0 5 0 
22 1 9 1 2 0 
23 0 6 0 1 0 
24 2 11 0 5 0 
25 0 10 1 2 0 
26 2 14 1 2 0 
27 1 14 0 1 0 
28 0 14 0 2 0 
29 1 12 0 3 0 
30 2 11 0 6 0 
31 1 14 1 0 0 
32 3 10 0 0 0 
33 0 15 0 1 0 
34 0 13 0 0 0 
35 0 15 1 2 0 
36 0 24 0 3 0 
37 3 20 1 7 0 
38 2 18 0 2 0 
39 1 14 1 2 0 
40 3 18 1 1 0 
41 3 17 0 0 0 
42 2 20 0 6 0 
43 1 23 1 1 0 
44 2 22 1 4 0 
45 2 20 1 2 0 
46 1 23 0 3 0 
47 4 31 2 3 0 
48 2 32 5 1 0 
49 5 26 6 3 0 
50 3 30 0 5 1 
51 2 18 8 9 0 
52 1 35 5 6 0 
53 3 20 7 4 0 
54 2 28 6 4 1 
55 4 39 1 9 0 
56 5 29 8 2 0 
57 3 42 6 4 0 
58 7 32 8 7 0 
59 5 37 10 5 2 
60 8 40 18 6 0 
61 5 41 16 10 1 
62 5 48 15 5 3 
63 11 53 12 14 1 
64 6 68 8 10 0 
65 10 61 22 10 1 
66 12 57 18 12 1 
67 14 78 21 13 3 
68 13 81 15 18 1 
69 10 97 20 15 1 
70 9 94 24 26 4 
71 10 91 35 27 3 
72 14 89 21 24 3 
73 13 90 24 30 4 
74 7 104 32 37 3 
75 12 96 32 28 3 
76 15 101 40 42 3 
77 13 97 41 34 2 
78 11 86 47 49 2 
79 25 85 45 47 1 
80 30 112 47 59 6 
81 20 103 45 43 6 
82 24 98 48 55 6 
83 22 123 53 56 8 
84 24 125 44 72 10 
85 38 113 46 72 8 
86 22 123 51 75 4 
87 21 149 67 71 18 
88 26 141 57 59 11 
89 18 158 67 66 13 
90 35 176 83 91 14 
91 30 177 86 79 20 
92 38 183 94 85 18 
93 42 191 89 99 26 
94 35 180 96 114 18 
95 44 210 116 116 22 
96 54 221 103 130 32 
97 67 234 141 119 24 
98 49 264 103 139 25 
99 55 254 114 156 32 
100 49 257 129 153 21 
101 57 260 126 159 29 
102 57 239 150 178 35 
103 70 285 131 160 33 
104 72 325 145 143 38 
105 81 302 183 169 41 
106 57 298 176 163 51 
107 62 327 198 192 26 
108 68 389 200 150 54 
109 69 366 220 188 56 
110 75 419 185 200 44 
111 82 438 233 225 41 
112 94 518 235 235 46 
113 100 489 252 241 50 
114 109 557 247 268 48 
115 122 581 272 291 54 
116 105 579 268 304 64 
117 89 643 317 351 57 
118 122 615 293 327 67 
119 125 621 313 321 45 
120 121 648 309 386 60 
121 133 715 332 403 69 
122 147 745 397 445 60 
123 155 797 334 431 63 
124 173 837 333 469 77 
125 162 853 379 482 77 
126 172 860 389 474 84 
127 193 948 415 530 73 
128 185 1000 443 568 88 
129 203 1037 413 619 79 
130 224 1091 467 689 75 
131 244 1109 492 697 93 
132 256 1231 536 792 116 
133 271 1241 558 801 123 
134 268 1240 600 894 106 
135 303 1346 596 882 113 
136 295 1488 695 914 141 
137 345 1597 717 975 156 
138 310 1573 797 1040 152 
139 321 1589 793 1053 179 
140 348 1620 804 1130 188 
141 396 1805 889 1204 193 
142 394 1805 904 1343 178 
143 434 1848 969 1305 171 
144 404 1980 1007 1376 186 
145 515 1932 1112 1396 196 
146 475 2080 1146 1498 188 
147 469 2131 1174 1571 186 
148 539 2186 1283 1546 219 
149 553 2200 1307 1630 219 
150 559 2314 1351 1789 247 
151 585 2365 1402 1797 236 
152 627 2404 1568 1895 242 
153 631 2548 1610 2065 284 
154 669 2622 1683 1994 267 
155 722 2714 1807 2150 280 
156 728 2734 1903 2216 316 
157 736 2890 1955 2247 315 
158 753 2899 2019 2363 331 
159 765 3031 2189 2454 351 
160 859 3013 2182 2563 376 
161 819 3231 2293 2577 379 
162 853 3218 2393 2775 381 
163 938 3319 2582 2750 405 
164 955 3411 2640 2818 457 
165 955 3511 2806 2998 498 
166 978 3697 2906 3044 496 
167 1009 3645 3006 3294 423 
168 1056 3648 3014 3238 481 
169 1084 3631 3176 3321 467 
170 1123 3770 3347 3512 510 
171 1193 3676 3371 3703 514 
172 1216 3835 3434 3746 544 
173 1254 3928 3705 3851 548 
174 1278 3854 3727 3917 572 
175 1335 3956 3805 3946 635 
176 1300 3842 3903 4141 616 
177 1276 3942 3975 4197 619 
178 1333 4042 4155 4142 647 
179 1377 4018 4188 4336 674 
180 1398 4001 4251 4475 634 
181 1477 4132 4437 4629 645 
182 1482 4131 4611 4617 742 
183 1551 3991 4607 4840 782 
184 1615 4126 4693 4937 738 
185 1514 4203 4743 5022 772 
186 1618 4212 5051 4909 785 
187 1556 4177 5109 4998 840 
188 1625 4236 5281 4917 837 
189 1702 4139 5235 4960 848 
190 1635 4087 5192 5045 848 
191 1651 4039 5172 5148 861 
192 1648 3982 5321 5123 905 
193 1623 3913 5235 5205 936 
194 1712 3922 5304 5178 927 
195 1673 3779 5221 5211 923 
196 1778 3586 5374 5131 918 
197 1759 3676 5522 5203 942 
198 1776 3469 5550 5127 936 
199 1720 3509 5418 5240 979 
200 1729 3466 5368 5092 975 
201 1743 3353 5406 5116 998 
202 1724 3261 5330 5151 990 
203 1732 3204 5405 5032 1025 
204 1664 3155 5304 4934 935 
205 1635 3138 5253 4819 978 
206 1619 3116 5181 4934 964 
207 1668 3043 5150 4851 976 
208 1627 2933 5030 4759 910 
209 1595 2854 5016 4811 933 
210 1561 2764 4919 4758 957 
211 1577 2707 4762 4651 897 
212 1534 2529 4821 4443 907 
213 1568 2532 4801 4361 891 
214 1528 2521 4699 4343 920 
215 1516 2467 4578 4167 930 
216 1454 2320 4460 4127 908 
217 1386 2275 4426 4076 835 
218 1445 2053 4214 3958 907 
219 1384 2090 4185 3953 851 
220 1292 2148 4097 3745 845 
221 1321 2105 4109 3806 856 
222 1209 1888 3843 3571 827 
223 1206 1983 3726 3496 767 
224 1181 1809 3672 3446 798 
225 1151 1878 3656 3334 767 
226 1171 1717 3547 3293 785 
227 1160 1601 3472 3151 727 
228 1115 1597 3400 3193 785 
229 1053 1542 3350 3043 701 
230 1039 1479 3271 2956 703 
231 1059 1510 3183 2898 731 
232 996 1445 3117 2819 675 
233 963 1384 3137 2714 658 
234 905 1331 2901 2628 685 
235 885 1269 2928 2562 656 
236 908 1251 2765 2487 670 
237 862 1207 2652 2393 550 
238 822 1180 2612 2288 562 
239 784 1106 2512 2170 591 
240 719 1091 2462 2186 593 
241 773 1070 2483 2084 522 
242 714 1054 2401 2069 568 
243 663 944 2220 1912 530 
244 658 896 2230 1849 486 
245 652 913 2171 1794 469 
246 596 875 2067 1763 418 
247 596 783 2060 1763 406 
248 573 760 1896 1616 407 
249 525 747 1895 1679 442 
250 490 679 1800 1501 410 
251 534 722 1702 1545 351 
252 529 647 1555 1432 361 
253 509 645 1617 1434 321 
254 484 599 1472 1406 338 
255 499 615 1397 1351 311 
256 454 564 1308 1309 318 
257 434 545 1297 1217 329 
258 484 543 1225 1163 318 
259 405 546 1244 1127 327 
260 428 510 1172 1117 301 
261 351 470 1198 986 291 
262 354 452 1106 1044 281 
263 298 423 1068 993 263 
264 337 441 1009 884 256 
265 347 391 966 895 247 
266 330 375 928 833 219 
267 315 371 907 792 237 
268 295 353 870 794 257 
269 260 352 817 712 211 
270 254 327 815 712 211 
271 271 357 773 660 193 
272 244 312 763 640 197 
273 227 290 705 615 186 
274 268 287 705 553 166 
275 220 269 649 537 148 
276 208 300 641 542 161 
277 193 224 596 519 157 
278 190 242 590 434 157 
279 165 238 560 477 138 
280 152 258 547 441 158 
281 195 223 533 468 145 
282 170 206 487 413 135 
283 159 190 468 376 137 
284 152 175 471 354 123 
285 133 174 451 337 86 
286 108 158 386 298 117 
287 116 152 341 282 109 
288 101 138 368 305 79 
289 104 147 316 289 87 
290 91 150 333 278 85 
291 93 135 316 250 74 
292 107 122 312 242 82 
293 89 140 258 236 70 
294 90 125 273 220 78 
295 76 115 275 180 76 
296 85 121 263 200 63 
297 67 122 267 216 70 
298 68 127 245 209 64 
299 67 103 238 186 66 
300 74 114 203 170 59 
301 71 88 218 190 60 
302 70 93 212 179 57 
303 78 96 209 188 51 
304 58 106 188 175 54 
305 54 73 202 164 47 
306 51 87 182 156 55 
307 53 79 160 170 41 
308 53 73 151 135 48 
309 42 67 159 140 46 
310 42 77 176 132 39 
311 50 65 124 136 54 
312 65 47 139 144 39 
313 39 66 149 131 59 
314 40 52 109 113 39 
315 46 66 102 105 28 
316 39 45 114 101 28 
317 36 56 116 104 36 
318 46 48 97 119 33 
319 25 34 99 94 38 
320 32 38 87 97 40 
321 32 49 79 87 37 
322 26 35 83 95 41 
323 29 37 70 83 36 
324 23 34 66 85 29 
325 19 28 69 75 23 
326 20 26 88 71 37 
327 22 27 76 65 34 
328 26 20 75 69 33 
329 26 20 58 66 28 
330 16 17 66 71 27 
331 18 25 65 75 26 
332 22 14 55 56 25 
333 10 14 71 61 21 
334 12 13 63 56 24 
335 12 14 59 50 18 
336 14 14 55 62 16 
337 8 12 52 62 17 
338 11 9 43 51 18 
339 10 7 41 42 12 
340 9 11 45 36 11 
341 8 12 28 49 12 
342 11 14 39 44 12 
343 14 14 42 42 16 
344 11 6 37 43 16 
345 13 21 22 34 13 
346 10 12 39 35 14 
347 9 7 28 34 15 
348 7 6 36 29 11 
349 15 7 27 24 6 
350 13 8 27 35 9 
351 5 7 25 26 15 
352 7 4 34 27 12 
353 9 4 22 35 11 
354 11 3 27 30 11 
355 8 4 18 30 12 
356 6 4 14 29 10 
357 4 2 14 18 10 
358 10 3 11 19 7 
359 9 5 15 28 8 
360 5 3 19 10 5 
361 6 2 18 18 6 
362 4 2 18 10 5 
363 1 4 7 11 6 
364 2 4 16 11 3 
365 2 6 5 10 6 
366 3 2 9 12 3 
367 1 5 14 10 3 
368 3 1 6 8 5 
369 5 1 5 2 3 
370 2 1 4 9 0 
371 2 1 13 6 2 
372 4 0 9 7 1 
373 1 1 8 10 3 
374 0 0 6 10 3 
375 1 2 6 6 1 
376 0 1 5 13 1 
377 0 2 4 8 1 
378 0 0 3 4 0 
379 1 1 5 3 2 
380 0 0 5 16 1 
381 1 0 7 3 2 
382 0 0 6 6 2 
383 0 0 3 1 3 
384 0 0 9 3 1 
385 0 0 3 6 2 
386 0 0 7 2 1 
387 1 0 10 3 0 
388 0 0 4 2 0 
389 1 0 4 0 0 
390 0 0 2 0 0 
391 0 0 4 1 0 
392 0 0 3 0 0 
393 1 0 1 0 0 
394 0 0 2 0 0 
395 0 0 3 1 0 
396 0 0 3 2 0 
397 0 0 3 1 0 
398 0 0 3 1 0 
399 0 0 3 0 0 
400 0 0 1 0 0 
401 0 0 2 0 0 
402 0 1 4 0 0 
403 0 0 3 1 0 
404 0 0 3 1 0 
405 0 0 3 0 0 
406 0 0 2 0 0 
407 0 0 3 0 0 
408 3 0 3 0 0 
409 1 0 3 1 0 
410 0 0 2 2 0 
411 1 0 1 0 0 
412 0 0 2 2 0 
413 0 0 0 2 0 
414 1 0 0 0 0 
415 0 0 1 1 0 
416 0 0 0 0 0 
417 0 0 0 0 0 
418 0 0 0 0 0 
419 0 0 0 0 0 
420 0 0 0 0 0 
