1 0 12 0 0 0 
2 0 12 0 0 0 
3 0 13 0 0 0 
4 0 18 0 0 0 
5 0 21 0 0 0 
6 0 20 0 0 0 
7 0 15 0 2 0 
8 0 16 0 4 0 
9 1 14 0 3 0 
10 1 16 0 7 0 
11 1 18 0 8 0 
12 1 21 0 12 0 
13 2 29 0 15 0 
14 1 35 1 17 0 
15 1 35 0 18 0 
16 0 30 2 19 0 
17 1 34 4 23 0 
18 2 36 5 17 0 
19 3 33 4 23 0 
20 3 32 3 28 0 
21 2 28 4 31 0 
22 2 24 5 26 0 
23 2 23 4 22 0 
24 3 23 8 21 0 
25 2 25 12 25 0 
26 3 29 10 26 1 
27 2 25 10 24 1 
28 2 25 10 20 1 
29 2 27 10 19 1 
30 1 30 11 13 1 
31 3 38 13 13 0 
32 6 48 19 13 0 
33 9 48 19 13 0 
34 10 48 14 16 0 
35 7 54 13 14 1 
36 11 58 5 14 1 
37 12 52 4 13 1 
38 11 56 7 10 1 
39 13 63 8 11 1 
40 12 51 7 11 1 
41 13 54 7 14 2 
42 15 52 10 14 1 
43 12 59 9 14 1 
44 7 64 15 16 4 
45 8 77 17 20 7 
46 9 83 12 17 8 
47 9 75 11 21 7 
48 11 75 16 24 8 
49 11 82 16 19 9 
50 18 101 17 21 8 
51 9 104 26 20 10 
52 11 126 30 14 11 
53 15 133 31 14 9 
54 14 129 33 17 10 
55 15 129 30 23 9 
56 9 127 30 27 9 
57 11 124 33 24 9 
58 13 139 34 29 9 
59 14 145 34 27 7 
60 15 149 43 36 8 
61 19 148 52 42 9 
62 24 157 52 44 10 
63 26 156 55 52 11 
64 25 154 58 58 17 
65 24 167 73 59 15 
66 28 176 68 79 16 
67 35 181 95 87 17 
68 39 196 112 93 19 
69 50 210 111 109 24 
70 44 197 128 125 18 
71 57 190 136 117 18 
72 61 200 136 127 19 
73 59 208 161 161 23 
74 53 245 181 159 23 
75 59 261 171 166 20 
76 64 273 170 169 28 
77 72 281 180 162 28 
78 71 313 180 155 34 
79 77 365 174 182 32 
80 73 373 190 203 29 
81 72 407 188 208 26 
82 63 422 187 245 25 
83 54 424 219 252 28 
84 64 414 221 238 34 
85 81 437 224 260 40 
86 88 450 249 248 47 
87 85 503 265 258 46 
88 86 526 282 267 45 
89 96 556 286 276 52 
90 99 609 287 303 59 
91 125 615 307 331 59 
92 127 674 333 350 69 
93 123 702 357 365 76 
94 140 771 395 393 72 
95 145 812 417 415 68 
96 163 844 440 441 64 
97 183 887 443 450 64 
98 175 912 462 477 73 
99 190 938 476 492 77 
100 198 958 527 536 90 
101 206 1003 513 558 80 
102 225 1040 518 599 86 
103 229 1136 559 640 88 
104 234 1119 638 641 98 
105 267 1136 663 679 96 
106 273 1191 680 682 89 
107 281 1250 692 701 89 
108 295 1330 741 728 94 
109 312 1424 767 767 99 
110 297 1518 847 802 91 
111 299 1557 940 872 91 
112 325 1648 960 901 90 
113 347 1737 1037 962 89 
114 342 1851 1045 1004 93 
115 380 1920 1119 1045 105 
116 376 1988 1159 1103 96 
117 406 2016 1241 1174 99 
118 436 2159 1321 1263 119 
119 459 2259 1419 1359 120 
120 454 2331 1433 1398 136 
121 469 2397 1499 1432 144 
122 503 2580 1585 1504 149 
123 551 2730 1701 1538 167 
124 557 2935 1768 1576 173 
125 590 3059 1873 1660 201 
126 637 3116 1977 1798 205 
127 720 3232 2023 1849 217 
128 765 3352 2060 1946 223 
129 849 3549 2199 2038 271 
130 903 3797 2289 2140 294 
131 905 3930 2462 2276 318 
132 965 4042 2526 2382 347 
133 963 4234 2629 2567 367 
134 1035 4416 2620 2751 392 
135 1091 4633 2690 2873 389 
136 1117 4888 2795 3072 402 
137 1183 5088 2939 3240 410 
138 1245 5328 3108 3354 433 
139 1267 5452 3289 3533 466 
140 1400 5601 3419 3754 464 
141 1432 5755 3548 3959 491 
142 1420 6061 3744 4136 519 
143 1537 6256 3918 4298 553 
144 1554 6318 4091 4471 571 
145 1539 6588 4300 4656 610 
146 1563 6792 4534 4776 658 
147 1614 6971 4661 4900 689 
148 1634 7104 4878 5157 725 
149 1727 7291 5086 5468 758 
150 1760 7464 5266 5593 792 
151 1829 7810 5417 5732 804 
152 1913 7923 5662 5930 812 
153 1968 8162 5883 6171 880 
154 2013 8397 6001 6518 915 
155 2055 8673 6162 6700 952 
156 2131 8890 6364 6813 1027 
157 2247 9167 6627 7032 1059 
158 2315 9236 6899 7150 1101 
159 2356 9473 6998 7470 1157 
160 2387 9761 7317 7759 1212 
161 2419 9870 7571 8018 1263 
162 2469 10076 7866 8216 1318 
163 2524 10350 8008 8603 1345 
164 2620 10425 8248 8737 1311 
165 2702 10594 8563 8962 1331 
166 2807 10870 8875 9340 1407 
167 2908 10979 9091 9642 1420 
168 2966 11194 9353 9904 1468 
169 3093 11296 9713 10104 1540 
170 3108 11307 9983 10319 1626 
171 3244 11368 10165 10794 1671 
172 3424 11298 10352 11101 1739 
173 3577 11468 10703 11352 1839 
174 3600 11524 11055 11505 1923 
175 3691 11696 11221 11772 1970 
176 3814 11775 11589 12011 2079 
177 3879 11781 11877 12173 2101 
178 3987 11877 12160 12530 2183 
179 4037 11760 12321 12724 2251 
180 4054 11816 12565 13006 2280 
181 4192 11785 12773 13117 2296 
182 4223 11880 13008 13309 2392 
183 4250 11901 13134 13503 2444 
184 4320 11826 13376 13827 2425 
185 4346 11763 13457 13975 2500 
186 4316 11680 13691 14060 2556 
187 4307 11645 13839 14143 2596 
188 4395 11635 13959 14358 2635 
189 4422 11463 14001 14297 2684 
190 4457 11350 14008 14473 2719 
191 4530 11162 14228 14590 2713 
192 4558 10816 14483 14524 2766 
193 4623 10744 14471 14592 2838 
194 4768 10671 14461 14559 2793 
195 4820 10438 14580 14814 2748 
196 4825 10161 14733 14725 2786 
197 4810 10035 14776 14927 2783 
198 4796 9975 14707 15032 2753 
199 4693 9753 14697 15107 2810 
200 4637 9510 14660 14944 2828 
201 4749 9237 14617 14974 2870 
202 4610 9082 14585 14866 2863 
203 4608 8996 14524 14628 2860 
204 4465 8804 14491 14404 2819 
205 4442 8629 14440 14145 2763 
206 4411 8357 14412 14181 2749 
207 4434 8127 14216 13901 2750 
208 4307 7897 14129 13732 2693 
209 4224 7725 13850 13461 2629 
210 4136 7552 13713 13282 2593 
211 4131 7346 13592 13233 2595 
212 4004 7123 13344 13051 2572 
213 3968 6976 13161 12860 2501 
214 3921 6839 12929 12691 2536 
215 3948 6709 12857 12533 2526 
216 3909 6488 12591 12300 2476 
217 3805 6335 12511 11836 2450 
218 3687 6163 12391 11554 2377 
219 3615 5945 12316 11235 2345 
220 3582 5846 12044 11100 2338 
221 3524 5684 11967 10958 2323 
222 3474 5435 11633 10720 2258 
223 3388 5237 11334 10541 2240 
224 3302 5067 11057 10259 2194 
225 3227 4950 10681 10031 2110 
226 3168 4896 10497 9793 2080 
227 3063 4788 10198 9649 2044 
228 2996 4691 9965 9458 2054 
229 2916 4622 9703 9153 1940 
230 2863 4504 9586 8855 1886 
231 2797 4313 9239 8581 1827 
232 2736 4126 9074 8383 1723 
233 2663 4037 8953 8171 1724 
234 2597 3825 8862 7982 1742 
235 2508 3656 8525 7811 1748 
236 2503 3516 8339 7569 1702 
237 2432 3330 8199 7330 1665 
238 2408 3220 8002 7053 1609 
239 2375 3090 7695 6809 1536 
240 2276 2972 7520 6594 1458 
241 2176 2860 7311 6426 1384 
242 2101 2758 7129 6208 1350 
243 2067 2655 6708 6020 1294 
244 1979 2580 6587 5685 1241 
245 1887 2499 6344 5413 1187 
246 1788 2399 6113 5204 1173 
247 1732 2314 5919 5099 1161 
248 1692 2223 5840 4957 1112 
249 1643 2124 5513 4779 1056 
250 1595 2045 5300 4620 1017 
251 1588 1905 5080 4458 981 
252 1522 1837 4819 4299 947 
253 1486 1793 4551 4159 918 
254 1439 1721 4259 4040 858 
255 1416 1672 4053 3874 857 
256 1395 1623 3925 3688 863 
257 1304 1527 3783 3492 845 
258 1260 1480 3642 3447 805 
259 1230 1430 3561 3390 767 
260 1153 1343 3381 3312 720 
261 1143 1303 3254 3232 675 
262 1113 1297 3091 3106 664 
263 1079 1255 3025 2956 673 
264 1012 1218 2980 2803 599 
265 935 1169 2884 2691 580 
266 892 1161 2795 2563 541 
267 894 1148 2708 2444 507 
268 833 1117 2609 2324 489 
269 819 1034 2461 2159 494 
270 795 1010 2401 2090 467 
271 772 969 2251 1988 439 
272 700 933 2174 1874 437 
273 649 934 2017 1797 427 
274 616 926 1961 1765 397 
275 582 865 1876 1666 348 
276 573 853 1806 1612 344 
277 552 835 1758 1503 324 
278 550 796 1716 1458 336 
279 522 778 1666 1445 293 
280 484 740 1682 1352 281 
281 477 696 1607 1309 275 
282 471 694 1485 1252 279 
283 472 613 1387 1206 280 
284 444 585 1312 1180 279 
285 453 562 1300 1088 268 
286 420 500 1210 1018 267 
287 407 488 1151 947 254 
288 410 493 1065 889 251 
289 386 457 1072 834 243 
290 353 429 1057 834 226 
291 337 423 1005 793 219 
292 313 419 962 750 228 
293 304 391 901 718 227 
294 299 349 852 694 234 
295 276 355 819 678 219 
296 261 363 766 655 205 
297 265 342 729 608 210 
298 253 333 713 577 201 
299 255 315 687 551 187 
300 243 314 647 558 175 
301 247 303 587 524 168 
302 230 285 555 527 154 
303 230 290 554 504 154 
304 201 278 539 460 154 
305 196 250 548 471 136 
306 200 234 525 426 139 
307 183 239 482 395 129 
308 174 222 461 367 127 
309 169 212 426 351 132 
310 146 202 403 337 132 
311 143 204 363 323 124 
312 153 192 369 291 111 
313 138 178 364 274 101 
314 124 162 346 267 105 
315 126 145 347 256 108 
316 113 148 325 253 99 
317 113 117 328 240 102 
318 99 112 326 217 99 
319 94 118 323 180 97 
320 98 124 296 161 93 
321 83 102 258 167 88 
322 70 102 236 153 85 
323 75 94 213 149 72 
324 75 84 219 134 66 
325 69 67 186 129 52 
326 61 61 167 134 40 
327 50 55 159 122 35 
328 50 51 155 119 27 
329 46 43 146 97 25 
330 41 43 151 90 21 
331 41 43 131 82 23 
332 36 43 120 83 19 
333 32 36 114 91 12 
334 30 35 96 87 10 
335 22 41 91 94 11 
336 22 40 102 94 9 
337 17 45 95 90 11 
338 16 40 90 86 8 
339 19 40 75 80 8 
340 23 39 56 75 6 
341 18 40 49 71 7 
342 21 37 50 64 9 
343 18 30 51 67 14 
344 19 29 55 53 15 
345 18 24 46 49 11 
346 22 23 50 51 8 
347 15 23 47 56 6 
348 19 26 32 52 8 
349 17 22 35 52 7 
350 14 20 32 56 7 
351 19 14 33 52 9 
352 17 9 45 53 8 
353 15 4 28 41 8 
354 10 2 29 42 7 
355 7 3 26 38 5 
356 5 5 23 35 5 
357 5 7 20 40 2 
358 4 5 19 40 2 
359 6 5 21 34 2 
360 6 5 17 32 1 
361 10 3 24 30 2 
362 9 5 20 28 4 
363 7 4 17 29 3 
364 8 5 16 28 4 
365 5 4 14 26 2 
366 4 3 10 20 1 
367 4 3 8 23 0 
368 5 5 6 16 0 
369 7 6 8 14 0 
370 8 7 7 8 0 
371 5 8 12 12 0 
372 4 6 8 9 0 
373 3 7 7 12 0 
374 2 7 3 9 0 
375 1 3 8 7 0 
376 0 5 8 6 0 
377 0 1 9 9 0 
378 0 1 8 8 0 
379 0 0 7 7 0 
380 0 0 6 7 0 
381 0 0 7 6 0 
382 0 0 5 6 1 
383 0 0 8 5 1 
384 0 0 6 7 1 
385 0 0 5 9 1 
386 0 0 6 9 1 
387 0 0 7 8 1 
388 0 0 8 11 0 
389 0 0 4 8 0 
390 0 0 4 7 0 
391 0 0 5 5 0 
392 0 0 5 3 0 
393 0 0 3 3 0 
394 1 1 2 3 0 
395 1 1 3 3 0 
396 0 0 4 3 0 
397 0 0 5 1 0 
398 0 0 4 2 0 
399 0 0 2 1 0 
400 0 0 1 1 0 
401 0 0 1 1 0 
402 0 0 2 0 0 
403 0 0 2 0 0 
404 0 0 2 0 0 
405 0 0 2 0 0 
406 0 0 3 0 0 
407 0 0 2 0 0 
408 0 0 2 0 0 
409 0 0 2 0 0 
410 0 0 1 0 0 
411 0 0 1 0 0 
412 0 0 1 0 0 
413 0 0 1 0 0 
414 0 0 1 0 0 
415 0 0 1 0 0 
416 0 0 3 0 0 
417 0 0 6 0 0 
418 0 0 8 0 0 
419 0 0 8 0 0 
420 0 0 6 0 0 
421 0 0 9 0 0 
422 0 0 10 0 0 
423 0 0 6 0 0 
424 0 0 8 0 0 
425 1 0 11 0 0 
426 0 0 6 0 0 
427 0 0 5 0 0 
428 0 0 4 0 0 
429 0 0 3 0 0 
430 0 0 2 0 0 
431 0 0 4 0 0 
432 0 0 2 0 0 
433 0 0 3 0 0 
434 0 0 1 0 0 
435 0 0 1 0 0 
436 0 0 1 0 0 
437 0 0 1 0 0 
438 0 0 0 0 0 
