1 0 16 0 0 0 
2 0 17 0 0 0 
3 0 15 0 0 0 
4 0 15 0 0 0 
5 0 14 0 0 0 
6 0 15 0 0 0 
7 0 15 0 0 0 
8 0 20 0 0 0 
9 0 23 1 0 0 
10 0 20 1 0 0 
11 1 16 0 0 0 
12 1 15 0 0 0 
13 2 18 0 0 0 
14 2 16 0 1 0 
15 2 17 0 1 0 
16 1 16 0 1 0 
17 0 17 0 1 0 
18 2 17 0 1 0 
19 2 20 1 0 0 
20 2 16 3 0 0 
21 1 20 5 1 0 
22 1 21 5 2 0 
23 2 25 7 2 0 
24 2 26 11 0 0 
25 2 19 14 0 0 
26 2 26 19 0 0 
27 2 35 16 1 0 
28 2 39 16 0 0 
29 0 46 17 0 0 
30 0 41 18 1 0 
31 0 46 22 1 1 
32 3 50 26 1 1 
33 3 46 34 1 1 
34 6 50 32 2 1 
35 7 49 39 3 0 
36 7 47 40 4 0 
37 8 50 44 7 0 
38 6 52 39 9 0 
39 10 54 34 12 0 
40 11 52 44 15 0 
41 17 56 41 17 0 
42 27 63 45 21 0 
43 26 64 49 26 1 
44 29 65 50 31 2 
45 19 63 52 39 3 
46 21 70 56 45 3 
47 26 66 58 47 4 
48 23 92 57 47 5 
49 14 96 66 42 6 
50 20 93 63 48 8 
51 25 104 55 46 8 
52 26 100 47 49 5 
53 25 98 51 61 2 
54 28 108 47 54 0 
55 30 120 54 49 0 
56 33 119 48 48 0 
57 38 122 56 38 1 
58 35 137 58 45 1 
59 37 140 64 55 1 
60 31 137 81 64 1 
61 35 148 73 62 3 
62 41 148 83 62 4 
63 45 151 91 69 4 
64 46 151 106 86 7 
65 47 160 114 77 5 
66 42 174 108 90 5 
67 48 194 117 102 5 
68 48 189 130 98 5 
69 49 181 132 105 9 
70 53 170 144 106 17 
71 56 160 160 118 13 
72 58 167 184 132 18 
73 63 176 196 136 19 
74 57 204 190 161 18 
75 56 227 192 154 18 
76 48 228 191 177 17 
77 45 268 233 184 22 
78 51 280 240 211 23 
79 53 298 240 232 25 
80 67 336 264 234 21 
81 69 360 272 223 32 
82 64 368 279 239 30 
83 73 385 281 234 37 
84 81 392 285 245 35 
85 87 414 315 275 39 
86 106 425 325 293 40 
87 95 437 343 319 48 
88 103 489 364 320 60 
89 112 502 389 329 64 
90 121 526 405 343 58 
91 115 551 438 362 59 
92 126 581 466 379 71 
93 139 611 457 412 80 
94 132 654 491 453 80 
95 138 720 510 466 90 
96 140 732 515 464 92 
97 152 775 554 505 106 
98 164 805 583 551 119 
99 173 850 601 615 119 
100 197 920 624 647 118 
101 227 956 642 678 112 
102 250 937 715 719 118 
103 255 1009 703 752 113 
104 257 1067 732 839 136 
105 289 1123 780 878 136 
106 290 1191 828 918 130 
107 302 1243 894 963 156 
108 311 1280 902 1034 172 
109 324 1375 1006 1107 195 
110 355 1440 1009 1157 183 
111 350 1511 1072 1229 193 
112 370 1613 1112 1238 193 
113 399 1692 1185 1257 200 
114 412 1740 1199 1337 200 
115 412 1841 1247 1344 204 
116 403 1906 1255 1353 197 
117 430 1969 1354 1423 216 
118 452 2091 1424 1424 221 
119 460 2159 1442 1471 215 
120 473 2262 1497 1578 234 
121 483 2335 1552 1642 235 
122 502 2491 1628 1765 258 
123 549 2636 1753 1873 277 
124 608 2799 1841 1966 299 
125 598 2972 1918 1981 299 
126 646 3106 2045 2094 312 
127 654 3237 2124 2183 316 
128 691 3394 2153 2182 346 
129 747 3534 2226 2258 367 
130 829 3654 2292 2422 368 
131 871 3689 2407 2552 396 
132 905 3830 2597 2715 415 
133 955 4017 2725 2772 424 
134 1031 4197 2841 2912 429 
135 1030 4347 2984 3096 468 
136 1050 4529 3061 3254 494 
137 1079 4646 3186 3475 519 
138 1125 4819 3268 3568 556 
139 1187 5046 3383 3798 564 
140 1272 5201 3538 4011 587 
141 1268 5440 3662 4323 590 
142 1259 5659 3786 4521 590 
143 1345 5876 4018 4755 632 
144 1427 6143 4138 4917 674 
145 1541 6406 4335 5160 694 
146 1623 6585 4588 5492 702 
147 1693 6744 4758 5738 725 
148 1774 6955 4893 6060 778 
149 1945 7305 5131 6302 819 
150 2020 7551 5305 6607 877 
151 2125 7813 5579 6858 929 
152 2193 8063 5814 7043 978 
153 2271 8265 6047 7255 978 
154 2450 8616 6261 7536 989 
155 2574 8977 6579 7770 1014 
156 2698 9282 6903 7849 1006 
157 2695 9506 7114 8150 1063 
158 2747 9786 7492 8409 1128 
159 2734 10010 7775 8610 1207 
160 2763 10379 8123 8784 1243 
161 2889 10573 8268 9074 1244 
162 2974 10803 8451 9354 1262 
163 2953 11047 8598 9713 1356 
164 3048 11263 8979 9986 1410 
165 3142 11484 9360 10299 1436 
166 3217 11838 9710 10590 1468 
167 3345 11968 10048 11073 1555 
168 3461 12132 10485 11342 1595 
169 3527 12365 10857 11565 1654 
170 3616 12442 11107 12040 1724 
171 3736 12565 11271 12269 1798 
172 3817 12660 11478 12440 1891 
173 3923 12774 11585 12834 1912 
174 4019 13025 11722 13043 1979 
175 4190 13148 12082 13414 2075 
176 4268 13192 12338 13824 2111 
177 4361 13279 12585 13931 2179 
178 4516 13429 12953 14123 2211 
179 4565 13248 13236 14293 2291 
180 4612 13234 13526 14418 2374 
181 4698 13001 13873 14500 2445 
182 4711 12969 14064 14624 2504 
183 4801 12792 14147 14703 2545 
184 4744 12792 14194 14945 2617 
185 4756 12648 14387 15174 2638 
186 4726 12589 14513 15271 2638 
187 4720 12615 14662 15366 2692 
188 4888 12420 14765 15423 2699 
189 4905 12241 14716 15596 2774 
190 4927 12071 14760 15598 2808 
191 4948 11813 14764 15548 2797 
192 4900 11707 14847 15488 2776 
193 4800 11406 14945 15388 2893 
194 4909 11308 15002 15342 2898 
195 4907 11110 15062 15253 2936 
196 4984 10973 15046 15298 2996 
197 4892 10724 14967 15190 3051 
198 4876 10545 15161 15196 3054 
199 4745 10342 15119 15153 3003 
200 4748 9959 14990 14934 3066 
201 4770 9683 14853 14624 3039 
202 4774 9379 14605 14456 3059 
203 4686 9104 14475 14293 3012 
204 4613 8826 14305 14085 2953 
205 4575 8694 14170 14014 2890 
206 4574 8333 13933 13745 2828 
207 4459 8062 13753 13453 2856 
208 4356 7865 13670 13200 2810 
209 4353 7638 13608 12906 2753 
210 4256 7418 13429 12610 2690 
211 4127 7187 13243 12424 2643 
212 4095 6982 13070 12099 2657 
213 4010 6853 12828 11845 2598 
214 4043 6571 12534 11528 2492 
215 3961 6353 12210 11319 2468 
216 3892 6125 11905 11147 2435 
217 3891 5913 11716 10845 2365 
218 3830 5715 11488 10702 2357 
219 3673 5479 11365 10391 2303 
220 3626 5273 11204 10239 2263 
221 3553 5117 11036 9970 2242 
222 3403 4904 10811 9689 2180 
223 3391 4765 10596 9259 2194 
224 3276 4595 10302 8964 2163 
225 3197 4485 9974 8736 2118 
226 3128 4369 9697 8476 2118 
227 3066 4229 9335 8177 2084 
228 2970 4095 9060 7959 1985 
229 2874 3944 8896 7676 1960 
230 2794 3835 8523 7557 1917 
231 2666 3738 8268 7261 1883 
232 2507 3606 8113 7007 1832 
233 2400 3516 7923 6769 1816 
234 2392 3369 7815 6561 1735 
235 2301 3270 7428 6384 1656 
236 2216 3215 7103 6173 1619 
237 2123 3108 6848 5970 1516 
238 2087 3002 6747 5838 1454 
239 1970 2899 6485 5709 1384 
240 1901 2742 6234 5531 1344 
241 1838 2629 6017 5313 1302 
242 1771 2513 5779 5289 1283 
243 1744 2353 5661 5135 1243 
244 1609 2299 5483 4930 1207 
245 1590 2270 5313 4843 1162 
246 1599 2220 5146 4704 1165 
247 1538 2107 4937 4436 1108 
248 1493 2005 4928 4309 1051 
249 1452 1905 4787 4109 1031 
250 1409 1792 4589 4007 1008 
251 1305 1694 4420 3881 979 
252 1282 1650 4180 3683 964 
253 1245 1626 3989 3564 963 
254 1231 1636 3885 3433 887 
255 1121 1582 3739 3198 879 
256 1081 1501 3558 3037 823 
257 1055 1420 3401 2924 809 
258 1019 1374 3335 2746 780 
259 993 1302 3231 2643 776 
260 965 1212 3067 2557 751 
261 919 1172 2959 2460 720 
262 869 1098 2903 2317 693 
263 841 1032 2762 2178 661 
264 822 974 2676 2093 647 
265 798 962 2652 1983 628 
266 789 911 2603 1960 587 
267 753 850 2485 1877 559 
268 698 804 2412 1783 531 
269 665 782 2311 1783 509 
270 630 743 2202 1694 492 
271 597 726 2137 1667 455 
272 597 683 2037 1614 461 
273 577 646 1903 1543 443 
274 538 664 1783 1506 394 
275 534 617 1686 1462 393 
276 508 577 1598 1372 377 
277 487 571 1532 1306 369 
278 483 538 1458 1212 358 
279 466 545 1409 1167 348 
280 440 510 1345 1130 356 
281 399 515 1277 1037 378 
282 361 479 1185 983 352 
283 392 436 1167 945 349 
284 371 377 1085 943 337 
285 347 369 1090 931 325 
286 344 370 1011 904 321 
287 335 350 968 846 305 
288 290 346 961 827 302 
289 293 320 955 791 280 
290 277 323 956 755 245 
291 273 319 875 707 234 
292 289 314 801 704 241 
293 287 290 756 664 224 
294 262 268 733 640 212 
295 255 265 711 621 200 
296 242 247 698 558 186 
297 233 250 671 512 165 
298 225 239 616 492 148 
299 213 220 588 470 154 
300 214 214 557 451 140 
301 187 219 543 421 138 
302 179 212 524 406 126 
303 148 199 495 366 119 
304 147 199 481 334 112 
305 147 198 449 292 105 
306 141 179 414 284 96 
307 135 174 395 273 98 
308 131 168 336 258 95 
309 130 177 327 254 105 
310 128 179 280 254 96 
311 118 175 259 241 97 
312 105 161 244 225 83 
313 101 144 251 214 77 
314 81 135 243 205 60 
315 65 116 237 196 54 
316 64 111 240 202 47 
317 54 100 229 199 44 
318 62 91 208 186 42 
319 62 84 196 179 40 
320 63 77 194 151 35 
321 51 71 153 142 34 
322 44 65 136 142 30 
323 36 66 131 145 32 
324 34 55 135 146 32 
325 35 55 151 138 32 
326 31 53 143 126 32 
327 29 49 133 117 31 
328 29 43 115 122 27 
329 28 36 122 110 30 
330 32 31 107 101 29 
331 28 24 105 95 19 
332 30 17 101 100 20 
333 31 19 94 88 18 
334 25 23 93 83 19 
335 27 30 91 76 19 
336 29 31 88 70 20 
337 35 31 89 66 15 
338 40 33 77 71 11 
339 42 33 79 66 9 
340 41 39 72 68 12 
341 36 33 68 68 14 
342 33 30 56 62 18 
343 23 25 49 58 25 
344 28 21 44 65 22 
345 22 13 47 60 23 
346 23 12 54 58 22 
347 22 11 48 50 23 
348 16 9 46 51 22 
349 16 10 39 38 19 
350 18 10 40 28 22 
351 15 9 30 21 20 
352 11 11 27 21 21 
353 14 6 24 21 24 
354 15 8 24 23 25 
355 19 9 22 27 16 
356 20 14 24 33 19 
357 16 10 19 23 19 
358 24 12 23 23 16 
359 21 10 15 28 12 
360 22 11 15 26 10 
361 17 14 14 21 11 
362 14 13 9 22 10 
363 15 11 16 20 7 
364 17 11 15 19 5 
365 10 8 14 19 5 
366 7 6 16 23 5 
367 7 6 13 22 6 
368 8 6 14 17 8 
369 9 4 15 17 9 
370 8 6 15 15 6 
371 10 5 16 9 8 
372 9 2 16 10 8 
373 8 3 16 15 4 
374 11 3 11 16 3 
375 14 4 13 20 7 
376 13 5 19 23 7 
377 12 6 19 22 7 
378 6 5 14 27 8 
379 4 4 12 21 13 
380 8 5 6 23 17 
381 9 4 9 19 14 
382 10 6 7 16 11 
383 9 3 6 17 15 
384 9 4 6 15 11 
385 8 3 3 9 12 
386 7 3 2 11 9 
387 10 2 3 14 7 
388 9 2 3 13 6 
389 7 2 3 12 6 
390 7 3 1 12 5 
391 8 2 1 11 5 
392 6 0 1 8 6 
393 3 0 3 9 8 
394 3 0 1 6 4 
395 2 0 1 4 5 
396 1 0 0 2 4 
397 1 0 0 1 6 
398 0 0 0 0 9 
399 0 0 0 0 10 
400 0 1 0 2 7 
401 0 0 0 3 8 
402 0 0 0 1 8 
403 0 0 0 1 7 
404 0 0 0 0 10 
405 0 0 0 0 9 
406 0 0 1 0 10 
407 0 0 1 0 7 
408 0 0 1 0 3 
409 0 0 1 0 5 
410 0 0 1 0 5 
411 0 0 1 0 5 
412 0 0 1 1 4 
413 0 0 1 1 5 
414 0 0 1 0 4 
415 0 0 1 0 2 
416 0 0 1 0 1 
417 0 0 1 0 1 
418 0 0 0 0 1 
419 0 0 0 0 0 
