1 0 10 0 0 0 
2 0 7 0 0 0 
3 0 1 0 0 0 
4 0 5 0 0 0 
5 0 7 0 0 0 
6 0 5 0 0 0 
7 2 5 0 0 0 
8 0 4 0 2 0 
9 0 4 0 0 0 
10 0 0 0 0 0 
11 0 4 0 0 0 
12 0 4 0 0 0 
13 0 3 0 0 0 
14 0 6 0 1 0 
15 0 3 0 0 0 
16 0 8 0 1 0 
17 1 6 0 2 0 
18 0 7 0 0 0 
19 1 8 0 0 0 
20 1 10 1 0 0 
21 2 11 0 0 0 
22 1 9 0 0 0 
23 1 12 0 0 0 
24 1 12 0 0 0 
25 4 7 0 3 0 
26 0 12 1 0 0 
27 4 10 0 1 2 
28 3 10 0 0 0 
29 0 14 0 0 0 
30 0 15 0 0 0 
31 4 15 1 0 0 
32 2 16 1 3 0 
33 3 19 0 0 0 
34 3 23 1 1 0 
35 0 23 0 1 0 
36 3 34 1 5 0 
37 1 25 2 6 0 
38 2 27 3 3 0 
39 5 23 0 6 0 
40 7 28 0 2 1 
41 6 31 3 3 0 
42 2 31 2 1 0 
43 6 31 0 3 0 
44 5 31 2 5 0 
45 5 28 0 3 0 
46 8 34 0 7 0 
47 6 44 2 13 0 
48 4 44 1 11 0 
49 6 54 6 8 2 
50 10 44 6 12 2 
51 5 48 3 12 1 
52 6 60 9 12 5 
53 12 57 16 12 2 
54 10 69 11 12 0 
55 14 73 14 17 1 
56 17 64 19 23 3 
57 20 80 17 20 1 
58 10 75 18 26 0 
59 15 92 15 23 1 
60 12 72 16 24 2 
61 11 76 14 28 2 
62 13 91 17 24 1 
63 13 76 28 29 0 
64 14 76 25 36 1 
65 9 76 36 38 0 
66 16 83 35 40 0 
67 19 107 50 50 2 
68 17 89 38 48 2 
69 16 103 49 45 3 
70 9 137 51 54 4 
71 19 134 50 67 3 
72 25 133 43 80 2 
73 21 138 54 77 11 
74 38 152 53 84 3 
75 18 150 46 81 6 
76 40 148 55 86 2 
77 18 174 67 97 9 
78 28 170 73 74 5 
79 28 189 76 67 3 
80 30 177 77 77 4 
81 40 196 88 83 10 
82 32 204 78 101 8 
83 43 217 96 109 3 
84 29 228 109 113 2 
85 45 246 109 128 7 
86 49 255 122 112 10 
87 27 267 151 125 6 
88 37 282 131 122 12 
89 40 286 138 142 20 
90 45 291 138 154 16 
91 53 318 147 172 10 
92 48 396 172 172 16 
93 52 414 190 192 21 
94 63 386 200 200 26 
95 66 461 226 204 29 
96 70 470 226 196 17 
97 93 476 266 217 21 
98 90 514 264 219 30 
99 94 540 306 234 26 
100 107 581 283 257 36 
101 131 579 306 277 39 
102 122 627 329 262 39 
103 128 613 337 278 38 
104 127 622 339 341 40 
105 143 679 377 352 27 
106 125 732 404 378 54 
107 145 756 391 379 43 
108 152 790 450 441 53 
109 157 849 460 458 49 
110 184 883 503 472 61 
111 209 944 479 454 75 
112 193 1041 503 533 74 
113 215 1054 534 512 74 
114 202 1109 593 517 80 
115 218 1103 617 571 85 
116 242 1212 618 605 93 
117 254 1244 709 654 88 
118 277 1307 741 770 104 
119 263 1373 786 754 116 
120 306 1409 822 778 117 
121 305 1487 803 847 116 
122 350 1534 928 859 108 
123 340 1539 916 931 123 
124 363 1631 975 944 138 
125 379 1752 1006 993 147 
126 352 1826 1079 1080 137 
127 346 1986 1097 1154 166 
128 397 2024 1108 1243 163 
129 421 2105 1197 1293 142 
130 455 2152 1287 1333 165 
131 452 2212 1320 1367 179 
132 514 2287 1463 1445 184 
133 519 2401 1422 1508 260 
134 563 2576 1439 1522 233 
135 582 2611 1537 1616 202 
136 586 2728 1636 1784 247 
137 606 2797 1710 1759 242 
138 637 2954 1827 1906 248 
139 771 3001 1968 2017 280 
140 687 3038 2003 2096 302 
141 764 3168 2099 2193 302 
142 799 3192 2165 2266 304 
143 830 3372 2308 2313 316 
144 885 3436 2387 2477 332 
145 823 3432 2490 2469 340 
146 913 3414 2567 2530 341 
147 917 3632 2663 2704 411 
148 939 3691 2766 2675 390 
149 1026 3715 2841 2835 411 
150 1025 3806 2841 2838 435 
151 1049 3931 2914 3062 477 
152 1113 3897 3057 3168 464 
153 1093 4045 3171 3212 466 
154 1140 4049 3204 3301 486 
155 1199 4143 3276 3395 487 
156 1208 4177 3510 3472 481 
157 1337 4161 3502 3602 513 
158 1286 4267 3556 3825 604 
159 1366 4367 3736 3832 559 
160 1393 4343 3875 3937 620 
161 1376 4388 3896 4105 617 
162 1441 4417 4042 4132 635 
163 1433 4502 4195 4206 597 
164 1513 4480 4166 4174 703 
165 1462 4404 4267 4347 697 
166 1508 4214 4500 4580 718 
167 1536 4273 4463 4568 737 
168 1544 4272 4474 4724 783 
169 1613 4200 4629 4744 799 
170 1529 4391 4860 4810 805 
171 1642 4193 4823 4972 826 
172 1719 4226 4859 4987 836 
173 1636 4204 4868 5086 862 
174 1691 4068 5005 5261 893 
175 1694 4075 5041 5389 925 
176 1737 4047 5231 5432 919 
177 1769 3925 5186 5296 904 
178 1692 3847 5110 5397 948 
179 1747 3817 5105 5432 968 
180 1812 3704 5254 5423 1008 
181 1695 3661 5258 5395 1006 
182 1786 3500 5294 5427 968 
183 1763 3492 5160 5370 946 
184 1713 3457 5385 5516 908 
185 1669 3416 5222 5357 1018 
186 1787 3381 5398 5330 964 
187 1681 3214 5311 5248 1034 
188 1688 3156 5243 5285 1022 
189 1669 3042 5213 5383 976 
190 1708 2920 5115 5151 988 
191 1710 2857 5057 5235 1019 
192 1609 2817 4993 5091 955 
193 1564 2654 5001 5026 971 
194 1603 2600 4941 5024 974 
195 1623 2520 4978 4776 1033 
196 1579 2525 4914 4845 1001 
197 1453 2410 4904 4853 1009 
198 1464 2328 4722 4652 1036 
199 1517 2264 4719 4695 1008 
200 1454 2278 4709 4528 929 
201 1417 2133 4500 4487 969 
202 1428 1994 4588 4419 962 
203 1414 2010 4377 4330 897 
204 1342 1993 4396 4246 897 
205 1360 1876 4157 4114 863 
206 1287 1803 4165 4073 809 
207 1244 1853 4062 3832 867 
208 1287 1678 3995 3810 810 
209 1202 1642 3844 3772 800 
210 1167 1595 3746 3596 803 
211 1136 1556 3731 3471 787 
212 1141 1502 3651 3404 712 
213 1106 1407 3446 3263 737 
214 1114 1350 3472 3188 727 
215 1092 1324 3283 3166 687 
216 1028 1267 3241 3031 709 
217 1012 1263 3144 2914 702 
218 926 1182 3061 2937 652 
219 905 1119 2943 2722 623 
220 945 1143 2920 2706 626 
221 860 1069 2783 2598 559 
222 815 1026 2607 2487 555 
223 793 962 2519 2414 498 
224 785 939 2411 2339 501 
225 766 928 2357 2327 513 
226 700 902 2327 2125 460 
227 718 843 2218 2066 488 
228 708 839 2172 2042 459 
229 601 847 2142 1884 457 
230 621 822 1950 1875 447 
231 606 819 2038 1762 420 
232 637 722 1989 1658 419 
233 580 767 1874 1646 381 
234 575 669 1747 1579 354 
235 512 653 1665 1476 346 
236 510 625 1570 1486 298 
237 517 625 1615 1468 299 
238 465 558 1578 1462 324 
239 512 580 1508 1331 251 
240 459 525 1388 1260 253 
241 451 515 1393 1196 248 
242 388 515 1317 1152 246 
243 363 486 1257 1184 247 
244 386 478 1234 1035 214 
245 365 432 1145 999 205 
246 358 410 1099 1019 199 
247 350 432 1079 915 196 
248 328 417 1026 910 194 
249 311 377 1049 921 181 
250 284 376 930 829 168 
251 295 365 923 843 171 
252 266 372 899 772 169 
253 254 356 863 753 141 
254 225 347 773 639 139 
255 248 305 791 689 158 
256 236 317 735 687 135 
257 226 310 669 652 128 
258 216 292 654 637 124 
259 188 262 662 610 128 
260 177 240 631 537 114 
261 230 247 612 582 122 
262 177 211 582 508 114 
263 173 223 539 472 114 
264 163 208 520 486 114 
265 156 207 535 449 92 
266 152 200 522 418 84 
267 144 165 486 434 74 
268 152 156 466 425 74 
269 139 139 432 356 83 
270 147 121 420 375 83 
271 121 115 407 360 76 
272 103 142 442 330 67 
273 105 109 344 316 62 
274 95 115 378 316 61 
275 120 110 351 293 61 
276 105 109 311 278 52 
277 99 102 300 279 57 
278 89 100 300 246 44 
279 100 92 275 237 36 
280 88 94 232 234 39 
281 95 85 244 247 39 
282 96 76 262 229 38 
283 75 88 214 191 39 
284 57 73 226 180 40 
285 63 76 194 173 41 
286 59 76 194 155 32 
287 60 78 196 140 36 
288 59 67 183 124 37 
289 63 65 174 128 40 
290 47 67 192 128 35 
291 48 63 155 132 30 
292 67 54 148 100 37 
293 39 68 142 119 35 
294 35 61 132 106 30 
295 52 61 124 101 21 
296 33 59 131 92 14 
297 42 50 120 115 13 
298 44 37 101 99 15 
299 36 48 105 88 15 
300 32 46 105 78 9 
301 38 48 97 64 9 
302 36 41 88 81 6 
303 32 28 87 61 8 
304 28 42 77 69 2 
305 25 28 78 43 7 
306 32 26 59 55 9 
307 22 20 72 42 4 
308 27 30 60 41 6 
309 28 27 79 47 6 
310 16 22 54 44 1 
311 17 20 48 47 9 
312 11 22 51 53 8 
313 6 24 55 37 7 
314 12 22 43 39 8 
315 8 26 51 45 8 
316 3 18 56 33 5 
317 9 18 58 32 12 
318 7 18 60 36 11 
319 16 18 42 45 9 
320 18 11 36 41 4 
321 12 17 40 20 7 
322 7 10 43 37 6 
323 7 22 35 28 4 
324 10 16 27 25 1 
325 13 14 30 26 3 
326 11 14 22 16 6 
327 15 14 37 22 2 
328 17 8 30 25 2 
329 9 9 22 19 2 
330 13 7 32 19 1 
331 10 9 32 14 3 
332 6 4 27 17 2 
333 6 9 22 12 4 
334 4 2 21 9 3 
335 3 2 23 14 2 
336 5 2 27 10 3 
337 2 7 18 15 1 
338 2 5 20 15 3 
339 2 8 26 16 2 
340 0 4 20 12 3 
341 7 1 25 10 5 
342 1 3 28 14 4 
343 4 2 25 7 4 
344 2 1 11 11 3 
345 3 1 18 10 1 
346 6 4 14 8 0 
347 2 4 15 7 1 
348 3 1 10 3 0 
349 2 2 16 6 1 
350 0 4 14 8 1 
351 4 4 13 3 2 
352 5 4 8 6 1 
353 2 3 8 2 3 
354 5 0 7 4 1 
355 7 9 18 2 1 
356 3 7 14 6 0 
357 1 8 5 4 0 
358 3 4 11 8 3 
359 4 4 20 7 0 
360 5 3 17 10 0 
361 2 5 11 6 0 
362 0 7 11 13 1 
363 0 5 12 10 0 
364 1 8 12 9 6 
365 0 3 12 3 2 
366 0 8 13 5 3 
367 0 7 9 6 2 
368 0 4 9 4 3 
369 2 9 17 4 0 
370 1 7 4 6 3 
371 2 2 9 6 0 
372 0 5 8 4 0 
373 2 4 10 2 1 
374 1 5 4 7 1 
375 1 3 4 2 2 
376 0 8 8 3 3 
377 0 5 2 2 2 
378 1 5 3 2 0 
379 0 5 2 1 0 
380 0 6 2 2 0 
381 2 4 1 1 0 
382 1 7 3 0 0 
383 0 10 4 1 1 
384 3 11 4 3 0 
385 0 3 3 0 0 
386 0 6 0 1 0 
387 0 8 2 2 0 
388 0 6 1 4 0 
389 1 4 0 1 0 
390 1 7 2 2 0 
391 0 6 1 1 0 
392 1 7 3 3 0 
393 2 6 0 2 0 
394 0 3 1 3 0 
395 1 7 1 1 0 
396 0 4 1 2 0 
397 0 5 0 3 0 
398 1 1 2 2 0 
399 1 3 0 2 0 
400 0 2 3 2 0 
401 3 4 1 1 0 
402 1 0 0 2 0 
403 1 4 1 2 0 
404 1 3 1 2 0 
405 2 0 1 3 0 
406 1 0 0 1 0 
407 0 1 1 1 0 
408 0 0 1 0 0 
409 0 0 0 0 0 
410 0 1 0 0 0 
411 0 0 0 0 0 
412 0 1 0 0 0 
413 0 0 0 0 0 
414 0 0 0 0 0 
415 0 0 0 0 0 
416 0 0 0 0 0 
417 0 0 0 0 0 
418 0 0 0 0 0 
