1 0 11 0 0 0 
2 0 14 0 1 0 
3 0 12 0 1 0 
4 0 14 0 1 0 
5 0 14 0 1 0 
6 0 15 0 1 0 
7 1 16 0 1 0 
8 1 17 0 1 0 
9 0 18 0 1 0 
10 1 19 0 2 0 
11 1 17 0 3 0 
12 1 19 0 4 0 
13 2 22 0 5 0 
14 2 33 1 5 0 
15 1 27 0 8 0 
16 2 34 2 8 0 
17 1 34 2 8 0 
18 2 42 2 6 0 
19 2 37 1 14 0 
20 3 33 2 16 0 
21 3 40 2 13 0 
22 3 40 3 12 0 
23 1 50 3 17 0 
24 5 52 8 20 0 
25 5 55 8 21 2 
26 6 52 11 26 1 
27 7 53 8 26 1 
28 8 61 10 30 0 
29 8 64 9 36 0 
30 7 65 8 33 0 
31 8 73 10 30 0 
32 7 80 13 29 0 
33 9 84 15 34 0 
34 8 90 12 33 0 
35 8 92 17 41 0 
36 13 93 12 48 1 
37 22 92 11 44 0 
38 24 103 10 40 0 
39 25 112 11 40 0 
40 26 119 12 40 1 
41 20 120 14 38 0 
42 25 132 13 42 0 
43 22 143 15 42 0 
44 25 140 12 44 0 
45 22 157 14 46 1 
46 23 183 17 55 2 
47 24 195 21 62 2 
48 31 207 27 69 2 
49 33 236 32 66 2 
50 36 224 36 64 4 
51 26 225 37 65 4 
52 26 249 47 79 2 
53 30 246 36 73 3 
54 29 259 42 77 4 
55 35 277 46 75 6 
56 40 289 47 89 6 
57 35 291 52 90 5 
58 45 339 61 100 6 
59 46 333 55 100 7 
60 50 343 58 116 10 
61 49 361 61 132 9 
62 42 392 77 156 7 
63 47 416 83 159 7 
64 53 410 93 162 6 
65 54 425 105 166 7 
66 53 460 98 174 7 
67 63 481 101 179 11 
68 83 516 109 187 12 
69 94 545 113 190 9 
70 110 547 115 198 7 
71 124 567 131 200 6 
72 138 601 144 198 10 
73 142 624 163 203 15 
74 140 664 179 210 21 
75 136 684 192 222 22 
76 129 730 206 226 20 
77 128 748 216 257 23 
78 150 793 231 274 21 
79 158 863 248 305 24 
80 167 909 265 344 26 
81 191 972 297 371 28 
82 192 1007 329 457 37 
83 194 1057 382 485 40 
84 208 1164 418 496 43 
85 210 1201 436 538 58 
86 230 1240 473 574 58 
87 230 1278 521 610 57 
88 232 1336 537 669 63 
89 237 1358 578 680 59 
90 282 1448 615 716 65 
91 299 1498 685 773 71 
92 295 1585 705 781 75 
93 310 1664 764 839 80 
94 333 1787 819 875 81 
95 356 1825 872 959 80 
96 391 1965 933 1026 96 
97 434 2009 994 1074 102 
98 431 2102 1071 1132 116 
99 475 2245 1170 1209 134 
100 483 2313 1252 1226 135 
101 523 2419 1331 1332 150 
102 552 2496 1459 1370 170 
103 579 2641 1569 1459 179 
104 616 2788 1560 1509 200 
105 647 2943 1667 1608 217 
106 684 3044 1766 1659 251 
107 688 3180 1900 1730 262 
108 697 3340 1977 1887 265 
109 746 3530 2070 1985 279 
110 794 3766 2163 2127 302 
111 858 3983 2279 2249 313 
112 913 4117 2388 2412 353 
113 959 4331 2449 2562 347 
114 956 4592 2508 2751 349 
115 1044 4648 2605 2872 345 
116 1099 4775 2724 2959 374 
117 1173 5010 2879 3034 411 
118 1202 5226 2896 3191 411 
119 1234 5470 3060 3396 452 
120 1289 5672 3201 3579 473 
121 1314 5984 3360 3722 472 
122 1366 6243 3508 3929 507 
123 1451 6505 3680 4117 535 
124 1493 6730 3801 4373 550 
125 1516 7009 3938 4520 545 
126 1582 7117 4100 4768 542 
127 1632 7271 4247 5068 564 
128 1709 7577 4462 5257 590 
129 1734 7908 4637 5531 593 
130 1807 8159 4801 5784 580 
131 1836 8343 5034 5995 620 
132 1922 8533 5296 6204 637 
133 2038 8817 5556 6460 718 
134 2117 9053 5868 6706 755 
135 2258 9299 6091 7010 787 
136 2321 9477 6362 7300 825 
137 2462 9856 6630 7610 947 
138 2501 10204 6973 7936 993 
139 2644 10431 7202 8264 1063 
140 2771 10614 7340 8306 1112 
141 2835 10870 7535 8539 1146 
142 2870 10988 7923 8789 1196 
143 2925 11227 8188 9051 1226 
144 3042 11389 8567 9352 1273 
145 3099 11569 8954 9791 1324 
146 3249 11797 9217 9964 1381 
147 3289 12134 9539 10282 1407 
148 3337 12189 9702 10622 1432 
149 3480 12278 9995 11007 1461 
150 3665 12311 10331 11247 1478 
151 3690 12431 10681 11293 1544 
152 3833 12634 11037 11488 1663 
153 3924 12706 11256 11803 1735 
154 3950 12475 11690 12163 1813 
155 4126 12441 12033 12312 1903 
156 4203 12521 12205 12628 1955 
157 4306 12609 12598 12812 1986 
158 4310 12457 12826 13062 1996 
159 4344 12425 13076 13366 2079 
160 4392 12492 13334 13531 2128 
161 4368 12380 13565 13693 2148 
162 4431 12304 13715 13931 2204 
163 4450 12211 13926 14100 2246 
164 4507 12132 14170 14346 2233 
165 4548 12104 14287 14471 2297 
166 4645 11995 14448 14871 2312 
167 4774 11920 14710 15122 2288 
168 4709 11748 14954 15299 2434 
169 4799 11457 15087 15322 2489 
170 4771 11400 15130 15333 2578 
171 4736 11282 15308 15367 2708 
172 4755 11087 15353 15281 2740 
173 4663 10868 15351 15282 2762 
174 4668 10589 15258 15353 2800 
175 4690 10394 15331 15276 2864 
176 4610 10291 15354 15462 2867 
177 4617 10254 15240 15487 2872 
178 4616 9983 15252 15263 2893 
179 4637 9624 15217 15254 2891 
180 4653 9402 15231 15194 2950 
181 4593 8989 15207 15109 3007 
182 4610 8838 15233 14956 2998 
183 4544 8641 15156 14818 3045 
184 4567 8367 15232 14719 3062 
185 4506 8145 14986 14574 3139 
186 4549 8002 14930 14301 3206 
187 4499 7783 14679 14067 3163 
188 4433 7640 14441 13693 3157 
189 4344 7578 14344 13483 3140 
190 4202 7369 14100 13287 3081 
191 4178 7225 13875 13059 3033 
192 4283 7009 13647 12881 2967 
193 4213 6747 13214 12590 2945 
194 4118 6513 12984 12340 2881 
195 4070 6380 12740 12085 2915 
196 3985 6233 12372 11793 2827 
197 3908 6040 11930 11598 2815 
198 3749 5778 11541 11185 2757 
199 3681 5634 11303 10963 2677 
200 3632 5406 11035 10767 2691 
201 3528 5245 10819 10577 2654 
202 3413 5053 10598 10274 2581 
203 3372 4789 10537 9833 2454 
204 3269 4662 10234 9624 2410 
205 3171 4556 9926 9361 2356 
206 3172 4364 9524 9082 2315 
207 3110 4302 9179 8846 2231 
208 2960 4136 8901 8533 2196 
209 2927 3989 8687 8330 2098 
210 2870 3798 8484 8093 2040 
211 2795 3657 8258 7948 2050 
212 2699 3495 7963 7647 2011 
213 2565 3419 7817 7375 1915 
214 2516 3257 7588 7088 1841 
215 2387 3078 7348 6971 1765 
216 2326 2939 7193 6688 1751 
217 2265 2819 6950 6422 1687 
218 2152 2769 6750 6249 1651 
219 2116 2701 6561 6000 1619 
220 2050 2592 6347 5801 1537 
221 1980 2556 6086 5506 1535 
222 1925 2492 5930 5312 1512 
223 1847 2473 5616 5130 1507 
224 1714 2391 5357 4927 1425 
225 1661 2287 5100 4840 1390 
226 1612 2150 4922 4718 1369 
227 1545 2049 4743 4558 1369 
228 1474 2018 4615 4452 1272 
229 1410 1987 4472 4253 1242 
230 1341 1878 4254 3995 1256 
231 1234 1809 4173 3913 1216 
232 1251 1728 3978 3706 1146 
233 1164 1648 3758 3579 1065 
234 1132 1552 3639 3427 1021 
235 1086 1434 3544 3256 1003 
236 1057 1398 3484 3123 1006 
237 970 1272 3412 3040 931 
238 927 1206 3335 2935 926 
239 910 1196 3190 2836 882 
240 915 1138 3062 2726 835 
241 879 1089 2964 2692 813 
242 874 1046 2927 2567 783 
243 839 1035 2798 2390 821 
244 818 976 2666 2348 753 
245 787 935 2555 2298 747 
246 756 914 2482 2206 720 
247 754 845 2363 2154 708 
248 722 803 2265 2010 667 
249 703 777 2222 1868 626 
250 681 734 2085 1856 585 
251 645 712 2016 1752 569 
252 617 680 1999 1657 579 
253 630 660 1908 1578 537 
254 601 642 1814 1557 530 
255 558 631 1791 1529 481 
256 516 590 1736 1414 468 
257 487 561 1641 1345 440 
258 484 540 1518 1297 410 
259 507 501 1456 1299 392 
260 448 500 1427 1243 370 
261 428 469 1349 1177 376 
262 401 456 1315 1163 374 
263 376 437 1320 1134 351 
264 359 453 1286 1101 319 
265 341 398 1258 1032 325 
266 332 381 1198 968 303 
267 344 340 1110 915 315 
268 323 320 1027 849 295 
269 314 327 997 815 285 
270 292 311 942 743 267 
271 271 310 901 698 259 
272 244 310 857 667 261 
273 245 301 813 651 248 
274 244 305 804 610 249 
275 234 313 777 574 250 
276 216 301 724 545 237 
277 210 279 701 522 215 
278 223 276 673 512 193 
279 223 274 658 484 190 
280 189 246 655 476 172 
281 202 225 607 463 155 
282 187 206 573 420 157 
283 182 209 571 403 140 
284 191 201 531 381 147 
285 196 184 482 367 141 
286 201 171 456 339 160 
287 178 162 435 335 140 
288 164 159 431 301 118 
289 149 155 407 298 112 
290 127 170 413 260 109 
291 128 165 386 251 104 
292 117 157 338 240 87 
293 106 147 334 246 81 
294 120 137 310 245 72 
295 111 142 303 253 77 
296 106 138 289 240 73 
297 100 134 279 241 73 
298 104 144 274 240 66 
299 95 122 261 210 65 
300 96 119 242 212 64 
301 97 121 241 195 66 
302 91 117 261 191 74 
303 79 103 247 195 63 
304 101 100 245 196 60 
305 96 94 225 183 50 
306 92 100 214 177 44 
307 88 90 200 163 42 
308 82 79 193 155 32 
309 81 74 180 148 27 
310 80 67 173 140 20 
311 71 75 163 136 14 
312 72 70 162 120 10 
313 58 72 173 109 8 
314 50 66 178 104 5 
315 46 77 173 106 5 
316 51 78 170 106 5 
317 59 79 157 109 5 
318 50 79 161 116 2 
319 52 71 159 108 1 
320 44 71 165 105 1 
321 41 69 169 90 1 
322 44 56 150 98 3 
323 38 50 151 104 2 
324 44 42 148 92 3 
325 33 47 140 85 4 
326 33 47 132 79 2 
327 35 60 125 73 3 
328 36 59 106 68 1 
329 40 58 101 69 2 
330 39 56 83 75 2 
331 33 55 82 86 3 
332 36 54 91 79 2 
333 38 43 92 68 2 
334 38 42 79 67 3 
335 41 41 72 63 2 
336 36 38 68 55 1 
337 30 36 69 52 0 
338 32 36 78 50 0 
339 25 42 78 61 0 
340 28 32 77 52 1 
341 30 30 78 51 2 
342 32 27 84 48 4 
343 27 28 65 44 2 
344 27 28 61 37 5 
345 24 21 59 39 6 
346 21 21 56 36 7 
347 15 15 51 37 6 
348 15 12 59 38 5 
349 15 13 53 36 4 
350 15 13 59 39 2 
351 11 17 51 36 2 
352 16 12 47 35 2 
353 14 16 44 41 3 
354 18 15 38 37 3 
355 23 18 39 41 1 
356 21 16 40 31 0 
357 21 13 41 29 0 
358 24 12 42 33 0 
359 27 11 39 28 0 
360 27 9 32 21 0 
361 21 6 30 16 0 
362 23 5 29 13 0 
363 22 6 33 17 0 
364 15 6 31 19 0 
365 12 5 29 17 0 
366 11 5 25 17 0 
367 11 4 26 17 0 
368 12 6 20 19 0 
369 9 5 20 16 0 
370 9 5 23 17 0 
371 10 6 21 16 0 
372 9 4 15 19 0 
373 7 1 16 22 0 
374 8 0 17 22 0 
375 8 0 14 23 0 
376 5 0 16 23 0 
377 3 0 19 28 0 
378 2 1 15 20 0 
379 3 0 15 15 0 
380 2 0 17 16 0 
381 1 0 10 14 0 
382 1 0 12 11 0 
383 5 0 11 10 0 
384 3 2 12 10 0 
385 2 3 13 11 0 
386 1 1 13 10 0 
387 0 0 17 10 0 
388 0 0 18 6 0 
389 1 0 14 2 0 
390 0 0 10 2 0 
391 0 0 11 1 0 
392 0 0 11 1 0 
393 0 0 11 1 0 
394 0 0 14 3 0 
395 0 0 14 1 0 
396 0 0 9 1 0 
397 0 0 6 0 0 
398 0 0 8 0 0 
399 1 1 5 0 0 
400 1 1 2 0 0 
401 0 1 1 1 0 
402 0 0 1 1 0 
403 0 0 1 0 0 
404 0 0 1 0 0 
405 0 0 0 0 0 
