1 0 8 0 0 0 
2 0 6 0 0 0 
3 0 8 1 0 0 
4 0 6 0 0 0 
5 0 7 0 1 0 
6 0 5 0 0 0 
7 0 4 0 2 0 
8 1 14 0 0 0 
9 0 5 0 0 0 
10 0 8 0 1 0 
11 0 13 0 1 0 
12 0 20 0 1 0 
13 0 8 3 1 0 
14 2 11 1 1 0 
15 0 16 0 0 0 
16 3 15 2 2 0 
17 2 14 4 3 0 
18 1 11 3 3 2 
19 2 12 0 2 0 
20 2 13 2 1 0 
21 2 13 1 1 0 
22 2 12 4 3 0 
23 3 21 1 1 0 
24 0 12 1 1 1 
25 0 17 1 3 0 
26 0 20 2 0 0 
27 3 23 1 3 0 
28 1 22 6 4 0 
29 3 27 5 4 0 
30 3 25 4 4 0 
31 2 35 1 5 0 
32 9 22 5 6 0 
33 2 24 7 6 0 
34 3 22 3 6 0 
35 0 25 5 8 0 
36 0 23 8 4 0 
37 2 21 7 12 0 
38 3 24 3 8 0 
39 2 27 6 5 0 
40 0 29 1 4 0 
41 2 31 4 7 0 
42 2 40 7 5 0 
43 4 38 6 3 0 
44 3 31 4 6 0 
45 1 36 9 7 0 
46 2 33 12 12 0 
47 4 38 12 12 1 
48 4 39 13 10 1 
49 7 48 11 10 2 
50 7 49 14 5 2 
51 5 54 19 8 3 
52 7 54 12 17 1 
53 8 48 19 13 4 
54 7 45 17 6 2 
55 7 60 21 12 1 
56 5 79 17 24 2 
57 6 85 28 20 2 
58 5 73 25 25 2 
59 7 82 28 24 6 
60 2 115 24 22 3 
61 11 102 23 34 2 
62 16 128 30 26 1 
63 8 117 27 31 4 
64 11 101 39 33 5 
65 23 114 26 44 9 
66 26 136 41 49 7 
67 18 131 50 50 9 
68 21 130 49 44 6 
69 16 122 67 54 8 
70 19 143 58 53 6 
71 18 138 54 43 5 
72 23 172 52 50 4 
73 19 161 56 53 7 
74 22 184 64 72 7 
75 31 171 42 70 7 
76 36 180 61 50 10 
77 40 211 79 80 8 
78 34 220 78 69 6 
79 33 208 68 63 8 
80 30 213 89 71 16 
81 42 223 88 74 7 
82 37 244 97 89 13 
83 36 242 95 96 9 
84 45 268 103 93 11 
85 50 277 105 121 12 
86 58 286 111 80 9 
87 58 319 126 110 17 
88 54 312 132 132 12 
89 46 324 132 126 10 
90 73 327 139 106 16 
91 66 365 159 120 13 
92 74 370 171 137 15 
93 90 372 162 173 13 
94 84 442 161 158 12 
95 85 465 196 178 14 
96 105 457 222 186 13 
97 102 463 230 194 18 
98 96 466 231 224 13 
99 111 529 236 211 12 
100 115 578 253 243 24 
101 112 595 229 219 24 
102 131 626 253 229 26 
103 122 665 257 272 35 
104 161 713 272 296 28 
105 138 717 276 300 31 
106 141 780 328 289 42 
107 146 782 304 344 57 
108 164 860 357 353 45 
109 148 832 410 391 44 
110 165 918 404 421 36 
111 177 1000 479 419 63 
112 206 1025 488 484 57 
113 214 981 530 466 75 
114 210 1038 529 485 78 
115 214 1119 569 520 79 
116 234 1033 580 548 88 
117 239 1192 576 645 87 
118 261 1252 660 659 98 
119 244 1292 648 711 106 
120 251 1345 713 707 110 
121 286 1402 752 816 102 
122 291 1493 800 829 131 
123 290 1530 765 906 131 
124 306 1507 812 919 141 
125 380 1681 860 976 146 
126 363 1720 907 1037 150 
127 397 1753 942 1091 154 
128 377 1746 1009 1198 156 
129 431 1798 1024 1245 165 
130 411 1919 1162 1280 175 
131 457 2037 1135 1374 173 
132 495 2073 1221 1405 176 
133 509 2275 1271 1509 174 
134 524 2368 1357 1602 211 
135 579 2481 1420 1696 208 
136 541 2524 1554 1723 252 
137 646 2676 1533 1795 251 
138 603 2700 1731 1805 274 
139 638 2781 1749 1985 295 
140 670 2925 1874 2072 289 
141 690 2979 1937 2086 294 
142 763 2989 2002 2190 310 
143 788 3072 2092 2346 322 
144 819 3176 2163 2465 315 
145 874 3208 2202 2577 352 
146 851 3375 2296 2632 349 
147 927 3446 2398 2765 350 
148 984 3518 2541 2851 362 
149 954 3536 2552 2981 382 
150 982 3632 2809 3082 408 
151 1047 3761 2823 3184 424 
152 1050 3872 2863 3253 464 
153 1064 3868 3072 3325 481 
154 1063 3922 3095 3449 530 
155 1086 3971 3209 3515 530 
156 1107 4025 3185 3720 568 
157 1192 4082 3433 3820 508 
158 1290 4009 3561 3866 543 
159 1297 4074 3644 3865 625 
160 1309 4290 3839 4041 588 
161 1343 4203 3855 4212 689 
162 1323 4257 3933 4292 671 
163 1453 4365 4241 4347 675 
164 1419 4295 4162 4579 741 
165 1455 4375 4243 4561 709 
166 1482 4317 4337 4682 717 
167 1552 4237 4634 4664 775 
168 1537 4241 4711 4853 797 
169 1559 4220 4775 4900 791 
170 1581 4280 4875 5107 776 
171 1527 4232 4858 4998 851 
172 1603 4177 4868 5236 860 
173 1676 4256 4890 5214 848 
174 1638 4019 5059 5177 870 
175 1701 3916 5070 5173 863 
176 1749 4037 4985 5302 914 
177 1723 3955 5139 5355 981 
178 1741 3884 5117 5494 920 
179 1694 3764 5137 5338 976 
180 1688 3764 5381 5355 1010 
181 1796 3757 5421 5362 1010 
182 1691 3830 5340 5338 1128 
183 1842 3671 5298 5429 1093 
184 1709 3668 5269 5263 1036 
185 1682 3658 5294 5108 1015 
186 1781 3504 5320 5199 1028 
187 1675 3405 5277 5353 1014 
188 1674 3369 5328 5301 1067 
189 1639 3193 5073 5250 1064 
190 1594 3227 5082 5298 1047 
191 1738 3022 5028 5242 988 
192 1657 2977 5100 5169 1036 
193 1627 2936 5143 5167 1013 
194 1609 2771 5048 5101 1042 
195 1571 2871 4968 5049 1011 
196 1573 2652 4956 4959 1064 
197 1483 2623 4985 4637 989 
198 1459 2540 4940 4600 968 
199 1451 2487 4811 4512 1046 
200 1451 2458 4768 4515 1018 
201 1415 2364 4613 4440 935 
202 1441 2320 4646 4351 993 
203 1329 2169 4654 4232 856 
204 1304 2103 4527 4062 915 
205 1242 2149 4491 4013 852 
206 1264 1990 4374 3916 830 
207 1373 1980 4313 3892 857 
208 1230 1848 4218 3688 790 
209 1211 1747 4134 3615 781 
210 1266 1797 3963 3578 788 
211 1160 1728 3834 3560 719 
212 1115 1676 3949 3319 713 
213 1175 1579 3708 3291 739 
214 1142 1565 3776 3057 679 
215 1069 1424 3546 3029 587 
216 994 1354 3423 2972 645 
217 1020 1415 3432 2959 627 
218 970 1375 3308 2792 615 
219 946 1256 3235 2678 572 
220 950 1227 3041 2770 609 
221 959 1149 3029 2589 564 
222 874 1065 2921 2539 579 
223 915 1034 2791 2413 500 
224 802 1024 2666 2339 472 
225 788 987 2599 2351 507 
226 796 989 2488 2170 452 
227 734 900 2413 2101 427 
228 731 857 2374 1998 402 
229 687 888 2295 1938 413 
230 643 831 2209 1765 416 
231 610 777 2143 1822 421 
232 638 777 2096 1803 351 
233 632 734 1927 1676 371 
234 579 651 1856 1650 364 
235 559 694 1809 1613 374 
236 547 621 1754 1537 294 
237 519 622 1658 1483 292 
238 513 606 1620 1409 305 
239 443 568 1564 1315 262 
240 461 578 1533 1271 278 
241 424 539 1444 1321 267 
242 424 498 1426 1239 240 
243 389 535 1335 1135 267 
244 402 490 1345 1077 205 
245 344 488 1283 1030 197 
246 338 461 1171 968 214 
247 370 432 1069 919 182 
248 313 409 1027 960 210 
249 300 378 1053 831 206 
250 304 337 1015 775 187 
251 277 363 911 799 196 
252 261 318 973 738 192 
253 276 356 902 726 174 
254 231 315 852 657 143 
255 231 304 820 648 132 
256 250 312 801 629 119 
257 233 323 813 548 119 
258 217 303 759 530 116 
259 245 286 697 518 98 
260 211 273 659 529 94 
261 209 291 671 485 94 
262 212 248 660 463 71 
263 178 227 543 451 66 
264 162 216 588 475 69 
265 157 210 531 416 67 
266 167 204 499 438 78 
267 146 190 479 435 88 
268 173 202 453 399 64 
269 153 192 466 378 78 
270 146 176 406 352 83 
271 136 160 452 361 93 
272 139 124 407 348 96 
273 120 119 362 336 84 
274 121 142 355 315 62 
275 120 118 348 272 64 
276 104 132 332 282 68 
277 110 122 301 266 53 
278 85 114 275 292 63 
279 95 104 260 270 59 
280 80 86 279 280 42 
281 75 80 259 219 46 
282 78 93 235 194 55 
283 75 73 236 203 37 
284 84 81 235 192 37 
285 61 81 199 195 40 
286 87 63 216 184 40 
287 65 57 183 162 36 
288 63 52 171 155 36 
289 52 54 177 141 26 
290 60 55 150 137 24 
291 38 69 140 134 20 
292 44 55 143 122 18 
293 40 53 128 125 16 
294 53 49 132 107 27 
295 38 47 106 98 15 
296 36 50 112 90 16 
297 41 45 105 107 14 
298 36 50 111 88 20 
299 31 54 99 91 12 
300 34 47 84 76 22 
301 32 33 83 62 15 
302 23 29 73 77 22 
303 24 45 85 62 21 
304 26 33 85 50 20 
305 17 32 50 52 17 
306 22 30 60 61 15 
307 16 32 44 65 22 
308 19 32 60 50 16 
309 17 27 56 40 18 
310 17 32 50 35 16 
311 12 35 48 48 12 
312 16 24 42 34 11 
313 16 23 55 40 12 
314 8 26 49 37 11 
315 11 33 30 39 11 
316 14 12 40 48 5 
317 10 21 34 37 6 
318 9 19 42 32 6 
319 11 12 23 29 8 
320 12 13 31 25 2 
321 8 10 32 16 6 
322 11 11 22 18 1 
323 10 8 25 17 5 
324 4 12 24 23 7 
325 4 13 16 23 3 
326 3 10 23 16 4 
327 5 7 15 18 4 
328 7 11 19 21 5 
329 5 7 22 16 3 
330 5 17 15 18 9 
331 3 15 17 8 11 
332 4 5 16 11 3 
333 2 11 17 8 4 
334 1 11 14 7 3 
335 2 8 13 9 6 
336 0 9 9 7 8 
337 2 11 8 13 5 
338 1 4 6 10 7 
339 2 5 8 8 7 
340 1 9 3 7 7 
341 2 4 3 10 11 
342 4 4 3 4 5 
343 0 2 6 3 7 
344 0 5 6 3 7 
345 2 5 6 7 8 
346 1 3 6 4 6 
347 3 1 7 2 8 
348 4 2 3 4 4 
349 3 7 2 0 5 
350 0 5 6 1 2 
351 0 3 6 0 3 
352 0 1 3 0 3 
353 0 5 3 1 1 
354 0 3 3 2 2 
355 0 1 1 0 1 
356 0 1 3 0 3 
357 0 2 2 1 2 
358 0 0 2 2 1 
359 0 0 2 0 3 
360 0 0 2 1 3 
361 0 0 1 0 0 
362 0 1 4 0 2 
363 0 0 4 0 0 
364 0 0 1 0 4 
365 0 0 2 0 2 
366 0 0 2 0 5 
367 0 1 1 1 2 
368 0 0 2 1 2 
369 1 0 2 1 6 
370 0 0 1 2 1 
371 0 1 0 0 2 
372 0 0 4 1 1 
373 0 0 0 3 1 
374 0 0 1 4 1 
375 0 0 1 2 0 
376 2 1 3 3 0 
377 0 0 1 1 0 
378 0 0 3 2 0 
379 0 2 1 3 0 
380 0 0 0 2 0 
381 0 0 0 0 0 
382 0 0 1 0 0 
383 0 1 3 1 0 
384 0 1 2 3 0 
385 0 0 1 0 0 
386 0 0 0 0 0 
387 0 0 1 0 0 
388 0 0 0 0 0 
389 0 0 1 0 0 
390 0 0 0 1 0 
391 0 0 1 0 0 
392 0 0 2 2 0 
393 0 0 2 3 0 
394 0 0 1 1 0 
395 0 0 0 2 0 
396 0 0 0 5 0 
397 0 0 0 3 0 
398 1 0 1 2 0 
399 0 0 1 1 0 
400 0 0 0 1 0 
401 0 0 1 1 0 
402 0 0 0 1 0 
403 0 0 0 0 0 
404 0 0 0 2 0 
405 0 0 0 3 0 
406 0 1 0 3 0 
407 0 0 0 0 0 
408 0 0 0 0 0 
409 0 0 0 1 0 
410 0 0 0 1 0 
411 0 0 0 1 0 
412 0 0 0 0 0 
413 0 0 0 1 0 
414 0 0 0 0 0 
415 0 0 0 1 0 
416 0 0 0 0 0 
417 0 0 0 0 0 
418 0 0 0 0 0 
