1 0 2 0 0 0 
2 0 5 0 0 0 
3 0 5 0 0 0 
4 0 2 0 0 0 
5 0 3 0 0 0 
6 0 3 0 0 0 
7 0 3 1 1 0 
8 0 5 0 0 0 
9 0 1 0 1 0 
10 0 3 0 1 0 
11 0 8 0 1 0 
12 2 10 0 0 0 
13 1 11 0 1 0 
14 1 12 0 2 0 
15 0 8 0 0 0 
16 0 8 0 0 0 
17 0 10 0 1 0 
18 0 8 0 2 0 
19 2 5 0 2 0 
20 0 10 1 1 0 
21 0 6 0 4 0 
22 0 8 1 3 0 
23 2 8 1 7 0 
24 2 11 1 2 0 
25 3 16 1 1 0 
26 2 13 0 2 0 
27 2 15 1 6 0 
28 1 13 1 3 0 
29 3 19 2 0 0 
30 1 15 3 2 0 
31 2 27 3 1 0 
32 1 27 3 0 0 
33 2 22 3 2 0 
34 0 23 2 2 1 
35 1 21 0 3 0 
36 2 30 1 4 0 
37 1 29 2 1 0 
38 3 29 3 1 0 
39 5 43 0 9 0 
40 5 40 1 6 1 
41 3 57 1 6 1 
42 2 41 0 8 1 
43 3 56 4 12 1 
44 3 44 3 18 2 
45 5 49 6 17 2 
46 10 65 1 13 1 
47 11 91 5 13 0 
48 4 98 9 20 1 
49 11 104 6 24 2 
50 5 117 12 27 1 
51 10 113 18 39 1 
52 6 121 7 33 0 
53 14 115 20 45 2 
54 15 149 19 39 1 
55 8 122 26 38 2 
56 16 147 27 56 1 
57 9 178 34 39 1 
58 21 163 25 55 2 
59 25 141 32 53 3 
60 29 175 41 46 7 
61 26 190 46 46 3 
62 22 186 50 53 1 
63 23 210 45 64 3 
64 28 188 53 50 2 
65 26 236 67 67 7 
66 44 233 70 72 7 
67 24 265 73 79 3 
68 41 244 75 75 1 
69 28 272 82 84 2 
70 41 271 94 73 6 
71 66 269 97 96 3 
72 50 296 95 95 4 
73 62 316 113 111 4 
74 44 331 100 113 6 
75 40 327 131 86 5 
76 56 341 129 147 15 
77 64 356 160 161 9 
78 59 396 140 148 6 
79 62 396 165 167 11 
80 74 415 174 161 5 
81 75 488 181 189 10 
82 70 468 179 186 13 
83 92 517 186 186 15 
84 82 561 200 227 10 
85 107 619 208 247 18 
86 89 655 244 281 25 
87 112 649 222 269 16 
88 123 668 239 258 12 
89 122 731 255 309 28 
90 147 787 301 331 17 
91 162 763 289 320 24 
92 152 863 313 358 20 
93 166 894 386 384 21 
94 189 929 323 406 24 
95 159 978 395 398 16 
96 178 1032 409 459 29 
97 179 1121 448 469 46 
98 193 1049 462 493 34 
99 232 1153 506 560 40 
100 248 1223 574 551 49 
101 228 1286 582 570 39 
102 256 1394 629 633 53 
103 247 1449 706 648 67 
104 257 1513 681 726 51 
105 257 1562 688 733 63 
106 291 1702 784 791 82 
107 314 1658 776 804 74 
108 306 1803 794 839 90 
109 372 1916 870 916 101 
110 361 1926 928 904 93 
111 389 1955 1035 1016 124 
112 440 2068 1003 1060 143 
113 389 2167 1107 1156 174 
114 429 2299 1147 1290 171 
115 449 2364 1273 1281 148 
116 467 2405 1320 1351 169 
117 535 2553 1247 1485 187 
118 520 2687 1391 1502 212 
119 623 2735 1440 1640 227 
120 637 2791 1620 1740 231 
121 663 2964 1621 1682 253 
122 656 3088 1642 1819 230 
123 748 3167 1745 1963 278 
124 730 3374 1872 1948 301 
125 811 3339 2070 2099 319 
126 808 3360 2101 2175 330 
127 840 3599 2045 2194 344 
128 903 3597 2222 2461 374 
129 855 3660 2199 2471 388 
130 873 3693 2396 2673 410 
131 899 3677 2404 2740 415 
132 996 3931 2667 2875 409 
133 1034 3898 2774 2872 443 
134 983 4098 2838 3028 448 
135 1050 4080 3035 3086 448 
136 1098 4097 3036 3266 477 
137 1119 4256 3178 3369 491 
138 1142 4133 3237 3437 492 
139 1147 4261 3265 3529 569 
140 1235 4185 3482 3652 588 
141 1257 4142 3589 3821 590 
142 1284 4159 3658 3968 619 
143 1324 4235 3801 3975 647 
144 1333 4255 3727 4113 698 
145 1443 4313 3906 4115 709 
146 1500 4235 3980 4314 778 
147 1438 4268 4094 4265 732 
148 1493 4274 4327 4420 782 
149 1481 4270 4257 4608 749 
150 1602 4246 4476 4629 774 
151 1507 4177 4613 4697 738 
152 1605 4047 4622 4943 800 
153 1614 4198 4840 4863 900 
154 1578 4141 4998 5032 823 
155 1689 4080 4978 5032 962 
156 1623 4098 4924 5017 915 
157 1641 3963 5059 4976 927 
158 1638 4016 5077 5132 930 
159 1713 3844 5177 5201 966 
160 1660 3941 5157 5278 1008 
161 1681 3942 5182 5308 980 
162 1672 3873 5310 5284 1027 
163 1721 3672 5430 5475 1005 
164 1700 3734 5380 5305 1013 
165 1748 3614 5557 5368 1076 
166 1691 3465 5414 5387 1090 
167 1691 3357 5387 5355 1149 
168 1717 3415 5485 5408 1073 
169 1801 3209 5547 5400 1100 
170 1847 3228 5458 5507 1147 
171 1738 3086 5603 5496 1130 
172 1751 3052 5471 5448 1123 
173 1710 2935 5410 5330 1166 
174 1721 2790 5437 5378 1149 
175 1680 2778 5291 5295 1094 
176 1610 2776 5204 5287 1122 
177 1650 2695 5269 5184 1085 
178 1636 2633 5223 5245 1106 
179 1596 2647 5109 5194 1047 
180 1599 2487 5122 5035 1142 
181 1589 2361 5030 5014 1073 
182 1604 2326 5015 4890 1030 
183 1579 2293 4860 4938 1061 
184 1542 2156 4812 4943 996 
185 1545 2086 4719 4737 1009 
186 1439 2038 4734 4714 979 
187 1509 2071 4585 4414 943 
188 1436 2006 4510 4396 907 
189 1421 1916 4395 4330 934 
190 1432 1846 4333 4134 899 
191 1399 1847 4305 4043 915 
192 1328 1768 4104 3965 910 
193 1312 1668 4034 3898 826 
194 1258 1626 4048 3638 861 
195 1278 1611 3895 3501 817 
196 1227 1565 3720 3538 801 
197 1165 1554 3704 3325 767 
198 1159 1513 3591 3275 744 
199 1086 1401 3505 3103 777 
200 1018 1346 3359 3074 729 
201 966 1361 3300 2944 716 
202 975 1184 3130 2834 748 
203 969 1216 3102 2910 672 
204 925 1163 2999 2718 653 
205 912 1160 2883 2672 648 
206 911 1172 2820 2553 590 
207 918 1130 2777 2483 568 
208 848 1028 2663 2429 533 
209 789 1042 2645 2323 527 
210 816 956 2550 2256 530 
211 744 968 2443 2223 504 
212 751 860 2264 2001 427 
213 688 912 2263 1887 465 
214 683 825 2082 1855 466 
215 667 785 2078 1800 429 
216 603 767 1934 1868 369 
217 568 723 1907 1676 399 
218 565 711 1780 1651 410 
219 559 675 1734 1520 371 
220 515 660 1595 1513 355 
221 537 607 1631 1417 375 
222 485 536 1560 1411 357 
223 472 572 1472 1299 303 
224 444 529 1499 1264 303 
225 457 578 1386 1243 288 
226 423 467 1318 1195 312 
227 433 447 1280 1071 279 
228 404 426 1210 1056 249 
229 373 429 1179 1089 233 
230 345 395 1077 947 212 
231 341 396 1085 969 212 
232 346 395 1021 938 219 
233 334 357 1052 912 211 
234 294 394 969 904 219 
235 288 347 873 816 204 
236 283 301 874 823 172 
237 276 311 821 817 181 
238 278 320 738 746 178 
239 223 285 741 674 153 
240 238 299 698 658 155 
241 224 286 685 673 133 
242 208 266 675 581 122 
243 196 241 664 558 139 
244 203 258 664 546 109 
245 213 226 635 497 98 
246 201 203 609 485 97 
247 193 194 587 450 94 
248 196 186 528 438 102 
249 169 177 511 413 114 
250 161 173 497 385 91 
251 129 177 455 359 69 
252 146 170 408 352 87 
253 147 163 379 352 68 
254 133 153 408 331 86 
255 120 184 412 347 82 
256 97 140 357 311 88 
257 106 158 356 288 68 
258 106 131 387 310 67 
259 115 116 299 257 69 
260 87 117 341 281 62 
261 109 107 325 254 53 
262 97 108 292 238 51 
263 79 120 319 217 48 
264 97 87 314 202 32 
265 73 107 268 195 51 
266 68 96 222 193 55 
267 75 99 239 198 48 
268 65 84 221 172 46 
269 76 69 222 191 34 
270 82 79 173 153 31 
271 53 69 179 148 35 
272 58 63 150 132 25 
273 74 65 137 117 21 
274 47 83 135 146 25 
275 54 65 127 137 28 
276 60 63 161 114 21 
277 59 62 123 89 21 
278 39 56 108 88 33 
279 38 54 112 98 28 
280 42 47 119 81 22 
281 33 55 130 90 34 
282 36 42 102 101 24 
283 25 52 101 84 21 
284 34 46 81 72 15 
285 30 39 85 78 15 
286 18 42 82 58 12 
287 30 49 97 62 14 
288 33 51 81 61 10 
289 34 33 98 55 15 
290 22 33 85 69 14 
291 37 38 83 57 17 
292 34 32 80 59 11 
293 23 40 73 67 21 
294 23 32 50 46 17 
295 24 33 56 47 15 
296 18 28 59 55 10 
297 25 34 59 48 13 
298 22 21 61 34 9 
299 27 26 48 33 13 
300 12 22 56 42 13 
301 27 21 45 42 13 
302 21 23 37 37 12 
303 12 26 45 36 15 
304 20 15 32 45 9 
305 19 17 33 28 8 
306 21 21 40 35 5 
307 11 14 28 35 6 
308 9 16 44 28 8 
309 7 16 37 37 10 
310 12 16 31 42 7 
311 8 12 34 34 6 
312 7 14 29 26 9 
313 11 16 22 40 6 
314 6 21 30 30 2 
315 5 19 19 14 2 
316 7 9 32 17 2 
317 7 14 24 20 0 
318 4 11 19 18 1 
319 2 13 28 17 1 
320 6 14 13 13 0 
321 7 7 11 16 1 
322 1 7 15 15 0 
323 2 8 6 17 2 
324 4 5 11 16 1 
325 4 6 9 16 3 
326 3 6 5 9 3 
327 1 5 9 12 3 
328 4 6 7 14 3 
329 3 4 11 9 1 
330 2 10 7 10 2 
331 8 4 8 21 4 
332 3 4 5 15 5 
333 3 5 5 14 2 
334 1 5 4 12 4 
335 1 4 6 10 3 
336 2 2 1 12 4 
337 0 3 1 7 3 
338 0 3 2 5 1 
339 0 1 4 3 1 
340 0 1 3 6 1 
341 0 2 4 5 1 
342 1 0 5 6 0 
343 0 2 2 2 3 
344 1 0 2 4 3 
345 1 1 0 8 0 
346 3 0 2 4 1 
347 1 0 5 4 0 
348 2 0 1 7 0 
349 0 0 1 6 0 
350 0 0 1 5 1 
351 0 0 0 5 0 
352 1 0 1 2 3 
353 1 0 2 2 1 
354 0 0 2 2 0 
355 0 0 1 1 0 
356 2 0 0 1 0 
357 0 0 1 1 1 
358 0 0 1 0 0 
359 0 0 1 1 0 
360 0 0 1 0 0 
361 0 0 0 0 0 
362 0 0 1 0 0 
363 0 0 2 0 0 
364 0 0 2 0 0 
365 0 0 2 0 0 
366 0 0 4 0 0 
367 0 0 1 0 0 
368 0 0 0 0 0 
369 0 0 1 0 0 
370 0 0 1 0 0 
371 0 0 0 0 0 
372 0 0 1 0 0 
373 0 0 1 0 0 
374 0 0 0 0 0 
375 0 0 0 0 0 
