1 0 6 0 1 0 
2 1 4 0 0 0 
3 0 7 0 0 0 
4 0 5 0 0 0 
5 0 2 0 0 0 
6 0 0 0 0 0 
7 0 7 0 0 0 
8 0 8 0 0 0 
9 0 10 0 0 0 
10 0 12 0 0 0 
11 0 11 0 0 0 
12 0 4 0 0 0 
13 0 13 2 1 0 
14 0 10 1 0 0 
15 0 7 1 1 0 
16 0 10 1 1 0 
17 1 9 0 1 0 
18 1 12 1 1 0 
19 3 9 0 2 0 
20 0 15 0 0 0 
21 1 13 0 1 0 
22 0 19 1 4 0 
23 2 18 3 2 0 
24 2 19 1 5 0 
25 2 26 0 4 0 
26 2 29 1 4 0 
27 1 31 1 2 0 
28 1 33 3 8 0 
29 3 22 1 6 0 
30 1 31 4 5 0 
31 2 40 4 8 0 
32 7 38 1 4 0 
33 4 30 3 8 0 
34 3 43 4 6 0 
35 2 43 1 5 0 
36 4 50 1 2 0 
37 3 43 3 6 0 
38 10 57 4 7 0 
39 4 66 3 7 1 
40 11 57 1 2 0 
41 2 64 3 4 0 
42 9 57 10 3 0 
43 4 66 7 8 0 
44 8 64 8 8 1 
45 10 72 15 15 3 
46 15 72 15 10 5 
47 10 82 15 11 3 
48 14 77 24 11 7 
49 10 85 24 18 4 
50 15 112 36 20 7 
51 12 94 22 18 3 
52 13 101 26 21 8 
53 17 103 36 20 4 
54 13 98 33 29 5 
55 17 94 41 26 6 
56 14 108 40 32 6 
57 23 115 38 39 14 
58 19 119 34 43 10 
59 21 108 46 50 10 
60 12 137 59 50 9 
61 33 148 55 47 7 
62 26 145 54 50 14 
63 33 144 56 50 12 
64 25 159 84 52 12 
65 35 157 68 56 13 
66 40 149 75 66 11 
67 35 143 85 79 10 
68 55 163 92 69 14 
69 44 168 109 74 20 
70 54 173 104 80 15 
71 59 183 91 73 17 
72 48 192 103 75 23 
73 40 251 105 97 23 
74 54 213 112 127 20 
75 62 245 132 109 13 
76 62 239 164 132 24 
77 58 276 135 137 16 
78 64 295 151 142 19 
79 66 272 197 145 35 
80 70 284 229 151 30 
81 74 316 198 198 31 
82 65 316 228 197 41 
83 78 329 220 203 37 
84 85 353 232 201 39 
85 75 369 225 205 42 
86 71 406 230 211 44 
87 77 412 257 231 57 
88 76 417 301 243 45 
89 91 444 294 230 66 
90 103 473 284 297 73 
91 109 537 295 277 56 
92 95 530 324 272 75 
93 104 534 351 310 72 
94 132 592 374 320 99 
95 112 616 411 344 96 
96 122 600 406 378 85 
97 147 719 403 392 94 
98 161 706 461 341 109 
99 144 811 515 429 96 
100 167 859 508 430 114 
101 176 856 532 514 123 
102 173 894 552 511 92 
103 216 909 502 528 112 
104 234 979 601 581 104 
105 239 986 560 592 116 
106 242 1071 661 632 122 
107 234 1134 685 672 124 
108 254 1198 725 701 127 
109 294 1248 770 723 137 
110 278 1323 785 777 124 
111 325 1345 869 893 152 
112 299 1371 860 839 171 
113 296 1503 938 894 143 
114 335 1418 950 967 179 
115 364 1548 974 1034 195 
116 370 1630 1006 1116 184 
117 402 1687 1137 1096 188 
118 419 1672 1206 1243 218 
119 410 1777 1249 1230 190 
120 458 1945 1349 1256 224 
121 462 2017 1302 1420 218 
122 460 2031 1338 1420 205 
123 522 2184 1474 1522 263 
124 513 2315 1522 1556 271 
125 514 2390 1639 1619 272 
126 589 2372 1541 1783 280 
127 573 2522 1708 1717 320 
128 527 2570 1792 1854 331 
129 631 2637 1793 1964 326 
130 672 2784 1896 2028 328 
131 718 2831 2000 2125 369 
132 716 2796 2066 2232 406 
133 776 2904 2170 2329 420 
134 776 3055 2245 2448 393 
135 806 3023 2429 2494 431 
136 743 3193 2531 2553 448 
137 855 3256 2525 2700 465 
138 889 3448 2657 2870 487 
139 994 3515 2728 2949 517 
140 977 3570 2770 2985 483 
141 1028 3547 2902 3100 525 
142 1038 3709 2952 3192 496 
143 1045 3773 3138 3271 527 
144 1069 3834 3179 3376 595 
145 1081 3942 3303 3481 552 
146 1058 3983 3418 3597 601 
147 1179 4109 3450 3650 634 
148 1177 4047 3623 3698 652 
149 1239 4137 3535 3908 663 
150 1217 4247 3727 4036 668 
151 1306 4067 3826 3992 686 
152 1443 4167 3900 4098 732 
153 1339 4322 3963 4232 762 
154 1421 4255 4055 4322 760 
155 1442 4359 4140 4386 784 
156 1560 4398 4276 4462 780 
157 1466 4367 4286 4641 783 
158 1545 4426 4421 4646 776 
159 1566 4395 4463 4777 780 
160 1601 4234 4599 4720 803 
161 1597 4269 4576 4815 845 
162 1613 4266 4669 5006 851 
163 1673 4158 4782 4927 849 
164 1729 4012 4860 5054 901 
165 1634 4027 4991 5052 893 
166 1694 4004 4836 5094 930 
167 1765 4032 5008 5193 941 
168 1702 3887 4812 5140 922 
169 1680 3914 4964 5075 948 
170 1684 3825 5045 5172 961 
171 1692 3795 5041 5126 1014 
172 1645 3738 4995 5201 950 
173 1608 3668 5131 5089 970 
174 1689 3606 5149 5103 973 
175 1613 3494 5151 5082 959 
176 1775 3442 5104 4966 1001 
177 1626 3172 5202 5020 982 
178 1711 3234 5084 4943 944 
179 1633 3141 5005 4924 994 
180 1547 3124 4933 4979 1024 
181 1545 3072 5221 4776 1057 
182 1643 3012 4819 4690 966 
183 1565 2948 4891 4817 1012 
184 1546 2929 4785 4745 949 
185 1560 2801 4763 4788 976 
186 1542 2776 4531 4630 956 
187 1471 2661 4875 4627 920 
188 1443 2583 4606 4385 898 
189 1429 2558 4335 4376 886 
190 1358 2542 4491 4497 860 
191 1351 2363 4366 4359 808 
192 1410 2311 4296 4238 859 
193 1313 2183 4127 4181 805 
194 1224 2153 4049 4120 766 
195 1288 2030 4009 4029 758 
196 1282 2041 3879 3897 786 
197 1201 1974 3711 3708 717 
198 1195 1878 3679 3563 738 
199 1103 1869 3582 3499 711 
200 1028 1775 3611 3517 737 
201 1050 1723 3489 3296 691 
202 1054 1651 3376 3319 698 
203 1045 1551 3338 3170 700 
204 1040 1599 3224 3065 680 
205 1026 1515 3107 3063 623 
206 1010 1406 3098 3050 616 
207 996 1400 2962 2962 568 
208 1037 1306 2880 2794 580 
209 991 1307 2979 2753 536 
210 949 1229 2833 2661 553 
211 922 1114 2685 2513 426 
212 910 1158 2551 2380 512 
213 856 1088 2466 2350 473 
214 879 1023 2483 2198 503 
215 855 983 2213 2218 508 
216 724 994 2203 2098 483 
217 781 927 2139 2081 473 
218 715 918 2121 1964 419 
219 721 919 2021 1834 410 
220 710 837 1949 1835 406 
221 670 818 1887 1759 369 
222 698 813 1831 1736 399 
223 627 768 1786 1713 351 
224 605 723 1709 1592 359 
225 565 732 1647 1518 315 
226 569 700 1590 1504 301 
227 533 683 1534 1433 270 
228 530 599 1357 1378 286 
229 487 584 1365 1325 224 
230 464 577 1339 1274 222 
231 461 533 1330 1299 256 
232 453 479 1233 1164 206 
233 422 496 1149 1215 238 
234 366 496 1082 1104 222 
235 373 453 1132 1042 228 
236 369 435 1098 1016 210 
237 317 462 1014 1003 199 
238 332 422 1009 936 180 
239 323 411 951 956 172 
240 304 417 931 885 187 
241 296 376 858 857 159 
242 309 367 860 788 182 
243 274 339 814 707 192 
244 274 361 776 666 178 
245 257 351 726 647 161 
246 246 321 692 603 122 
247 229 329 726 589 143 
248 236 311 653 589 136 
249 218 311 680 493 132 
250 180 291 606 513 134 
251 213 283 599 538 107 
252 214 245 598 513 141 
253 165 210 550 495 114 
254 200 213 512 434 100 
255 193 188 497 419 93 
256 166 227 413 406 88 
257 150 169 439 424 87 
258 171 186 420 445 99 
259 149 163 424 336 78 
260 130 163 425 320 79 
261 149 166 370 333 74 
262 136 147 346 353 65 
263 111 165 355 316 68 
264 113 169 330 304 48 
265 124 161 335 266 43 
266 105 113 323 302 52 
267 117 136 289 278 60 
268 103 126 284 319 43 
269 102 126 285 274 36 
270 93 106 266 266 38 
271 95 121 269 258 35 
272 91 117 248 222 44 
273 84 114 231 243 29 
274 83 96 225 225 31 
275 83 122 239 237 25 
276 53 95 204 232 26 
277 85 87 223 197 26 
278 75 73 207 186 21 
279 63 79 205 165 18 
280 47 60 168 168 29 
281 54 66 163 172 23 
282 52 70 153 140 19 
283 47 55 140 124 11 
284 41 59 151 127 22 
285 40 49 154 112 13 
286 50 40 110 125 18 
287 44 42 132 124 20 
288 40 43 112 125 16 
289 42 46 108 117 21 
290 39 44 95 101 16 
291 38 34 108 102 9 
292 42 37 84 139 11 
293 31 28 99 102 12 
294 30 29 97 98 12 
295 35 35 88 83 12 
296 26 24 88 88 10 
297 22 32 91 81 10 
298 17 25 81 101 8 
299 24 27 79 81 9 
300 21 28 73 79 5 
301 21 28 70 62 8 
302 18 16 64 73 5 
303 24 26 47 62 5 
304 18 17 56 51 5 
305 18 14 47 54 4 
306 13 18 54 63 5 
307 17 13 60 55 4 
308 13 10 47 62 5 
309 16 7 47 39 4 
310 18 18 72 47 5 
311 19 11 60 41 5 
312 15 9 51 35 3 
313 13 13 35 30 1 
314 13 11 32 38 6 
315 19 10 39 41 6 
316 11 19 32 34 2 
317 15 14 22 19 3 
318 15 9 22 39 6 
319 11 13 24 26 8 
320 13 11 26 31 3 
321 9 16 28 31 3 
322 15 10 19 34 2 
323 13 8 21 36 5 
324 13 12 15 36 3 
325 16 8 23 39 6 
326 10 6 16 19 5 
327 7 6 9 28 5 
328 9 6 8 26 4 
329 13 10 12 25 4 
330 9 5 6 23 4 
331 13 7 6 14 4 
332 10 8 6 19 1 
333 4 2 6 19 3 
334 6 10 11 12 4 
335 10 14 9 10 3 
336 6 9 9 20 3 
337 3 7 7 6 2 
338 5 5 9 15 1 
339 5 2 0 9 3 
340 6 3 4 16 2 
341 2 4 3 9 1 
342 1 1 4 5 2 
343 4 0 1 6 0 
344 0 0 10 5 0 
345 0 0 6 3 0 
346 1 1 2 3 0 
347 1 1 1 3 1 
348 0 1 2 1 0 
349 2 0 4 3 0 
350 1 4 2 5 0 
351 1 0 2 3 0 
352 2 0 1 3 0 
353 0 1 0 2 0 
354 0 0 0 2 0 
355 0 0 1 0 0 
356 1 1 1 1 0 
357 0 0 0 2 0 
358 0 0 2 7 0 
359 0 0 0 3 0 
360 1 0 0 0 0 
361 0 0 0 0 0 
362 0 0 0 1 0 
363 0 0 0 3 0 
364 0 0 1 3 0 
365 0 0 0 0 0 
366 0 0 2 3 0 
367 0 1 2 1 0 
368 0 0 0 2 0 
369 0 0 0 3 0 
370 0 1 0 2 0 
371 0 0 0 1 0 
372 0 0 0 2 0 
373 0 0 0 1 0 
374 0 0 0 2 0 
375 0 0 0 1 0 
376 0 0 0 1 0 
377 0 0 0 1 0 
378 0 0 0 1 0 
379 0 0 0 6 0 
380 0 0 0 5 0 
381 0 0 0 2 0 
382 0 0 0 3 0 
383 0 0 0 2 0 
384 0 0 0 0 0 
385 0 0 0 6 0 
386 0 0 0 0 0 
387 0 0 0 7 0 
388 0 0 1 3 0 
389 0 0 0 1 1 
390 1 0 0 2 0 
391 0 0 0 1 1 
392 0 0 0 3 0 
393 0 1 0 1 1 
394 0 0 0 4 1 
395 0 0 0 4 0 
396 0 0 0 2 3 
397 0 0 0 3 0 
398 0 0 0 5 0 
399 0 0 0 2 0 
400 0 0 1 0 0 
401 0 0 0 1 0 
402 0 0 0 3 2 
403 1 0 0 3 1 
404 0 0 0 3 0 
405 0 0 1 2 0 
406 0 0 0 0 0 
407 0 0 0 2 0 
408 0 0 0 1 0 
409 0 0 0 7 0 
410 0 0 1 1 0 
411 0 0 0 0 0 
412 0 0 0 1 0 
413 0 0 0 1 0 
414 1 0 0 0 0 
415 1 0 0 0 0 
416 1 0 0 0 0 
417 1 0 0 0 0 
418 0 0 0 0 0 
419 0 0 0 0 0 
