1 0 7 0 0 0 
2 0 3 0 0 0 
3 0 3 0 0 0 
4 0 1 0 0 0 
5 0 1 0 0 0 
6 0 2 0 0 0 
7 0 5 0 0 0 
8 1 4 0 0 0 
9 1 4 0 0 0 
10 1 5 0 0 0 
11 1 2 0 0 0 
12 1 3 0 0 0 
13 1 3 0 0 0 
14 2 2 0 0 0 
15 2 2 0 0 0 
16 2 3 0 0 0 
17 2 4 0 0 0 
18 0 3 0 0 0 
19 0 4 0 0 0 
20 0 3 0 0 0 
21 0 3 0 0 0 
22 0 3 0 0 0 
23 0 4 0 0 0 
24 0 5 0 0 0 
25 0 7 0 0 0 
26 0 7 0 0 0 
27 0 7 0 0 0 
28 0 6 0 0 0 
29 0 7 0 0 0 
30 0 8 0 0 0 
31 0 11 0 0 0 
32 0 15 0 0 0 
33 1 14 0 1 0 
34 1 13 0 0 0 
35 2 16 0 0 0 
36 2 19 0 0 0 
37 2 15 1 0 0 
38 5 14 2 2 0 
39 4 15 1 2 0 
40 6 19 1 2 0 
41 3 19 2 2 0 
42 3 19 2 5 0 
43 5 17 4 8 0 
44 6 15 2 11 0 
45 3 14 4 8 0 
46 3 12 3 8 0 
47 4 13 3 7 0 
48 2 14 1 9 0 
49 3 14 0 13 0 
50 2 16 2 11 0 
51 2 23 1 11 0 
52 6 28 1 16 0 
53 8 27 1 12 0 
54 8 28 2 13 0 
55 7 25 2 11 0 
56 8 32 2 10 0 
57 7 30 2 19 0 
58 11 27 2 22 0 
59 11 23 3 26 0 
60 11 25 2 24 0 
61 10 26 1 29 0 
62 10 27 2 25 0 
63 6 34 2 21 0 
64 5 31 2 21 0 
65 4 32 0 23 0 
66 5 31 3 20 0 
67 4 30 3 21 0 
68 7 39 1 27 0 
69 7 38 1 31 0 
70 7 50 1 28 0 
71 11 52 3 29 0 
72 12 60 4 30 0 
73 9 69 6 36 0 
74 9 83 7 35 2 
75 12 86 3 29 1 
76 13 75 2 30 1 
77 18 74 1 27 1 
78 17 74 3 28 0 
79 12 77 8 26 0 
80 13 95 15 35 0 
81 10 94 19 34 0 
82 12 83 21 41 0 
83 13 90 21 42 0 
84 11 83 23 42 0 
85 9 86 20 50 0 
86 8 76 20 51 0 
87 10 81 22 56 1 
88 13 78 24 55 1 
89 17 91 24 51 0 
90 19 108 28 54 0 
91 18 102 38 52 0 
92 20 107 44 51 0 
93 20 131 39 46 0 
94 26 140 45 42 0 
95 28 140 56 53 0 
96 27 138 58 64 0 
97 32 157 53 78 0 
98 27 165 64 98 0 
99 31 165 80 117 0 
100 31 158 85 112 0 
101 27 158 93 113 0 
102 27 166 96 123 0 
103 30 169 109 141 0 
104 28 181 110 136 0 
105 38 189 111 151 2 
106 42 203 118 152 1 
107 53 209 118 137 1 
108 46 203 123 152 2 
109 49 227 129 152 2 
110 36 234 138 171 2 
111 38 234 151 175 5 
112 43 247 150 212 4 
113 48 265 156 213 5 
114 53 299 163 220 8 
115 63 317 175 217 12 
116 66 336 169 218 12 
117 75 354 186 221 15 
118 75 395 177 247 19 
119 96 400 198 265 23 
120 85 428 196 280 26 
121 96 448 215 293 18 
122 110 457 232 290 19 
123 103 487 265 287 22 
124 105 496 286 299 21 
125 119 514 279 303 25 
126 135 564 266 285 22 
127 137 576 299 299 24 
128 149 600 329 305 28 
129 144 614 348 335 35 
130 138 678 358 367 33 
131 163 705 366 419 36 
132 185 754 379 452 42 
133 203 780 401 474 47 
134 205 834 400 526 51 
135 201 911 421 536 54 
136 230 965 447 550 50 
137 211 1041 469 616 54 
138 224 1112 493 661 71 
139 250 1183 541 708 73 
140 259 1214 583 732 68 
141 265 1318 616 759 76 
142 299 1378 660 775 81 
143 288 1473 696 833 92 
144 296 1570 721 904 97 
145 318 1632 762 964 120 
146 342 1766 802 1037 132 
147 403 1842 823 1047 131 
148 398 1943 859 1107 142 
149 416 1966 896 1176 149 
150 431 2029 930 1209 146 
151 436 2178 924 1293 150 
152 456 2327 970 1380 160 
153 463 2471 1023 1449 154 
154 484 2637 1086 1518 149 
155 502 2784 1182 1592 141 
156 537 2903 1229 1700 152 
157 578 2989 1256 1733 177 
158 601 3135 1280 1776 167 
159 616 3391 1368 1844 179 
160 629 3532 1521 2003 184 
161 669 3643 1581 2140 184 
162 737 3881 1690 2157 203 
163 766 3942 1741 2260 215 
164 809 4154 1904 2356 225 
165 835 4297 1977 2433 233 
166 881 4422 2151 2556 240 
167 916 4568 2246 2724 261 
168 977 4767 2371 2734 291 
169 1012 4967 2473 2831 301 
170 1092 5268 2582 2968 312 
171 1102 5563 2750 3134 355 
172 1113 5701 2932 3309 354 
173 1167 5921 3130 3480 382 
174 1228 6043 3297 3612 413 
175 1281 6242 3458 3776 437 
176 1344 6444 3621 3993 451 
177 1420 6736 3795 4308 483 
178 1507 6990 3993 4518 514 
179 1511 7247 4184 4664 546 
180 1569 7401 4331 4803 575 
181 1664 7545 4571 5002 630 
182 1684 7755 4720 5262 666 
183 1841 7858 4890 5416 679 
184 1853 8023 5170 5642 716 
185 1918 8177 5338 5772 743 
186 1998 8496 5548 5973 793 
187 2139 8769 5817 6241 792 
188 2256 8915 6047 6399 825 
189 2284 9252 6272 6548 875 
190 2330 9388 6539 6684 950 
191 2395 9518 6914 7018 980 
192 2515 9864 7136 7384 1025 
193 2543 10242 7356 7649 1101 
194 2648 10502 7664 7876 1161 
195 2733 10647 7924 8097 1207 
196 2816 10818 8156 8430 1266 
197 2888 10991 8592 8677 1257 
198 2893 11154 8857 8905 1344 
199 2964 11245 9154 9309 1353 
200 3102 11449 9622 9600 1430 
201 3311 11722 9752 9854 1524 
202 3369 11882 10074 10057 1585 
203 3531 12118 10367 10320 1659 
204 3564 12168 10714 10560 1700 
205 3626 12191 11060 10853 1781 
206 3800 12292 11322 11082 1824 
207 3901 12408 11652 11588 1897 
208 4016 12347 12004 11909 2015 
209 3981 12437 12414 12242 2039 
210 4050 12310 12759 12441 2117 
211 4128 12308 12939 12825 2179 
212 4292 12359 13138 12962 2275 
213 4424 12438 13334 13172 2374 
214 4404 12418 13860 13375 2378 
215 4574 12396 14011 13756 2477 
216 4654 12361 14265 13969 2481 
217 4671 12337 14419 14331 2579 
218 4707 12313 14657 14562 2608 
219 4785 12064 14832 14713 2661 
220 4823 12048 14963 14809 2722 
221 4852 11922 15216 14823 2750 
222 4886 11788 15324 14977 2758 
223 4956 11681 15410 14898 2853 
224 4996 11414 15525 14965 2885 
225 4875 11265 15681 15227 2905 
226 4894 10965 15765 15338 2954 
227 4911 10773 15908 15338 3047 
228 4965 10579 15907 15479 3050 
229 4822 10404 15829 15415 3028 
230 4767 10312 15966 15334 3048 
231 4743 10154 16006 15381 3084 
232 4746 9897 15925 15327 2992 
233 4861 9671 15739 15128 2991 
234 4748 9577 15630 15095 2964 
235 4646 9330 15544 15170 2977 
236 4705 9253 15616 15188 3008 
237 4643 8980 15391 15035 3063 
238 4673 8944 15376 14935 3061 
239 4673 8756 15140 14755 3018 
240 4694 8584 14892 14595 2984 
241 4649 8406 14709 14320 3011 
242 4637 8249 14610 14121 2971 
243 4565 7979 14517 13943 2896 
244 4563 7771 14282 13607 2827 
245 4466 7468 14270 13421 2828 
246 4442 7156 14037 13149 2792 
247 4293 6858 13962 12754 2783 
248 4203 6658 13701 12637 2773 
249 4120 6415 13601 12473 2719 
250 3915 6152 13363 12384 2651 
251 3904 5988 13020 12093 2559 
252 3896 5931 12661 11717 2516 
253 3723 5671 12529 11595 2486 
254 3673 5494 12250 11467 2409 
255 3603 5368 11964 11118 2378 
256 3559 5208 11841 10818 2298 
257 3497 5019 11611 10464 2290 
258 3456 4881 11157 10248 2287 
259 3438 4627 10931 9942 2182 
260 3432 4420 10588 9829 2151 
261 3303 4368 10379 9569 2093 
262 3221 4128 10151 9288 2040 
263 3090 3952 9839 8983 2006 
264 3037 3842 9671 8668 1917 
265 2953 3732 9279 8378 1825 
266 2853 3577 9220 8010 1755 
267 2793 3457 8957 7800 1751 
268 2748 3332 8769 7562 1699 
269 2600 3254 8576 7238 1643 
270 2486 3035 8353 7026 1582 
271 2379 2900 8035 6707 1497 
272 2253 2820 7801 6492 1496 
273 2230 2736 7495 6229 1464 
274 2118 2638 7200 6159 1451 
275 2056 2477 7038 6008 1389 
276 1964 2443 6825 5818 1341 
277 1920 2366 6546 5648 1332 
278 1824 2282 6227 5442 1321 
279 1731 2215 5922 5229 1261 
280 1681 2086 5713 5070 1180 
281 1622 1997 5424 4887 1127 
282 1582 1884 5208 4671 1073 
283 1609 1780 5061 4362 1057 
284 1517 1743 4921 4186 1000 
285 1469 1673 4681 4088 989 
286 1422 1650 4514 3996 955 
287 1376 1580 4240 3809 932 
288 1333 1526 4060 3645 878 
289 1303 1508 3914 3498 826 
290 1177 1481 3865 3349 781 
291 1145 1385 3785 3182 763 
292 1105 1357 3597 3109 699 
293 1078 1264 3403 3008 683 
294 1020 1256 3296 2891 646 
295 984 1185 3165 2734 607 
296 967 1168 3041 2637 585 
297 924 1114 3023 2506 573 
298 888 1061 2977 2395 542 
299 860 1017 2911 2320 487 
300 855 1015 2724 2226 478 
301 830 983 2605 2187 441 
302 794 963 2518 2054 440 
303 794 870 2415 1947 444 
304 750 816 2292 1813 439 
305 714 806 2263 1699 448 
306 683 781 2091 1645 395 
307 646 725 2051 1582 394 
308 614 686 1949 1520 380 
309 573 660 1920 1469 391 
310 560 646 1821 1394 394 
311 533 630 1703 1367 383 
312 531 595 1658 1322 352 
313 478 565 1568 1261 327 
314 471 516 1492 1204 297 
315 443 502 1432 1139 268 
316 446 497 1317 1091 244 
317 422 499 1199 1048 255 
318 425 477 1197 1016 264 
319 415 480 1131 947 251 
320 398 428 1137 879 235 
321 375 421 1068 840 243 
322 355 400 1040 794 244 
323 318 367 993 752 239 
324 295 378 971 706 212 
325 296 369 929 681 202 
326 260 335 910 665 194 
327 263 346 884 626 184 
328 234 322 816 601 171 
329 237 321 747 637 159 
330 226 313 732 601 130 
331 211 291 707 564 120 
332 216 276 654 542 117 
333 194 262 635 509 102 
334 178 224 616 511 98 
335 169 209 601 471 95 
336 156 206 551 467 86 
337 149 198 507 451 82 
338 141 183 475 415 80 
339 127 170 452 378 76 
340 135 173 438 352 87 
341 122 161 396 352 83 
342 120 163 354 341 80 
343 121 156 347 333 76 
344 111 151 333 291 71 
345 108 148 314 319 69 
346 99 148 329 313 68 
347 100 128 295 320 66 
348 93 110 291 298 63 
349 82 108 261 293 71 
350 75 107 262 288 65 
351 67 106 243 276 58 
352 63 91 230 268 58 
353 57 95 222 250 58 
354 58 80 196 240 63 
355 60 83 183 234 58 
356 47 69 182 212 55 
357 39 57 167 208 50 
358 38 58 137 190 48 
359 34 55 125 175 45 
360 38 66 121 174 49 
361 25 67 140 147 52 
362 26 76 120 138 46 
363 27 69 128 128 46 
364 26 60 129 114 42 
365 32 49 118 108 37 
366 32 46 118 98 27 
367 28 48 112 93 18 
368 29 45 106 76 13 
369 31 38 108 74 12 
370 27 39 102 73 13 
371 22 42 85 73 15 
372 29 43 83 70 15 
373 27 38 86 57 24 
374 27 33 88 53 26 
375 17 29 88 52 26 
376 18 19 85 61 20 
377 15 14 79 49 19 
378 11 10 71 50 20 
379 13 11 78 40 20 
380 6 10 65 43 21 
381 11 9 55 39 18 
382 6 5 51 36 20 
383 9 7 54 30 16 
384 8 8 48 26 20 
385 5 5 48 30 21 
386 1 9 41 36 24 
387 1 10 38 28 26 
388 3 9 36 26 21 
389 2 9 35 25 23 
390 2 8 38 28 22 
391 5 8 33 26 22 
392 5 6 31 29 20 
393 5 7 29 22 21 
394 6 6 30 19 30 
395 4 9 23 13 32 
396 4 11 26 10 36 
397 3 12 26 8 40 
398 4 12 22 8 43 
399 5 12 24 7 39 
400 4 10 19 7 36 
401 7 13 11 7 38 
402 8 12 13 12 34 
403 9 9 16 9 29 
404 8 8 13 11 22 
405 8 7 15 7 20 
406 11 5 15 9 22 
407 13 8 16 10 21 
408 13 8 22 10 17 
409 13 11 20 6 21 
410 12 8 22 6 17 
411 14 4 21 8 12 
412 13 3 17 10 9 
413 13 3 16 15 6 
414 8 2 17 9 4 
415 6 1 16 7 5 
416 6 1 14 5 4 
417 6 2 12 3 6 
418 2 2 11 2 8 
419 3 2 12 3 7 
420 3 1 7 7 5 
421 2 1 8 10 5 
422 2 2 6 5 4 
423 1 2 7 6 4 
424 1 1 10 4 3 
425 1 1 9 0 3 
426 1 1 9 0 3 
427 2 1 8 0 1 
428 3 1 6 1 0 
429 3 0 5 1 0 
430 0 0 5 1 0 
431 0 0 4 1 0 
432 0 0 5 1 0 
433 0 0 4 1 0 
434 0 0 3 1 0 
435 0 0 3 0 0 
436 0 0 2 0 0 
437 0 0 2 0 0 
438 0 0 2 0 0 
439 0 0 2 0 0 
440 0 0 2 0 0 
441 0 0 2 0 0 
442 0 0 1 0 0 
443 0 0 1 0 0 
444 0 0 1 0 0 
445 0 0 1 0 0 
446 0 0 0 0 0 
