1 0 6 0 0 0 
2 0 3 2 2 0 
3 0 7 0 3 0 
4 0 6 1 2 0 
5 1 3 1 3 0 
6 0 4 1 8 0 
7 0 3 1 8 0 
8 0 11 2 5 1 
9 1 9 1 10 0 
10 0 7 1 6 0 
11 1 10 1 1 0 
12 2 6 1 7 0 
13 0 1 0 5 0 
14 2 6 0 6 0 
15 1 2 0 6 0 
16 0 5 1 7 0 
17 1 5 1 9 0 
18 1 6 0 14 0 
19 0 5 3 15 0 
20 2 7 4 6 3 
21 0 3 0 11 2 
22 1 6 7 6 4 
23 1 2 5 11 3 
24 2 4 0 13 3 
25 1 12 2 19 5 
26 4 3 6 14 3 
27 4 6 6 13 3 
28 2 7 5 15 1 
29 4 10 6 18 2 
30 1 12 4 13 2 
31 2 10 3 19 1 
32 1 10 1 18 2 
33 1 9 5 14 0 
34 3 10 4 19 2 
35 1 9 2 17 4 
36 1 9 7 25 9 
37 0 18 4 21 6 
38 4 14 8 18 3 
39 1 11 6 15 5 
40 3 10 7 20 5 
41 5 14 11 23 3 
42 7 10 6 24 1 
43 2 14 5 29 4 
44 2 20 10 31 5 
45 6 14 11 24 2 
46 0 16 14 29 3 
47 3 25 19 28 5 
48 9 12 17 27 2 
49 0 12 12 28 7 
50 5 16 16 24 4 
51 3 21 23 26 6 
52 2 16 20 28 6 
53 5 31 29 32 4 
54 4 37 38 21 4 
55 11 30 31 20 7 
56 10 37 25 25 4 
57 10 43 44 27 6 
58 6 36 46 35 7 
59 15 41 45 32 8 
60 13 44 50 41 8 
61 11 41 59 31 9 
62 16 47 56 34 8 
63 19 59 57 27 7 
64 14 66 60 36 12 
65 18 54 68 61 10 
66 17 56 63 44 16 
67 15 56 72 48 6 
68 17 59 72 59 13 
69 18 46 61 66 11 
70 20 74 81 77 13 
71 24 71 95 57 21 
72 16 67 78 76 19 
73 26 85 99 78 23 
74 23 68 106 84 25 
75 23 75 113 100 28 
76 32 69 101 100 20 
77 29 82 87 95 16 
78 20 104 104 112 22 
79 27 103 104 106 20 
80 37 107 88 119 26 
81 31 104 110 112 25 
82 21 127 117 126 26 
83 38 149 109 138 21 
84 43 122 122 138 25 
85 39 141 126 141 21 
86 43 129 134 149 40 
87 48 155 130 162 31 
88 48 169 164 170 29 
89 55 174 158 173 28 
90 57 196 175 172 29 
91 70 184 173 195 30 
92 64 239 201 178 25 
93 69 194 199 181 29 
94 71 216 218 211 34 
95 55 211 201 238 42 
96 73 229 244 219 42 
97 74 232 239 263 28 
98 79 264 245 246 38 
99 88 244 276 267 45 
100 79 274 262 262 47 
101 96 304 322 276 60 
102 102 318 308 289 49 
103 88 333 343 297 51 
104 98 346 345 313 65 
105 106 395 319 320 62 
106 125 404 347 336 81 
107 139 435 399 349 78 
108 113 451 390 409 66 
109 135 511 410 387 67 
110 144 545 407 447 83 
111 153 589 458 465 89 
112 183 629 484 479 84 
113 168 628 445 510 98 
114 181 699 490 554 95 
115 212 687 522 524 97 
116 215 739 524 611 106 
117 201 809 540 606 121 
118 210 877 560 690 123 
119 234 897 586 716 150 
120 233 951 548 746 133 
121 278 981 639 744 167 
122 289 1096 602 752 165 
123 289 1061 698 888 149 
124 297 1151 718 861 133 
125 305 1236 738 1003 156 
126 344 1303 811 1005 185 
127 392 1270 812 1042 195 
128 344 1437 881 1086 229 
129 386 1511 907 1101 188 
130 365 1577 946 1183 196 
131 374 1605 1005 1288 241 
132 394 1782 1052 1322 224 
133 428 1869 1072 1321 235 
134 428 1834 1133 1432 209 
135 463 1910 1157 1392 225 
136 441 2001 1210 1522 213 
137 464 2098 1280 1526 243 
138 513 2138 1371 1577 272 
139 551 2186 1349 1681 230 
140 566 2382 1513 1821 251 
141 599 2430 1483 1773 248 
142 611 2432 1560 1954 268 
143 601 2557 1653 2019 265 
144 619 2649 1711 2037 265 
145 676 2667 1849 2151 278 
146 702 2828 1886 2204 302 
147 717 2933 1900 2249 300 
148 769 3018 2143 2367 307 
149 798 3083 2109 2444 332 
150 852 3063 2235 2442 363 
151 830 3173 2301 2533 350 
152 864 3342 2301 2597 375 
153 861 3449 2440 2610 393 
154 924 3422 2541 2720 403 
155 953 3630 2624 2841 414 
156 1014 3718 2666 2844 449 
157 1048 3829 2706 2987 466 
158 1062 3830 2933 3133 474 
159 1132 3937 3077 3226 479 
160 1112 3926 3139 3390 517 
161 1160 4054 3164 3310 549 
162 1158 4003 3286 3484 534 
163 1235 4055 3396 3666 522 
164 1245 4108 3614 3487 592 
165 1286 4123 3717 3690 601 
166 1381 4257 3824 3800 622 
167 1325 4204 3749 3826 632 
168 1357 4139 3945 3942 648 
169 1416 4296 3997 4062 687 
170 1395 4237 4222 4162 731 
171 1386 4427 4220 4166 750 
172 1460 4484 4252 4232 772 
173 1444 4312 4289 4375 788 
174 1441 4258 4437 4516 819 
175 1475 4199 4486 4583 805 
176 1497 4199 4564 4568 851 
177 1559 4306 4647 4700 900 
178 1468 4126 4639 4714 881 
179 1548 4054 4545 4796 921 
180 1560 4029 4687 4781 907 
181 1609 4135 4881 4890 905 
182 1627 4038 4815 4920 896 
183 1649 3937 4945 5042 952 
184 1644 3956 4999 5167 937 
185 1648 3840 4985 5042 933 
186 1646 3738 5030 4941 1031 
187 1722 3739 4916 5125 964 
188 1675 3583 5072 5095 931 
189 1667 3546 4925 5251 924 
190 1608 3469 5030 5108 1018 
191 1673 3492 5114 5075 982 
192 1696 3339 4904 5100 1053 
193 1697 3416 4976 5137 966 
194 1641 3245 5100 5104 1023 
195 1679 3223 4955 4994 1050 
196 1577 3165 5026 4917 1039 
197 1600 3178 4956 4862 1050 
198 1546 2942 4928 4813 1021 
199 1593 2961 4959 4712 1042 
200 1598 2880 4977 4680 985 
201 1584 2798 4780 4673 991 
202 1620 2626 4851 4542 943 
203 1568 2639 4781 4400 912 
204 1462 2550 4605 4354 950 
205 1456 2475 4684 4395 947 
206 1403 2408 4543 4328 949 
207 1417 2372 4371 4267 905 
208 1408 2291 4436 4218 940 
209 1410 2287 4260 4209 912 
210 1384 2185 4227 4048 871 
211 1377 2117 4090 3900 859 
212 1251 2034 4074 3784 862 
213 1254 1915 4018 3611 874 
214 1204 1819 3954 3643 819 
215 1218 1855 3739 3529 850 
216 1162 1806 3746 3441 768 
217 1095 1880 3629 3346 785 
218 1107 1702 3456 3265 768 
219 1141 1660 3508 3206 791 
220 1051 1608 3389 3093 703 
221 1018 1490 3286 3005 735 
222 1007 1487 3286 2983 693 
223 1009 1402 3219 2859 612 
224 960 1412 3090 2756 632 
225 936 1342 2916 2729 619 
226 939 1259 2712 2657 579 
227 824 1225 2814 2502 620 
228 884 1174 2760 2370 585 
229 862 1158 2545 2273 533 
230 816 1105 2562 2293 561 
231 773 1042 2372 2106 521 
232 705 1005 2242 2007 506 
233 714 989 2187 1998 507 
234 704 957 2170 1899 516 
235 706 963 2083 1857 468 
236 671 894 2022 1788 468 
237 623 836 1946 1708 452 
238 616 789 1959 1703 439 
239 587 742 1819 1561 439 
240 546 769 1767 1573 386 
241 523 707 1672 1468 379 
242 518 662 1560 1433 352 
243 520 674 1422 1411 350 
244 455 636 1474 1419 339 
245 464 588 1455 1295 343 
246 426 557 1331 1266 286 
247 427 539 1282 1204 318 
248 405 527 1288 1170 307 
249 375 515 1231 1049 275 
250 340 468 1163 1046 274 
251 388 464 1080 940 247 
252 333 453 999 910 265 
253 342 436 946 922 253 
254 314 379 945 894 259 
255 336 380 927 846 254 
256 270 344 865 785 208 
257 292 370 839 794 206 
258 284 349 792 755 191 
259 293 368 763 683 200 
260 259 305 769 626 158 
261 237 293 757 608 161 
262 218 304 710 588 145 
263 218 290 654 590 134 
264 224 276 643 513 136 
265 216 267 617 520 122 
266 194 256 601 483 137 
267 176 255 583 469 132 
268 168 268 584 417 103 
269 154 253 532 404 118 
270 166 247 510 425 97 
271 156 223 431 427 97 
272 158 230 451 390 92 
273 166 223 418 374 103 
274 149 225 430 313 81 
275 139 198 413 329 100 
276 106 169 394 320 81 
277 128 182 378 306 65 
278 124 157 351 248 63 
279 105 148 344 265 58 
280 117 144 342 228 53 
281 112 135 316 223 55 
282 102 139 287 231 51 
283 83 109 280 261 72 
284 99 108 272 207 56 
285 87 108 286 218 48 
286 84 100 243 225 56 
287 78 79 255 197 51 
288 71 69 256 156 56 
289 79 81 234 167 45 
290 76 66 196 164 41 
291 56 55 224 158 53 
292 38 66 240 137 49 
293 68 66 186 163 47 
294 49 45 179 137 49 
295 50 49 207 123 50 
296 59 45 189 127 34 
297 61 47 209 102 38 
298 46 51 190 95 39 
299 40 39 153 107 31 
300 46 32 164 118 39 
301 33 27 139 117 29 
302 44 38 148 108 36 
303 39 39 137 105 32 
304 36 20 116 92 38 
305 30 22 115 81 34 
306 26 22 121 87 23 
307 34 22 115 88 35 
308 19 31 92 73 24 
309 24 28 87 70 18 
310 24 14 78 65 17 
311 26 25 87 71 18 
312 16 13 84 56 14 
313 18 28 91 63 18 
314 19 35 74 68 19 
315 17 32 62 63 14 
316 13 19 64 64 15 
317 16 23 63 57 13 
318 12 22 38 57 14 
319 16 18 55 45 16 
320 19 21 54 42 11 
321 7 23 52 47 13 
322 12 22 49 50 10 
323 18 14 40 50 8 
324 8 10 53 42 10 
325 18 14 47 39 11 
326 14 12 46 43 15 
327 14 13 43 33 14 
328 9 8 30 44 4 
329 11 14 49 40 6 
330 13 4 34 33 6 
331 8 11 37 36 8 
332 8 15 35 29 8 
333 11 10 34 27 3 
334 8 3 16 18 3 
335 6 4 21 29 2 
336 3 9 18 20 7 
337 11 6 27 22 2 
338 10 8 23 19 4 
339 6 5 23 22 4 
340 3 5 19 13 6 
341 5 2 24 15 3 
342 5 2 21 18 2 
343 6 8 23 12 0 
344 6 3 14 17 0 
345 5 2 19 11 0 
346 7 3 19 9 1 
347 5 2 17 17 1 
348 6 6 17 12 2 
349 5 4 10 12 2 
350 3 2 20 13 1 
351 6 2 14 5 0 
352 7 1 17 10 2 
353 4 1 21 5 0 
354 2 1 17 16 0 
355 5 3 13 6 1 
356 1 5 10 10 2 
357 3 5 18 7 0 
358 3 3 14 12 1 
359 4 5 14 5 1 
360 6 1 11 6 2 
361 6 7 11 8 1 
362 4 2 8 8 1 
363 0 2 14 11 4 
364 7 9 4 9 2 
365 1 6 8 4 1 
366 3 2 4 7 3 
367 4 6 4 3 1 
368 2 2 6 5 2 
369 1 3 1 4 2 
370 1 2 5 6 1 
371 2 2 1 5 0 
372 2 3 3 5 1 
373 3 0 3 8 2 
374 2 3 6 3 3 
375 0 2 1 3 0 
376 3 5 0 1 2 
377 2 2 4 2 1 
378 2 6 1 5 0 
379 2 5 0 7 0 
380 2 5 1 3 0 
381 1 9 2 2 0 
382 1 6 1 5 0 
383 0 0 0 6 0 
384 1 3 2 4 0 
385 1 5 0 3 0 
386 1 4 2 3 0 
387 0 2 0 0 0 
388 1 2 2 1 0 
389 0 6 0 1 0 
390 0 3 1 2 0 
391 0 1 1 2 0 
392 0 1 1 3 0 
393 0 4 0 2 0 
394 0 1 0 3 0 
395 0 1 0 0 1 
396 0 0 0 1 0 
397 0 3 0 1 0 
398 0 2 0 0 0 
399 0 0 0 0 2 
400 0 3 0 0 1 
401 0 4 0 0 0 
402 0 3 0 0 0 
403 1 3 0 0 0 
404 0 0 0 0 0 
405 0 0 0 0 0 
406 0 0 0 0 0 
407 0 3 0 0 0 
408 0 2 0 1 0 
409 0 2 0 0 0 
410 0 2 0 1 0 
411 0 2 0 0 0 
412 0 1 0 0 0 
413 0 0 0 0 0 
414 0 2 0 0 0 
415 1 2 0 0 0 
416 0 0 0 0 0 
417 0 0 0 0 0 
418 0 1 0 0 0 
419 0 1 0 0 0 
420 0 0 0 0 0 
421 0 0 0 0 0 
422 0 0 0 0 0 
423 0 0 0 0 0 
424 0 0 0 0 0 
425 0 0 0 0 0 
