1 0 3 0 0 0 
2 0 2 0 0 0 
3 0 9 0 1 0 
4 0 6 0 1 0 
5 0 4 1 0 0 
6 0 4 1 0 0 
7 0 6 0 1 0 
8 2 3 0 1 0 
9 1 5 0 0 0 
10 2 11 1 0 0 
11 4 9 0 0 0 
12 0 2 0 0 0 
13 0 5 0 0 0 
14 0 4 1 0 0 
15 1 6 0 1 0 
16 0 6 1 0 0 
17 1 4 2 2 0 
18 0 4 2 0 0 
19 1 8 2 0 0 
20 1 3 1 0 0 
21 0 2 0 0 0 
22 0 2 1 0 0 
23 0 6 3 0 0 
24 1 5 3 0 0 
25 1 7 2 0 0 
26 1 7 1 1 0 
27 2 6 2 1 1 
28 1 15 5 0 0 
29 0 11 4 0 0 
30 0 10 3 0 1 
31 0 11 3 2 1 
32 1 10 3 1 0 
33 3 9 8 0 0 
34 3 8 4 2 0 
35 1 10 9 0 0 
36 4 8 4 2 0 
37 2 2 4 1 0 
38 1 6 2 0 0 
39 2 4 0 0 0 
40 2 7 1 0 2 
41 2 3 2 1 1 
42 2 6 2 2 0 
43 0 3 1 5 0 
44 1 6 1 5 2 
45 0 3 1 3 0 
46 3 7 7 4 2 
47 2 6 5 0 0 
48 1 11 6 0 1 
49 3 3 3 3 2 
50 5 3 8 2 1 
51 1 6 4 3 2 
52 1 5 3 1 3 
53 1 7 4 3 4 
54 2 5 8 1 2 
55 4 4 10 1 1 
56 4 5 5 2 3 
57 2 3 11 3 5 
58 3 4 11 3 4 
59 1 6 6 1 5 
60 3 8 10 1 5 
61 3 5 9 0 4 
62 2 10 11 2 8 
63 2 4 18 1 12 
64 1 8 10 2 9 
65 5 3 15 0 4 
66 3 7 15 1 8 
67 4 6 9 6 4 
68 2 9 9 5 2 
69 9 9 12 6 8 
70 6 9 12 5 5 
71 1 8 17 10 5 
72 7 8 17 7 10 
73 8 8 16 7 4 
74 6 3 11 14 4 
75 6 7 11 10 6 
76 14 8 10 12 7 
77 5 9 14 18 2 
78 6 9 15 18 3 
79 8 7 17 20 4 
80 10 15 13 25 4 
81 12 14 26 18 7 
82 6 10 22 17 4 
83 16 18 23 17 6 
84 11 16 20 16 6 
85 16 21 37 28 9 
86 9 24 35 20 2 
87 17 19 39 29 5 
88 8 21 42 29 5 
89 9 24 39 28 7 
90 14 28 42 24 8 
91 15 23 39 30 9 
92 16 29 54 33 7 
93 8 21 38 34 9 
94 19 28 50 33 13 
95 11 41 61 37 8 
96 14 38 50 37 11 
97 15 48 54 32 10 
98 13 52 59 29 14 
99 10 34 53 35 18 
100 18 46 64 29 19 
101 23 57 62 35 21 
102 21 51 74 37 30 
103 17 47 75 37 22 
104 12 53 69 37 27 
105 24 57 73 44 26 
106 21 71 73 54 29 
107 33 87 83 56 39 
108 18 81 65 54 43 
109 14 83 83 52 23 
110 24 96 71 65 40 
111 28 99 83 44 31 
112 20 94 93 58 35 
113 19 111 84 56 28 
114 15 109 103 78 23 
115 22 117 124 74 33 
116 27 137 97 67 30 
117 25 129 102 92 26 
118 26 142 132 105 37 
119 34 142 118 92 20 
120 30 150 114 114 12 
121 47 158 129 120 22 
122 36 168 126 124 15 
123 39 182 124 145 22 
124 50 222 117 153 29 
125 42 206 143 150 33 
126 61 202 168 136 29 
127 56 214 160 174 27 
128 62 204 150 165 23 
129 62 221 166 188 34 
130 70 276 165 195 31 
131 69 272 211 183 40 
132 62 253 204 225 29 
133 59 257 206 241 31 
134 62 280 230 239 31 
135 89 292 223 215 31 
136 82 322 270 277 34 
137 77 330 244 257 47 
138 98 376 252 274 45 
139 75 443 257 272 46 
140 100 414 286 274 52 
141 117 471 293 310 43 
142 125 437 286 336 42 
143 128 505 332 363 66 
144 132 555 330 383 52 
145 147 569 333 399 49 
146 148 646 360 422 62 
147 148 679 354 402 56 
148 146 639 348 431 62 
149 160 654 380 471 79 
150 162 722 417 548 80 
151 183 720 461 535 85 
152 202 786 487 559 76 
153 175 833 474 521 88 
154 183 827 541 563 90 
155 200 914 531 595 118 
156 215 951 624 640 118 
157 249 1027 604 698 133 
158 242 1073 638 681 127 
159 258 1035 678 791 143 
160 285 1107 730 823 135 
161 292 1177 782 868 139 
162 280 1254 730 906 137 
163 311 1318 838 908 156 
164 334 1406 850 1000 158 
165 338 1439 947 1049 152 
166 358 1533 1007 1046 177 
167 353 1536 994 1092 198 
168 398 1559 1131 1153 213 
169 440 1701 1138 1141 224 
170 461 1708 1160 1263 243 
171 453 1902 1253 1316 236 
172 466 1926 1303 1350 237 
173 467 2010 1408 1431 275 
174 511 2057 1418 1510 276 
175 499 2121 1523 1614 305 
176 533 2156 1509 1703 284 
177 557 2280 1645 1786 306 
178 568 2369 1705 1827 322 
179 603 2474 1716 1870 327 
180 644 2523 1887 2030 331 
181 658 2641 1959 2074 355 
182 631 2705 1944 2102 371 
183 661 2768 2065 2239 348 
184 719 2963 2190 2308 377 
185 765 2938 2343 2511 376 
186 808 3026 2344 2505 377 
187 885 3144 2444 2567 409 
188 890 3315 2550 2711 441 
189 951 3337 2726 2806 424 
190 1007 3399 2824 2955 447 
191 1076 3484 2892 3111 488 
192 1116 3541 2946 3316 498 
193 1093 3711 3053 3335 508 
194 1209 3792 3034 3440 571 
195 1190 3933 3201 3391 564 
196 1190 3937 3236 3677 585 
197 1291 3931 3409 3651 602 
198 1214 4056 3585 3777 625 
199 1316 4196 3602 3980 659 
200 1382 4192 3767 3996 633 
201 1378 4213 3780 4060 689 
202 1366 4390 3913 4108 662 
203 1411 4485 4017 4238 657 
204 1437 4375 4135 4403 743 
205 1536 4373 4257 4378 766 
206 1512 4512 4246 4533 762 
207 1505 4573 4374 4704 799 
208 1561 4397 4576 4738 860 
209 1554 4378 4684 4759 845 
210 1549 4437 4693 4710 871 
211 1598 4479 4716 4803 823 
212 1571 4366 4843 4920 854 
213 1614 4491 4947 5018 936 
214 1635 4313 5065 5067 901 
215 1729 4273 5062 5121 884 
216 1722 4271 5116 5078 879 
217 1762 4348 5248 5173 852 
218 1752 4156 5118 5099 910 
219 1702 4136 5135 5214 908 
220 1818 4103 5346 5354 950 
221 1814 4058 5283 5324 977 
222 1735 4018 5355 5432 968 
223 1787 3897 5260 5258 991 
224 1743 3794 5280 5288 946 
225 1793 3919 5264 5432 1020 
226 1782 3636 5156 5224 944 
227 1829 3671 5191 5078 1002 
228 1728 3657 5249 5091 925 
229 1733 3408 5275 5076 983 
230 1714 3363 5253 4993 1059 
231 1624 3294 5171 4998 987 
232 1691 3197 5107 5009 1062 
233 1679 3049 5070 4787 946 
234 1645 3131 5086 4893 983 
235 1616 3008 4994 4833 953 
236 1584 2903 4864 4703 939 
237 1544 2863 4844 4586 877 
238 1543 2786 4791 4463 870 
239 1458 2653 4627 4413 863 
240 1436 2619 4553 4277 896 
241 1396 2441 4453 4370 858 
242 1419 2426 4355 4112 794 
243 1394 2314 4350 4100 818 
244 1379 2157 4207 3953 845 
245 1344 2151 4061 3969 802 
246 1257 2060 3927 3806 756 
247 1286 2051 3769 3868 746 
248 1235 1928 3806 3767 708 
249 1244 1824 3720 3676 700 
250 1168 1704 3674 3608 706 
251 1123 1632 3465 3543 731 
252 1093 1674 3412 3390 697 
253 1139 1645 3425 3294 674 
254 1059 1458 3337 3187 640 
255 1051 1525 3258 3055 671 
256 983 1412 3255 3057 627 
257 1000 1357 3058 2914 585 
258 960 1400 3111 2882 590 
259 937 1312 2948 2628 571 
260 944 1228 2800 2750 588 
261 886 1253 2712 2596 552 
262 804 1160 2575 2550 542 
263 812 1115 2463 2370 504 
264 801 1070 2375 2267 488 
265 780 1093 2309 2150 464 
266 741 946 2189 2010 455 
267 676 967 2114 2026 470 
268 726 913 2030 1896 435 
269 616 872 1959 1851 437 
270 595 846 1972 1695 391 
271 590 793 1885 1667 354 
272 561 783 1816 1588 389 
273 576 739 1724 1569 389 
274 528 726 1636 1471 386 
275 481 663 1636 1371 331 
276 498 641 1587 1361 322 
277 506 641 1572 1330 279 
278 535 573 1512 1285 273 
279 447 586 1385 1262 266 
280 446 603 1357 1208 233 
281 407 569 1310 1161 258 
282 359 527 1301 1127 241 
283 409 491 1187 1026 199 
284 377 505 1175 1023 209 
285 348 499 1050 1067 193 
286 322 436 1106 950 191 
287 292 408 1014 964 189 
288 302 461 1014 943 179 
289 309 422 950 935 183 
290 316 400 900 838 168 
291 320 385 894 885 158 
292 290 330 875 805 165 
293 230 349 774 904 156 
294 256 312 760 802 165 
295 220 280 726 748 150 
296 222 275 696 708 146 
297 238 268 707 720 129 
298 198 257 640 682 149 
299 216 250 610 638 124 
300 168 219 591 642 137 
301 181 254 555 597 139 
302 179 224 543 636 131 
303 190 185 490 574 113 
304 162 215 494 526 94 
305 170 213 501 514 130 
306 163 202 492 500 92 
307 180 171 460 462 104 
308 175 196 454 461 124 
309 155 208 394 437 92 
310 139 164 389 379 99 
311 144 146 371 383 90 
312 137 147 368 358 82 
313 122 141 350 334 74 
314 116 137 344 340 66 
315 108 101 317 321 68 
316 110 120 313 331 58 
317 103 132 285 299 66 
318 106 108 296 280 55 
319 83 122 285 286 51 
320 70 103 255 272 62 
321 76 104 242 234 59 
322 92 102 256 239 49 
323 89 93 253 222 50 
324 68 92 243 225 39 
325 85 91 194 185 47 
326 81 102 209 196 45 
327 65 73 214 183 35 
328 70 98 215 190 35 
329 73 77 186 189 43 
330 66 91 179 152 30 
331 59 68 151 183 44 
332 39 53 137 159 41 
333 66 68 130 167 39 
334 51 82 145 139 35 
335 55 64 150 162 38 
336 46 58 146 141 47 
337 50 64 138 145 30 
338 40 55 122 157 32 
339 40 60 125 135 27 
340 46 78 106 120 38 
341 39 61 104 89 46 
342 36 42 117 115 27 
343 40 53 102 97 27 
344 34 53 85 90 25 
345 29 34 68 90 26 
346 30 36 96 76 29 
347 35 36 83 75 24 
348 24 26 70 84 15 
349 25 24 77 59 13 
350 20 31 77 83 12 
351 30 14 82 66 8 
352 31 24 79 54 7 
353 23 26 70 62 5 
354 24 23 74 73 5 
355 17 20 76 53 8 
356 21 11 87 53 5 
357 25 23 71 43 11 
358 28 14 69 44 10 
359 22 17 61 52 3 
360 19 16 82 54 5 
361 23 13 64 33 3 
362 16 17 64 39 3 
363 13 14 65 33 3 
364 20 15 54 22 8 
365 17 18 63 31 9 
366 14 17 55 25 9 
367 19 14 37 23 7 
368 9 10 61 28 4 
369 14 9 40 16 3 
370 11 11 46 25 1 
371 16 7 46 23 2 
372 15 4 47 19 2 
373 15 11 55 18 0 
374 17 8 39 19 3 
375 13 6 33 12 3 
376 5 6 33 12 1 
377 12 2 25 5 4 
378 15 5 24 12 1 
379 9 8 27 14 1 
380 8 1 24 14 1 
381 13 7 15 15 4 
382 6 3 12 8 0 
383 9 3 13 9 0 
384 2 5 11 16 2 
385 3 2 14 3 0 
386 4 5 9 6 1 
387 3 4 13 9 0 
388 2 2 7 8 1 
389 2 1 5 3 1 
390 2 2 9 4 1 
391 3 7 6 5 3 
392 3 5 6 6 4 
393 1 7 6 3 1 
394 7 7 3 2 1 
395 5 7 3 4 3 
396 3 12 6 2 2 
397 4 1 6 3 4 
398 2 0 5 2 2 
399 2 1 10 4 2 
400 1 1 9 3 0 
401 3 5 10 2 0 
402 3 5 10 2 1 
403 3 3 15 1 0 
404 3 5 11 5 2 
405 0 3 14 3 3 
406 1 13 8 1 0 
407 1 5 11 2 2 
408 0 6 13 0 2 
409 0 7 9 3 1 
410 0 9 8 2 1 
411 1 5 2 3 1 
412 0 12 3 4 0 
413 0 8 4 1 1 
414 0 2 5 2 2 
415 0 1 6 1 1 
416 0 4 3 1 2 
417 0 2 4 3 1 
418 0 0 6 1 0 
419 0 6 4 0 1 
420 0 4 7 0 0 
421 0 3 7 4 0 
422 0 1 3 2 0 
423 0 3 3 1 0 
424 0 3 7 1 0 
425 1 2 3 0 0 
426 0 0 4 0 0 
427 0 1 6 0 0 
428 0 3 4 0 0 
429 0 3 1 0 0 
430 0 0 5 1 0 
431 0 6 2 0 0 
432 1 2 4 1 0 
433 2 2 3 0 0 
434 0 0 3 0 0 
435 2 5 2 0 0 
436 1 1 2 4 0 
437 0 0 1 1 0 
438 3 1 3 1 0 
439 1 1 2 2 0 
440 1 3 1 0 0 
441 0 0 1 0 0 
442 0 1 4 1 0 
443 0 0 3 1 0 
444 2 0 3 0 0 
445 0 1 0 0 0 
446 2 0 2 0 0 
447 0 1 1 0 0 
448 1 1 2 0 0 
449 0 0 0 0 0 
450 2 0 1 0 0 
451 2 0 2 0 0 
452 0 0 0 0 0 
453 0 0 3 0 0 
454 1 0 0 0 0 
455 0 0 3 0 0 
456 0 0 1 0 0 
457 3 0 1 0 0 
458 0 1 2 0 0 
459 1 0 0 1 0 
460 2 1 1 0 0 
461 0 0 1 0 0 
462 3 0 2 1 0 
463 1 0 0 1 0 
464 0 0 0 0 0 
465 0 0 0 0 0 
466 0 0 0 0 0 
467 0 0 0 0 0 
468 0 0 0 0 0 
469 0 0 0 0 0 
470 0 0 0 0 0 
471 0 0 1 0 0 
472 0 0 0 0 0 
473 0 0 0 1 0 
474 0 0 0 0 0 
