1 0 7 0 0 0 
2 0 12 0 0 0 
3 0 14 0 0 0 
4 0 16 0 0 0 
5 1 16 0 0 0 
6 1 13 0 0 0 
7 1 14 0 0 0 
8 2 18 0 0 0 
9 2 25 3 0 0 
10 2 22 4 0 0 
11 2 24 7 0 0 
12 2 32 7 0 0 
13 5 34 8 2 0 
14 5 42 10 4 0 
15 5 36 10 2 0 
16 10 35 8 6 1 
17 8 32 7 7 1 
18 10 35 7 6 1 
19 9 37 10 6 1 
20 10 23 15 8 3 
21 10 24 13 10 3 
22 4 27 19 9 3 
23 4 26 18 14 1 
24 3 25 20 18 0 
25 3 22 16 21 0 
26 4 26 16 21 0 
27 5 27 12 23 0 
28 4 21 8 25 0 
29 4 24 12 27 1 
30 3 29 12 26 2 
31 5 24 11 23 1 
32 6 26 13 21 3 
33 3 28 11 22 5 
34 2 27 9 26 3 
35 3 26 10 39 2 
36 2 22 11 36 0 
37 2 28 10 29 0 
38 4 28 11 27 0 
39 6 35 13 28 0 
40 9 46 15 24 0 
41 13 42 20 25 0 
42 14 35 17 27 0 
43 10 33 16 23 0 
44 9 27 16 22 0 
45 5 30 23 24 0 
46 7 29 23 26 0 
47 6 30 20 31 0 
48 7 28 22 27 0 
49 10 26 19 33 0 
50 10 26 25 29 0 
51 13 30 22 29 0 
52 16 31 23 29 0 
53 17 34 32 35 0 
54 19 38 24 42 0 
55 22 35 26 42 0 
56 22 36 25 40 0 
57 26 45 35 46 0 
58 26 48 40 56 0 
59 26 61 40 57 0 
60 28 72 35 76 0 
61 33 69 37 68 0 
62 24 66 48 56 2 
63 22 82 52 62 6 
64 21 81 60 75 5 
65 23 86 71 91 7 
66 23 87 74 90 4 
67 26 93 76 87 7 
68 34 98 75 87 8 
69 35 109 80 95 11 
70 35 127 97 99 15 
71 31 131 91 97 15 
72 34 133 115 96 15 
73 32 143 126 83 17 
74 35 147 118 80 15 
75 35 171 106 69 15 
76 35 177 109 65 14 
77 36 192 122 66 17 
78 34 193 120 72 24 
79 37 201 119 100 21 
80 35 231 131 127 26 
81 40 252 137 141 31 
82 50 251 156 140 35 
83 49 261 169 131 37 
84 56 264 199 133 38 
85 57 262 213 143 43 
86 57 281 243 169 41 
87 54 313 252 183 48 
88 61 331 279 190 57 
89 62 361 277 190 60 
90 59 373 261 183 58 
91 62 400 248 192 69 
92 70 415 256 189 70 
93 94 442 278 188 74 
94 86 469 271 222 77 
95 97 497 270 246 77 
96 102 516 277 251 84 
97 107 539 294 273 80 
98 114 597 328 267 87 
99 100 605 337 275 96 
100 112 642 348 299 91 
101 108 667 362 316 95 
102 120 688 396 314 90 
103 140 708 414 317 94 
104 130 756 439 330 101 
105 147 827 460 361 111 
106 147 842 440 360 102 
107 157 873 462 373 108 
108 155 947 514 414 129 
109 164 1014 526 444 133 
110 188 1083 533 490 133 
111 197 1235 562 502 155 
112 216 1320 615 550 152 
113 216 1397 617 596 135 
114 218 1507 633 664 157 
115 227 1587 681 660 168 
116 259 1634 699 706 186 
117 262 1711 743 751 189 
118 278 1793 753 802 221 
119 285 1834 767 821 237 
120 302 1933 787 885 235 
121 331 2048 834 938 238 
122 365 2183 905 1007 258 
123 382 2297 986 1010 279 
124 417 2469 1018 1101 274 
125 458 2576 1100 1125 301 
126 460 2666 1167 1187 323 
127 490 2750 1269 1284 340 
128 505 2952 1391 1342 345 
129 543 3041 1418 1423 351 
130 593 3191 1474 1495 364 
131 629 3341 1554 1590 382 
132 647 3386 1665 1666 419 
133 674 3519 1819 1787 429 
134 731 3675 1932 1891 456 
135 726 3788 1982 1981 451 
136 762 3915 2077 2061 442 
137 766 4125 2170 2174 494 
138 825 4285 2246 2272 516 
139 898 4301 2287 2403 530 
140 944 4375 2394 2549 519 
141 964 4438 2468 2696 570 
142 990 4671 2594 2849 572 
143 1036 4793 2787 3020 594 
144 1086 4903 2876 3165 599 
145 1149 5025 3009 3299 616 
146 1164 5372 3185 3465 656 
147 1155 5554 3293 3645 717 
148 1226 5780 3438 3820 724 
149 1341 6069 3618 3983 746 
150 1372 6289 3821 4227 762 
151 1410 6607 4027 4408 800 
152 1512 6891 4354 4557 842 
153 1586 7286 4597 4781 847 
154 1637 7536 4782 4975 861 
155 1698 7842 5002 5222 886 
156 1791 7984 5230 5436 973 
157 1853 8242 5440 5647 1048 
158 1946 8566 5765 5758 1069 
159 2066 8721 5991 6037 1117 
160 2155 8917 6316 6268 1159 
161 2253 9220 6619 6501 1246 
162 2427 9433 6914 6834 1262 
163 2529 9625 7237 7211 1325 
164 2624 9911 7576 7439 1329 
165 2717 9991 7770 7796 1360 
166 2871 10090 8049 8126 1296 
167 2953 10374 8390 8521 1302 
168 3048 10542 8744 8915 1353 
169 3109 10782 9241 9074 1418 
170 3149 10962 9430 9623 1458 
171 3259 11096 9683 9966 1506 
172 3394 11178 10058 10219 1574 
173 3516 11384 10461 10509 1613 
174 3623 11413 10758 10866 1646 
175 3670 11556 11220 11194 1703 
176 3844 11805 11611 11439 1807 
177 3945 12006 11973 11754 1872 
178 4029 12136 12363 12158 1936 
179 4156 12114 12618 12510 2030 
180 4209 12231 12809 12844 2064 
181 4361 12377 13054 13290 2089 
182 4460 12447 13480 13620 2125 
183 4489 12353 13674 13868 2122 
184 4751 12379 13941 14247 2145 
185 4805 12640 14335 14550 2208 
186 4817 12766 14679 14851 2241 
187 4835 12677 14878 15096 2304 
188 4945 12565 14960 15317 2299 
189 5006 12286 15165 15542 2337 
190 4984 12152 15520 15739 2359 
191 4916 12044 15810 15795 2442 
192 4961 11954 15960 15913 2531 
193 5072 11865 15971 16214 2563 
194 5041 11766 16085 16292 2624 
195 5019 11649 16275 16403 2636 
196 4983 11692 16507 16432 2721 
197 5102 11485 16554 16636 2683 
198 5151 11332 16553 16520 2674 
199 5151 11173 16481 16607 2690 
200 5227 11235 16470 16499 2721 
201 5180 11127 16595 16536 2750 
202 5208 10872 16689 16481 2774 
203 5297 10615 16626 16473 2826 
204 5376 10414 16735 16477 2794 
205 5263 10206 16674 16276 2800 
206 5279 9996 16503 16353 2794 
207 5305 9746 16497 16259 2847 
208 5255 9511 16406 16166 2870 
209 5188 9244 16175 16098 2865 
210 5139 8973 15833 16029 2813 
211 4949 8875 15701 15845 2834 
212 4840 8600 15572 15545 2817 
213 4769 8312 15441 15341 2797 
214 4761 8099 15302 15191 2799 
215 4683 7935 15086 14824 2790 
216 4624 7670 14819 14640 2795 
217 4447 7386 14505 14358 2766 
218 4418 7143 14100 13887 2741 
219 4379 7065 13689 13482 2739 
220 4330 6838 13485 13315 2742 
221 4216 6580 13254 13084 2723 
222 4167 6398 13015 12725 2742 
223 4113 6288 12620 12436 2684 
224 4097 6092 12282 12113 2606 
225 4036 5950 12028 11785 2576 
226 3841 5759 11732 11463 2484 
227 3765 5588 11445 11241 2399 
228 3732 5393 10997 10784 2337 
229 3610 5261 10649 10588 2238 
230 3494 5052 10368 10292 2172 
231 3385 4971 10106 9954 2123 
232 3278 4926 9751 9724 2094 
233 3117 4694 9500 9435 2088 
234 2971 4540 9166 9107 1962 
235 2947 4311 8819 8726 1870 
236 2855 4088 8549 8340 1814 
237 2799 3999 8286 8033 1797 
238 2760 3915 8108 7801 1794 
239 2662 3728 7892 7471 1718 
240 2504 3645 7613 7130 1628 
241 2410 3538 7465 6949 1576 
242 2365 3326 7162 6690 1502 
243 2229 3268 6966 6502 1463 
244 2159 3219 6757 6260 1409 
245 2093 3110 6478 6044 1365 
246 2043 2948 6194 5719 1320 
247 2052 2855 5926 5481 1274 
248 1964 2737 5691 5246 1282 
249 1857 2622 5536 5073 1246 
250 1750 2466 5405 4854 1186 
251 1627 2456 5236 4618 1166 
252 1591 2340 5069 4321 1109 
253 1589 2283 4891 4178 1061 
254 1499 2157 4672 3967 1051 
255 1420 2036 4459 3828 1049 
256 1358 1971 4415 3700 985 
257 1256 1845 4223 3534 949 
258 1196 1756 4120 3448 902 
259 1123 1679 3929 3342 884 
260 1111 1604 3745 3169 821 
261 1095 1507 3622 3018 778 
262 1026 1495 3476 2903 745 
263 962 1443 3309 2902 697 
264 945 1381 3124 2796 658 
265 870 1329 3015 2706 617 
266 885 1258 2897 2598 586 
267 898 1213 2701 2493 593 
268 834 1158 2593 2334 560 
269 768 1092 2514 2193 510 
270 720 1063 2335 2130 487 
271 691 999 2258 2071 440 
272 692 913 2196 2030 440 
273 689 892 2107 1926 410 
274 652 879 2048 1828 391 
275 614 821 1959 1713 401 
276 614 759 1924 1627 412 
277 557 735 1778 1558 410 
278 537 762 1752 1444 368 
279 518 692 1643 1379 366 
280 521 644 1611 1279 343 
281 497 642 1550 1191 340 
282 428 640 1500 1086 311 
283 421 591 1439 1048 302 
284 434 558 1369 979 287 
285 401 574 1331 959 267 
286 395 557 1279 909 224 
287 414 551 1252 899 202 
288 394 517 1238 810 200 
289 371 480 1203 773 201 
290 357 451 1166 750 178 
291 327 472 1146 751 156 
292 297 441 1112 715 139 
293 270 429 1091 669 120 
294 282 400 1012 642 112 
295 239 386 952 588 100 
296 221 375 868 557 90 
297 205 346 812 540 75 
298 187 343 807 520 72 
299 187 345 774 531 63 
300 178 301 740 500 60 
301 178 266 684 464 58 
302 170 265 683 457 65 
303 160 256 678 438 60 
304 173 259 691 408 59 
305 165 249 636 377 70 
306 143 223 592 355 72 
307 140 231 562 332 72 
308 143 225 546 327 59 
309 142 209 525 333 53 
310 129 211 496 338 47 
311 111 201 488 340 51 
312 115 190 473 343 61 
313 117 181 428 332 54 
314 112 183 433 282 51 
315 113 172 418 281 44 
316 94 164 395 262 38 
317 91 157 376 238 40 
318 87 169 357 225 39 
319 91 165 347 239 39 
320 82 172 357 224 36 
321 91 169 323 226 32 
322 96 153 333 204 30 
323 103 128 318 216 34 
324 97 121 295 215 32 
325 91 107 290 214 31 
326 104 95 267 193 32 
327 88 91 245 170 31 
328 76 80 235 162 28 
329 78 83 222 155 30 
330 79 92 198 140 31 
331 79 86 213 135 32 
332 80 82 209 121 33 
333 74 76 201 119 27 
334 67 71 176 125 25 
335 73 71 175 118 25 
336 81 68 178 106 22 
337 72 63 190 108 16 
338 63 51 180 107 16 
339 65 49 174 93 16 
340 65 48 184 95 15 
341 70 38 177 97 16 
342 69 33 180 93 14 
343 75 35 162 91 12 
344 82 35 165 86 7 
345 75 38 160 86 8 
346 71 37 132 90 11 
347 61 37 125 87 17 
348 60 36 134 81 17 
349 56 34 129 77 17 
350 52 30 131 80 15 
351 46 30 131 81 16 
352 44 34 129 77 20 
353 47 27 126 60 16 
354 47 31 124 66 13 
355 37 29 121 67 11 
356 38 29 120 62 16 
357 31 22 134 54 15 
358 32 26 129 44 14 
359 42 32 134 40 13 
360 34 24 127 44 11 
361 33 19 110 49 8 
362 37 15 103 53 8 
363 41 15 88 44 8 
364 34 14 86 40 4 
365 33 12 78 34 3 
366 36 10 83 28 2 
367 34 13 80 28 2 
368 26 12 70 38 2 
369 24 9 74 48 1 
370 30 5 65 46 1 
371 25 4 53 48 1 
372 24 4 49 47 1 
373 30 8 44 39 0 
374 33 8 41 37 0 
375 27 6 33 38 0 
376 22 8 29 30 1 
377 26 12 26 35 1 
378 23 15 22 38 2 
379 22 12 19 38 2 
380 22 10 16 27 2 
381 20 11 18 26 2 
382 18 8 16 28 0 
383 17 8 16 29 0 
384 22 11 14 29 0 
385 21 5 17 24 0 
386 23 7 16 23 1 
387 20 6 15 28 1 
388 16 9 10 24 1 
389 14 9 10 25 1 
390 14 10 11 24 0 
391 8 9 16 25 0 
392 11 9 17 18 0 
393 13 10 16 16 0 
394 14 12 18 16 0 
395 11 12 24 11 0 
396 11 13 19 11 0 
397 9 14 19 19 0 
398 6 14 18 18 0 
399 7 12 18 16 0 
400 8 12 18 15 0 
401 6 10 18 15 0 
402 6 10 20 13 0 
403 6 14 23 12 0 
404 10 14 26 16 0 
405 10 14 29 16 0 
406 13 17 30 14 0 
407 14 15 26 17 0 
408 10 13 28 15 0 
409 6 11 26 18 0 
410 3 11 24 21 0 
411 4 9 22 20 0 
412 2 10 21 22 0 
413 5 7 21 24 0 
414 4 6 15 25 0 
415 4 4 19 24 0 
416 4 7 23 23 0 
417 2 5 19 28 0 
418 4 7 18 27 0 
419 6 7 18 31 0 
420 8 6 15 23 1 
421 8 6 15 25 1 
422 9 8 17 23 0 
423 7 8 19 19 2 
424 6 4 23 20 1 
425 2 4 18 16 1 
426 2 6 17 16 2 
427 2 5 10 14 1 
428 1 4 14 16 0 
429 2 2 15 12 0 
430 5 1 13 10 0 
431 3 1 13 8 0 
432 1 2 15 9 0 
433 1 2 10 6 0 
434 1 1 11 9 0 
435 1 1 9 8 0 
436 0 1 8 10 0 
437 0 1 9 6 0 
438 0 3 8 8 0 
439 1 2 6 7 0 
440 1 3 3 8 0 
441 1 4 6 7 0 
442 1 5 6 8 0 
443 1 4 8 6 0 
444 1 3 9 4 0 
445 1 2 7 6 0 
446 1 2 8 5 0 
447 1 2 6 8 0 
448 0 1 7 7 0 
449 1 0 2 5 0 
450 0 0 1 7 0 
451 0 0 1 6 0 
452 1 0 0 6 0 
453 1 0 0 5 0 
454 1 0 0 5 0 
455 1 0 0 5 0 
456 2 1 1 5 0 
457 2 0 1 6 0 
458 2 0 1 5 0 
459 2 0 0 1 0 
460 1 0 0 0 0 
461 2 0 0 0 0 
462 1 0 0 0 0 
463 0 0 0 0 0 
