1 0 2 0 0 0 
2 0 0 0 0 0 
3 0 1 0 0 0 
4 0 0 0 0 0 
5 0 3 0 0 0 
6 0 5 0 0 0 
7 0 7 0 0 0 
8 0 12 0 0 0 
9 1 8 0 0 0 
10 0 14 0 0 0 
11 0 10 0 0 0 
12 0 5 0 0 0 
13 0 9 0 0 0 
14 0 9 0 0 0 
15 0 11 2 0 0 
16 1 7 4 0 0 
17 0 17 1 0 0 
18 0 14 1 1 0 
19 1 18 0 3 0 
20 3 23 0 1 0 
21 1 22 0 2 0 
22 2 24 0 2 0 
23 0 32 0 3 0 
24 3 23 4 4 0 
25 4 27 1 5 0 
26 3 40 1 3 0 
27 1 43 3 4 0 
28 1 35 3 4 0 
29 7 47 7 3 1 
30 7 66 4 5 0 
31 5 70 5 5 0 
32 5 59 3 4 2 
33 5 75 3 1 1 
34 9 90 13 5 0 
35 7 86 5 9 0 
36 10 97 9 12 0 
37 7 104 8 6 0 
38 12 109 11 4 0 
39 10 95 13 12 0 
40 11 120 18 18 2 
41 12 139 15 21 0 
42 11 131 18 12 1 
43 21 125 23 27 0 
44 12 143 24 21 0 
45 13 156 15 39 0 
46 20 167 17 34 0 
47 22 195 28 28 0 
48 21 171 27 27 0 
49 25 184 20 37 2 
50 20 225 25 43 3 
51 22 210 27 44 6 
52 21 212 29 52 1 
53 21 216 35 43 4 
54 27 251 39 59 8 
55 31 238 25 44 3 
56 38 258 36 68 3 
57 35 255 51 60 3 
58 28 285 42 62 2 
59 34 277 54 53 3 
60 43 319 48 66 5 
61 39 331 51 76 2 
62 53 349 56 95 7 
63 50 376 72 102 9 
64 43 363 89 92 7 
65 62 381 69 109 7 
66 55 381 100 105 7 
67 72 407 111 136 10 
68 77 458 117 147 12 
69 68 478 127 127 13 
70 82 455 136 148 9 
71 100 512 150 145 13 
72 95 529 154 183 15 
73 97 543 164 175 9 
74 105 579 165 212 8 
75 113 634 191 192 15 
76 130 638 178 212 19 
77 130 680 211 230 25 
78 129 704 207 236 28 
79 110 725 229 244 30 
80 150 763 261 262 27 
81 150 773 279 287 36 
82 147 870 273 311 37 
83 172 874 313 350 45 
84 158 994 307 365 38 
85 181 946 363 389 56 
86 188 958 396 412 67 
87 201 1102 462 436 44 
88 200 1112 462 465 53 
89 225 1267 514 461 41 
90 254 1206 500 533 66 
91 253 1293 517 585 58 
92 269 1326 536 590 68 
93 262 1356 564 693 55 
94 294 1522 588 685 51 
95 278 1497 660 711 69 
96 310 1681 646 752 85 
97 295 1642 714 844 89 
98 329 1687 769 830 87 
99 347 1799 805 893 85 
100 386 1874 823 981 111 
101 374 2020 844 1015 130 
102 395 1975 938 1033 147 
103 374 2056 1003 1122 127 
104 457 2172 1026 1143 146 
105 443 2191 1148 1187 148 
106 469 2314 1199 1227 152 
107 477 2320 1210 1302 168 
108 560 2408 1296 1331 145 
109 547 2477 1342 1390 175 
110 578 2543 1452 1445 216 
111 596 2623 1495 1526 242 
112 599 2814 1583 1627 249 
113 638 2823 1699 1665 283 
114 727 2985 1772 1794 312 
115 746 3114 1783 1895 329 
116 763 3170 1858 1971 325 
117 793 3072 1933 2021 351 
118 845 3198 2021 2053 346 
119 846 3233 2117 2068 388 
120 901 3400 2292 2199 387 
121 873 3431 2334 2230 396 
122 947 3572 2438 2437 434 
123 926 3564 2463 2454 433 
124 991 3591 2687 2773 463 
125 984 3732 2743 2769 504 
126 1045 3762 2938 2970 490 
127 1042 3846 2992 3019 558 
128 1081 3928 3166 3224 559 
129 1112 3947 3184 3268 571 
130 1186 3878 3434 3356 565 
131 1276 4075 3496 3473 585 
132 1248 4125 3719 3663 562 
133 1322 4117 3686 3729 674 
134 1293 4143 3894 3841 637 
135 1356 4105 3948 3988 682 
136 1419 4194 4034 3889 658 
137 1463 4096 4157 4079 694 
138 1483 4122 4175 4158 687 
139 1414 4151 4280 4190 720 
140 1464 4189 4309 4188 691 
141 1516 4108 4589 4338 776 
142 1525 4061 4646 4539 782 
143 1588 4070 4759 4559 785 
144 1587 4044 4767 4436 768 
145 1555 4178 4796 4654 806 
146 1618 4111 4955 4807 866 
147 1671 3917 5017 4866 828 
148 1645 3882 5085 4887 824 
149 1724 3846 5005 4944 874 
150 1648 3863 5267 4939 880 
151 1711 3850 5272 5073 890 
152 1654 3826 5182 5139 954 
153 1762 3680 5080 4968 901 
154 1666 3713 5141 5100 891 
155 1676 3732 5313 5139 849 
156 1728 3771 5352 4906 929 
157 1704 3613 5304 5168 910 
158 1667 3595 5349 5151 959 
159 1723 3516 5217 5074 900 
160 1719 3473 5446 5025 932 
161 1722 3435 5436 5147 962 
162 1674 3300 5475 5029 955 
163 1674 3181 5396 4981 942 
164 1612 3019 5388 4992 964 
165 1581 3085 5221 5011 988 
166 1601 2916 5209 4927 961 
167 1603 2922 5162 4894 1019 
168 1617 2788 5195 4790 935 
169 1648 2750 5083 4817 1003 
170 1597 2582 5126 4682 1001 
171 1512 2677 4997 4630 1000 
172 1550 2438 5002 4622 968 
173 1519 2391 4771 4554 992 
174 1521 2395 4868 4447 970 
175 1472 2250 4646 4380 970 
176 1434 2109 4583 4240 916 
177 1333 2104 4341 4362 965 
178 1388 2102 4429 4121 870 
179 1332 1970 4301 4000 954 
180 1311 1887 4198 4023 912 
181 1278 1905 4131 3838 917 
182 1289 1870 4043 3672 870 
183 1203 1746 3820 3623 800 
184 1153 1697 3797 3598 803 
185 1163 1594 3710 3590 825 
186 1140 1554 3582 3540 743 
187 1104 1558 3508 3395 702 
188 1105 1486 3376 3239 703 
189 1106 1379 3281 3192 700 
190 1038 1385 3285 2995 693 
191 1033 1315 3153 2971 666 
192 984 1250 3102 2897 641 
193 931 1216 3118 2762 646 
194 895 1222 2922 2694 604 
195 915 1121 2821 2663 654 
196 941 1059 2704 2599 585 
197 822 1025 2594 2468 594 
198 809 1002 2546 2271 616 
199 746 938 2547 2206 563 
200 780 939 2402 2177 519 
201 817 868 2407 2119 538 
202 737 824 2319 2098 496 
203 741 851 2143 1968 497 
204 716 742 2127 1841 446 
205 654 823 2094 1802 470 
206 614 759 1930 1804 512 
207 651 720 1961 1706 459 
208 669 734 1941 1683 462 
209 587 706 1830 1701 428 
210 573 642 1718 1624 393 
211 580 644 1719 1603 389 
212 514 639 1630 1461 373 
213 481 570 1584 1494 341 
214 481 579 1542 1452 336 
215 463 573 1418 1430 363 
216 453 525 1407 1285 339 
217 441 484 1425 1268 323 
218 418 433 1248 1193 293 
219 371 423 1244 1155 246 
220 361 414 1241 1126 264 
221 362 424 1257 1077 259 
222 355 375 1121 1043 274 
223 314 349 1016 1013 233 
224 336 355 945 967 221 
225 345 359 936 937 193 
226 286 342 898 910 217 
227 238 314 865 871 208 
228 259 300 833 832 199 
229 239 321 817 719 181 
230 276 299 804 738 166 
231 256 262 733 669 172 
232 267 274 726 627 158 
233 204 248 750 627 156 
234 202 231 583 576 147 
235 190 198 582 609 139 
236 196 196 603 592 127 
237 183 200 576 523 121 
238 180 225 551 478 114 
239 182 188 536 488 86 
240 161 185 482 489 92 
241 162 173 517 458 102 
242 147 154 440 447 94 
243 143 156 459 395 93 
244 116 138 437 413 95 
245 144 136 422 445 94 
246 144 147 411 386 88 
247 122 144 394 363 69 
248 121 136 367 360 89 
249 104 135 426 326 66 
250 94 127 390 298 64 
251 101 117 373 295 52 
252 105 121 374 289 67 
253 117 115 373 289 65 
254 88 124 365 263 82 
255 77 95 353 259 74 
256 84 91 327 236 50 
257 101 96 312 212 45 
258 75 86 293 216 48 
259 87 91 259 221 39 
260 100 90 278 223 42 
261 80 76 219 186 42 
262 74 75 244 193 47 
263 63 66 233 158 38 
264 62 67 198 173 31 
265 66 64 217 164 35 
266 70 64 195 140 34 
267 57 65 195 150 42 
268 55 64 185 142 34 
269 38 60 203 146 31 
270 53 45 166 118 38 
271 52 40 146 125 32 
272 39 38 169 119 26 
273 40 33 159 116 29 
274 44 54 129 93 28 
275 43 33 129 103 28 
276 37 27 107 117 31 
277 30 30 132 125 31 
278 38 23 133 95 36 
279 32 30 121 100 23 
280 39 20 110 91 24 
281 46 25 95 89 22 
282 30 19 106 73 24 
283 35 18 79 106 22 
284 33 14 67 76 16 
285 26 18 84 73 22 
286 23 15 69 74 17 
287 15 19 82 82 27 
288 28 15 62 52 12 
289 17 16 62 57 14 
290 27 8 53 71 9 
291 14 10 63 52 8 
292 16 10 53 46 19 
293 13 10 55 42 14 
294 9 6 38 65 19 
295 25 7 49 34 19 
296 6 9 45 45 14 
297 10 11 55 37 20 
298 9 7 55 53 17 
299 14 10 46 33 14 
300 10 11 54 33 10 
301 9 8 45 42 9 
302 12 14 31 25 8 
303 13 9 28 24 6 
304 9 11 35 16 7 
305 9 11 37 25 7 
306 5 13 28 17 6 
307 9 5 29 23 6 
308 8 11 32 21 8 
309 9 5 21 14 7 
310 1 6 29 11 4 
311 1 12 25 14 8 
312 3 6 14 14 6 
313 4 9 25 13 7 
314 1 6 13 14 3 
315 2 9 13 11 3 
316 3 1 20 6 5 
317 5 5 12 12 3 
318 4 3 9 5 3 
319 2 6 10 6 2 
320 1 1 12 4 7 
321 0 3 7 1 1 
322 0 1 8 5 1 
323 3 3 8 6 2 
324 0 2 7 1 1 
325 1 5 6 4 1 
326 1 7 3 1 2 
327 2 4 4 4 2 
328 3 4 4 4 1 
329 2 4 9 6 1 
330 4 4 6 4 0 
331 1 0 9 4 1 
332 1 0 7 2 0 
333 1 1 6 2 1 
334 2 0 6 6 0 
335 1 3 13 6 0 
336 0 0 7 2 1 
337 1 1 5 2 0 
338 1 1 4 5 1 
339 0 0 6 6 1 
340 2 0 5 1 0 
341 1 2 2 3 0 
342 2 4 3 3 0 
343 1 2 1 6 1 
344 1 6 2 3 3 
345 2 5 8 4 1 
346 1 3 3 1 2 
347 0 4 7 4 2 
348 2 3 2 1 0 
349 3 2 8 4 1 
350 5 4 10 4 0 
351 2 1 7 5 2 
352 3 6 4 3 3 
353 2 4 7 2 1 
354 3 1 10 6 1 
355 2 2 7 5 0 
356 0 1 9 1 2 
357 1 1 3 7 1 
358 0 3 10 1 1 
359 1 0 4 2 1 
360 0 0 2 2 0 
361 0 0 6 1 0 
362 1 1 4 0 0 
363 0 0 6 3 0 
364 0 0 5 1 0 
365 1 1 4 1 0 
366 0 0 2 4 0 
367 0 0 2 5 0 
368 0 0 5 2 0 
369 0 1 3 0 0 
370 0 0 5 1 0 
371 0 0 0 1 0 
372 0 0 3 2 0 
373 0 0 1 1 0 
374 1 0 2 3 0 
375 0 0 2 1 0 
376 0 0 2 1 0 
377 0 0 0 0 0 
378 0 0 0 0 0 
379 0 0 0 1 0 
380 0 0 0 1 0 
381 0 0 0 0 0 
382 2 0 1 2 0 
383 1 0 2 1 0 
384 0 0 2 2 0 
385 0 0 0 0 0 
386 1 0 0 2 0 
387 1 0 0 0 0 
388 0 1 0 0 0 
389 0 0 2 0 0 
390 0 0 2 0 0 
391 0 1 1 0 0 
392 0 1 2 0 0 
393 0 0 2 0 0 
394 1 0 1 0 0 
395 1 0 2 0 0 
396 0 1 0 0 0 
397 1 0 1 0 0 
398 1 0 1 2 0 
399 0 0 0 0 0 
400 1 0 2 0 0 
401 0 0 0 0 0 
402 0 0 0 0 0 
403 0 0 1 0 0 
404 0 0 2 0 0 
405 0 0 1 0 0 
406 0 0 1 0 0 
407 0 0 0 0 0 
