1 0 6 0 0 0 
2 0 7 0 0 0 
3 0 7 1 0 0 
4 0 5 2 0 0 
5 0 4 1 0 0 
6 0 6 2 0 0 
7 0 4 4 0 0 
8 0 6 3 0 0 
9 0 5 2 0 0 
10 0 5 3 0 0 
11 0 8 3 0 0 
12 0 10 3 0 0 
13 0 14 4 0 0 
14 0 18 3 0 0 
15 1 21 2 0 0 
16 1 29 2 0 0 
17 1 30 5 0 0 
18 2 29 6 1 1 
19 1 34 8 0 0 
20 0 40 10 0 0 
21 0 37 12 0 2 
22 1 40 14 0 3 
23 0 33 13 0 2 
24 0 33 18 0 0 
25 3 33 15 0 0 
26 5 30 21 1 0 
27 7 34 19 0 0 
28 7 31 28 1 0 
29 7 31 27 0 0 
30 6 29 29 1 1 
31 5 37 34 2 0 
32 6 40 38 1 0 
33 7 42 35 3 0 
34 7 47 37 2 0 
35 10 46 52 4 1 
36 11 52 54 8 1 
37 10 43 44 10 1 
38 10 42 42 11 1 
39 8 48 39 9 1 
40 7 51 37 4 1 
41 7 53 37 7 2 
42 10 49 39 8 2 
43 14 52 43 12 3 
44 14 48 46 10 3 
45 22 56 57 16 1 
46 19 53 61 22 0 
47 24 59 63 21 0 
48 25 68 57 28 0 
49 23 69 58 26 0 
50 19 71 60 31 0 
51 19 70 70 32 1 
52 25 78 52 30 2 
53 24 73 49 25 2 
54 23 82 56 25 1 
55 23 89 56 30 1 
56 20 86 48 32 3 
57 16 91 51 37 3 
58 17 96 49 44 4 
59 19 103 52 44 3 
60 18 100 67 55 2 
61 18 101 65 46 2 
62 18 101 69 50 3 
63 20 90 80 52 4 
64 19 101 85 53 3 
65 19 112 82 47 3 
66 21 110 84 47 5 
67 20 116 80 62 12 
68 24 121 74 73 10 
69 24 136 86 68 12 
70 30 156 85 71 10 
71 27 150 83 82 11 
72 36 169 90 100 13 
73 41 180 83 115 11 
74 49 196 97 107 13 
75 57 214 110 106 16 
76 56 229 109 101 18 
77 50 237 103 104 21 
78 54 251 100 102 19 
79 50 261 131 108 21 
80 54 282 143 104 27 
81 68 308 137 111 23 
82 77 307 141 116 25 
83 74 354 159 114 31 
84 56 361 201 125 33 
85 63 384 199 153 40 
86 59 381 225 173 37 
87 62 442 232 183 36 
88 65 487 250 187 36 
89 80 516 273 202 39 
90 80 551 311 235 43 
91 89 585 339 231 38 
92 88 585 341 224 42 
93 100 657 343 261 43 
94 100 689 353 282 43 
95 112 723 374 322 49 
96 130 763 401 341 52 
97 127 802 416 351 45 
98 125 812 425 392 44 
99 161 861 433 399 36 
100 171 880 479 433 43 
101 185 929 500 435 35 
102 205 950 524 456 31 
103 228 1020 535 505 38 
104 222 1011 568 579 44 
105 256 1048 567 584 49 
106 262 1100 582 651 55 
107 261 1150 624 690 51 
108 307 1255 677 750 70 
109 336 1311 753 788 86 
110 336 1396 791 874 92 
111 347 1500 802 962 98 
112 358 1552 837 1030 106 
113 384 1628 890 1076 109 
114 403 1680 922 1143 105 
115 432 1758 977 1179 108 
116 450 1800 1055 1228 106 
117 462 1873 1122 1321 122 
118 493 1996 1206 1426 127 
119 506 2069 1257 1510 139 
120 541 2192 1314 1571 129 
121 575 2242 1394 1641 144 
122 606 2342 1501 1704 146 
123 621 2490 1587 1773 153 
124 621 2719 1650 1861 179 
125 655 2931 1709 1932 198 
126 688 3023 1783 2034 216 
127 724 3063 1813 2139 227 
128 758 3186 1893 2241 241 
129 812 3354 2042 2303 273 
130 851 3550 2143 2398 303 
131 892 3772 2160 2544 301 
132 908 3930 2301 2638 331 
133 950 4138 2379 2726 354 
134 1001 4276 2553 2909 372 
135 1045 4525 2640 3108 392 
136 1087 4566 2788 3239 400 
137 1140 4810 2977 3346 384 
138 1182 4946 3192 3510 420 
139 1251 5133 3293 3648 437 
140 1326 5390 3511 3845 477 
141 1387 5691 3742 4103 483 
142 1439 5976 3995 4333 531 
143 1482 6110 4102 4530 547 
144 1512 6276 4263 4772 610 
145 1615 6611 4504 4953 633 
146 1712 6813 4698 5315 692 
147 1788 7154 4941 5492 760 
148 1866 7282 5167 5848 788 
149 1924 7440 5383 6148 797 
150 2016 7809 5548 6440 822 
151 2076 8035 5673 6670 887 
152 2085 8318 5847 6896 921 
153 2172 8570 6017 7227 971 
154 2253 8846 6275 7523 992 
155 2253 9235 6658 7759 1080 
156 2381 9433 7000 8064 1118 
157 2498 9547 7254 8367 1146 
158 2554 9907 7458 8555 1181 
159 2682 10090 7790 8879 1239 
160 2813 10310 8095 9306 1310 
161 2887 10383 8374 9690 1348 
162 2882 10766 8725 9978 1390 
163 2986 11068 8973 10264 1422 
164 3004 11175 9227 10519 1466 
165 3207 11274 9443 10767 1522 
166 3392 11593 9821 11209 1644 
167 3433 11750 10259 11531 1683 
168 3578 11781 10848 11886 1761 
169 3709 12055 11238 12370 1819 
170 3760 12216 11566 12647 1873 
171 3948 12351 11723 13144 2003 
172 4044 12523 11958 13333 2132 
173 4007 12555 12262 13452 2247 
174 4059 12648 12407 13698 2327 
175 4224 12795 12739 14085 2316 
176 4386 12813 12971 14299 2349 
177 4338 13090 13166 14502 2406 
178 4361 13029 13388 14643 2472 
179 4552 12990 13759 14885 2517 
180 4698 12838 14125 15209 2553 
181 4747 12815 14387 15240 2584 
182 4837 12680 14630 15368 2657 
183 4929 12709 14915 15394 2789 
184 4948 12600 15008 15538 2831 
185 4977 12696 15140 15583 2904 
186 5040 12647 15391 15583 2884 
187 5057 12710 15527 15635 3014 
188 5105 12427 15761 15481 2983 
189 5082 12350 15813 15636 2972 
190 5094 12213 15870 15774 2952 
191 5176 12026 15945 15800 2952 
192 5238 11798 16112 15737 2973 
193 5186 11659 16072 15738 2946 
194 5142 11588 15969 15764 2885 
195 5146 11402 15858 15654 2889 
196 4979 11005 15606 15891 2839 
197 5031 10905 15527 15783 2835 
198 4966 10788 15510 15789 2797 
199 5045 10676 15432 15575 2837 
200 4970 10455 15436 15363 2800 
201 4891 10277 15157 15208 2843 
202 4915 9946 15247 14943 2806 
203 4854 9790 15019 14784 2799 
204 4872 9588 14970 14400 2784 
205 4688 9285 14890 14294 2755 
206 4597 9074 14750 14239 2781 
207 4571 8811 14596 13859 2720 
208 4459 8541 14379 13750 2691 
209 4410 8169 14312 13536 2735 
210 4375 8031 13893 13233 2663 
211 4317 7802 13594 12900 2580 
212 4283 7561 13264 12797 2540 
213 4132 7323 13080 12436 2465 
214 4021 7068 12956 12224 2464 
215 3933 6883 12703 12104 2406 
216 3875 6620 12323 11730 2409 
217 3838 6372 12049 11426 2351 
218 3759 6129 11708 11065 2257 
219 3591 5850 11440 10673 2190 
220 3464 5607 11328 10371 2135 
221 3369 5551 11189 9965 2039 
222 3237 5446 10928 9767 2011 
223 3154 5392 10585 9334 1992 
224 3150 5170 10360 9186 1936 
225 3126 5033 10074 9026 1926 
226 3000 4891 9870 8770 1950 
227 2939 4651 9588 8574 1879 
228 2807 4466 9310 8305 1825 
229 2781 4275 9049 7887 1816 
230 2676 4074 8845 7584 1743 
231 2555 3844 8627 7314 1693 
232 2470 3630 8184 7002 1646 
233 2391 3469 7917 6770 1647 
234 2279 3395 7687 6605 1614 
235 2238 3327 7480 6389 1533 
236 2204 3170 7311 6264 1454 
237 2105 3104 7041 5999 1397 
238 2006 2979 6845 5831 1363 
239 1984 2856 6598 5649 1335 
240 1964 2820 6330 5485 1288 
241 1862 2721 6127 5215 1238 
242 1845 2622 5872 5143 1186 
243 1821 2488 5706 5061 1162 
244 1755 2427 5571 4857 1124 
245 1678 2363 5401 4713 1110 
246 1594 2323 5173 4426 1087 
247 1534 2199 5088 4342 1008 
248 1517 2103 4800 4242 942 
249 1519 2038 4623 4030 915 
250 1470 1931 4503 3894 896 
251 1394 1856 4392 3754 871 
252 1305 1780 4121 3590 833 
253 1243 1686 3854 3461 809 
254 1221 1642 3712 3301 789 
255 1177 1593 3575 3194 746 
256 1053 1561 3402 3011 682 
257 978 1516 3306 2887 664 
258 972 1468 3137 2751 654 
259 949 1338 3065 2668 646 
260 904 1295 2960 2581 628 
261 843 1202 2859 2457 617 
262 772 1134 2782 2361 591 
263 749 1094 2694 2331 578 
264 741 1023 2616 2192 538 
265 732 938 2483 2062 532 
266 715 923 2433 1990 487 
267 707 922 2313 1867 488 
268 660 862 2220 1782 481 
269 600 823 2165 1668 470 
270 611 820 2062 1537 463 
271 591 786 2017 1469 473 
272 566 759 1934 1445 459 
273 563 723 1822 1323 435 
274 541 706 1705 1308 400 
275 535 694 1656 1283 376 
276 526 663 1628 1276 357 
277 497 633 1538 1212 355 
278 453 575 1483 1188 340 
279 421 560 1386 1122 316 
280 441 539 1330 1037 307 
281 443 551 1298 971 298 
282 425 502 1208 919 284 
283 413 480 1199 909 285 
284 383 455 1113 870 267 
285 340 433 1069 877 238 
286 319 388 1023 872 242 
287 312 384 978 860 226 
288 319 363 953 804 198 
289 300 341 892 776 190 
290 299 328 853 741 186 
291 276 316 860 709 184 
292 259 304 839 686 165 
293 250 303 840 625 162 
294 231 303 798 591 168 
295 219 263 788 552 151 
296 198 258 776 541 143 
297 197 256 758 528 136 
298 206 245 708 532 146 
299 208 214 674 473 126 
300 177 206 648 455 127 
301 172 190 557 422 132 
302 171 186 506 392 129 
303 163 196 471 383 126 
304 154 180 437 386 124 
305 161 167 435 369 110 
306 163 156 415 371 99 
307 155 145 369 343 91 
308 141 142 359 303 80 
309 125 128 363 295 70 
310 112 133 315 295 59 
311 101 134 304 292 53 
312 102 149 286 283 47 
313 113 143 274 278 50 
314 116 127 241 263 42 
315 86 112 230 253 38 
316 92 109 193 249 34 
317 87 92 172 246 29 
318 80 95 157 217 33 
319 68 89 165 213 35 
320 69 93 153 207 38 
321 70 81 153 201 31 
322 60 90 146 188 31 
323 61 75 145 183 35 
324 52 72 133 175 28 
325 49 67 133 175 31 
326 45 58 132 171 23 
327 44 59 135 148 28 
328 30 51 136 139 20 
329 33 50 147 144 14 
330 34 37 150 131 12 
331 35 34 139 130 12 
332 33 28 140 114 10 
333 30 25 139 112 6 
334 29 23 134 108 4 
335 25 24 126 102 6 
336 24 24 115 99 8 
337 26 18 110 92 8 
338 28 14 108 90 8 
339 27 12 93 80 8 
340 26 14 101 76 6 
341 25 19 97 76 7 
342 26 21 98 71 10 
343 21 19 96 68 8 
344 15 15 92 58 7 
345 16 16 86 50 6 
346 12 16 80 51 4 
347 15 11 80 42 5 
348 12 12 78 38 3 
349 14 15 75 33 2 
350 15 19 61 30 2 
351 14 19 55 24 3 
352 11 15 50 22 0 
353 9 17 48 17 0 
354 9 17 43 17 1 
355 12 12 36 12 2 
356 11 16 34 14 2 
357 9 22 31 18 2 
358 10 25 32 19 1 
359 8 23 34 17 1 
360 5 22 26 16 2 
361 7 23 23 12 1 
362 7 23 20 11 0 
363 7 22 15 10 0 
364 3 22 12 8 0 
365 4 19 16 8 1 
366 3 14 15 11 1 
367 3 14 9 5 1 
368 4 14 6 5 0 
369 2 9 7 2 0 
370 2 9 6 1 0 
371 2 6 4 2 0 
372 1 5 2 4 0 
373 2 5 1 4 0 
374 2 3 1 4 0 
375 2 3 2 5 0 
376 3 4 1 8 0 
377 3 3 1 7 0 
378 2 3 1 7 0 
379 2 4 0 4 0 
380 3 3 0 3 0 
381 6 3 0 3 0 
382 5 2 0 2 0 
383 2 4 0 4 0 
384 2 1 0 2 0 
385 2 0 0 1 0 
386 2 0 0 1 0 
387 2 0 0 0 0 
388 4 0 0 0 0 
389 5 0 0 1 0 
390 4 0 1 2 0 
391 5 0 2 1 0 
392 5 0 1 1 0 
393 5 0 0 1 0 
394 8 1 1 2 0 
395 9 1 2 3 0 
396 6 1 2 3 0 
397 7 1 3 4 0 
398 5 1 4 0 0 
399 6 0 4 0 0 
400 3 0 3 0 0 
401 3 0 4 0 0 
402 4 0 5 1 0 
403 4 0 6 3 0 
404 3 0 6 3 0 
405 3 0 7 5 0 
406 2 0 12 4 0 
407 2 0 9 3 0 
408 1 0 9 4 0 
409 0 0 12 3 0 
410 0 0 8 4 0 
411 1 0 7 5 0 
412 1 0 10 5 0 
413 1 0 7 4 0 
414 1 0 6 7 0 
415 1 0 5 8 0 
416 1 0 5 5 0 
417 2 1 7 7 0 
418 1 1 8 4 1 
419 1 0 7 3 1 
420 1 0 6 4 1 
421 1 0 7 4 1 
422 2 0 7 3 1 
423 1 0 10 2 2 
424 2 0 16 2 1 
425 2 0 16 2 1 
426 3 0 14 0 1 
427 3 0 13 0 0 
428 2 0 13 1 0 
429 0 0 14 1 0 
430 0 0 10 1 0 
431 0 0 8 1 0 
432 0 0 5 1 0 
433 0 0 4 1 0 
434 0 0 3 1 0 
435 0 0 2 0 0 
436 0 0 2 0 0 
437 0 0 3 0 0 
438 0 0 3 0 0 
439 0 0 0 0 0 
