1 0 4 0 0 0 
2 0 3 0 0 1 
3 0 2 0 0 0 
4 0 3 0 0 0 
5 0 4 0 0 0 
6 0 1 0 0 0 
7 0 1 0 0 0 
8 0 1 0 0 0 
9 0 2 0 0 0 
10 0 3 0 0 0 
11 0 2 0 0 0 
12 0 8 1 0 0 
13 0 4 0 0 0 
14 0 7 0 0 0 
15 0 5 0 0 0 
16 0 2 1 0 0 
17 0 9 0 0 0 
18 0 5 1 0 0 
19 0 11 0 0 0 
20 2 14 0 1 0 
21 2 17 1 2 0 
22 2 10 3 1 0 
23 4 6 0 4 0 
24 3 11 0 5 0 
25 1 8 3 1 0 
26 2 9 0 0 0 
27 1 7 6 2 0 
28 2 11 9 2 0 
29 3 11 3 1 0 
30 0 14 7 5 0 
31 1 17 5 2 3 
32 4 7 8 3 0 
33 0 15 15 5 1 
34 1 16 8 6 0 
35 7 7 12 10 0 
36 2 7 13 8 0 
37 5 11 14 6 0 
38 7 15 12 6 0 
39 2 17 5 10 0 
40 1 15 5 10 0 
41 4 25 5 6 3 
42 7 13 6 10 1 
43 1 18 6 13 1 
44 5 15 11 6 3 
45 3 22 4 6 0 
46 6 20 11 12 2 
47 2 21 8 12 0 
48 7 22 13 11 0 
49 8 22 16 12 0 
50 9 23 11 10 1 
51 9 23 18 15 0 
52 9 31 10 15 0 
53 3 20 20 20 0 
54 5 32 22 27 0 
55 11 29 19 18 1 
56 9 35 16 23 1 
57 2 33 21 32 2 
58 7 37 19 26 6 
59 7 40 18 36 0 
60 8 26 29 23 5 
61 5 41 19 31 0 
62 14 49 27 49 0 
63 9 43 34 44 1 
64 19 46 29 45 1 
65 12 45 29 51 1 
66 20 76 35 34 3 
67 15 67 38 36 0 
68 15 64 32 42 2 
69 14 67 40 46 0 
70 32 69 44 58 1 
71 18 60 50 56 0 
72 26 55 50 69 2 
73 23 59 50 66 2 
74 28 72 47 73 1 
75 20 101 65 68 0 
76 22 105 71 64 1 
77 32 111 55 91 0 
78 38 103 65 76 2 
79 34 113 65 86 0 
80 41 114 65 92 1 
81 34 118 71 102 6 
82 38 144 63 106 3 
83 36 147 72 87 1 
84 49 158 91 112 4 
85 37 164 94 138 5 
86 42 179 98 146 11 
87 41 189 95 128 8 
88 57 182 102 148 5 
89 44 198 110 129 3 
90 61 202 119 153 11 
91 36 238 96 193 11 
92 37 226 115 181 10 
93 59 227 134 185 12 
94 51 260 146 192 14 
95 46 262 160 215 16 
96 63 295 165 221 11 
97 64 335 178 232 13 
98 82 371 196 253 16 
99 86 335 208 229 13 
100 93 360 192 254 23 
101 84 363 222 280 25 
102 83 368 238 306 22 
103 94 405 232 309 28 
104 105 423 273 334 31 
105 91 484 278 344 34 
106 106 491 281 346 41 
107 107 508 307 359 27 
108 108 498 307 354 37 
109 120 518 353 367 37 
110 119 564 351 339 41 
111 116 568 363 391 49 
112 137 602 362 397 53 
113 149 587 372 396 56 
114 152 639 381 417 56 
115 130 680 465 461 50 
116 160 666 394 451 50 
117 178 708 459 510 53 
118 194 758 497 519 57 
119 184 825 542 521 58 
120 186 853 531 557 57 
121 179 831 503 607 49 
122 211 903 599 640 72 
123 229 895 624 684 69 
124 218 966 657 695 89 
125 216 982 682 747 88 
126 258 1100 724 714 80 
127 266 1060 706 832 92 
128 279 1129 773 832 119 
129 273 1189 770 886 119 
130 287 1176 841 963 119 
131 269 1245 909 933 142 
132 340 1344 944 1042 149 
133 346 1410 991 1122 147 
134 400 1411 1023 1131 153 
135 394 1539 1148 1189 187 
136 412 1600 1171 1189 218 
137 381 1640 1312 1212 210 
138 407 1744 1357 1232 225 
139 438 1827 1428 1351 265 
140 470 1926 1414 1485 270 
141 509 1950 1437 1435 264 
142 534 2014 1526 1534 279 
143 572 2110 1610 1531 255 
144 582 2067 1619 1598 293 
145 615 2170 1785 1744 301 
146 595 2278 1754 1849 328 
147 615 2342 1848 1890 346 
148 655 2385 1917 2015 355 
149 713 2525 2021 2078 337 
150 691 2598 2148 2091 362 
151 811 2588 2084 2216 420 
152 751 2844 2247 2232 407 
153 790 2907 2286 2341 428 
154 848 2982 2384 2489 455 
155 863 3038 2510 2571 467 
156 930 3065 2489 2525 481 
157 958 3163 2688 2642 490 
158 953 3261 2844 2768 479 
159 1017 3300 2804 2956 511 
160 1006 3363 2969 2977 534 
161 1052 3452 3173 3054 548 
162 1085 3539 3152 3243 542 
163 1076 3654 3269 3287 593 
164 1163 3756 3432 3326 616 
165 1105 3658 3405 3454 650 
166 1213 3802 3636 3525 674 
167 1180 3805 3686 3647 671 
168 1228 3984 3793 3839 722 
169 1281 4023 3798 3915 723 
170 1306 3958 3984 3914 740 
171 1401 3990 4034 4050 757 
172 1438 4106 4121 4040 748 
173 1438 4119 4207 4271 778 
174 1494 4199 4266 4259 843 
175 1506 4182 4489 4412 854 
176 1530 4133 4421 4612 929 
177 1505 4253 4599 4493 867 
178 1672 4249 4734 4655 904 
179 1592 4107 4843 4651 857 
180 1585 4220 4823 4679 893 
181 1643 4199 4862 4632 910 
182 1593 4246 5015 5008 968 
183 1681 4071 5062 4850 937 
184 1623 4204 5044 4856 933 
185 1708 4076 4993 4891 959 
186 1660 4031 5033 4921 958 
187 1644 4176 5074 5007 932 
188 1691 3993 5143 4936 949 
189 1693 4106 5087 5039 1046 
190 1768 4026 5121 5034 911 
191 1715 3879 5120 4982 1009 
192 1678 3808 5131 5039 991 
193 1743 3725 5205 4878 1034 
194 1639 3611 4992 4926 986 
195 1644 3543 5111 5047 998 
196 1601 3458 5135 4975 1018 
197 1669 3512 5060 4905 1011 
198 1594 3470 5017 4821 995 
199 1635 3288 5025 4736 981 
200 1638 3286 4999 4680 1029 
201 1589 3198 4907 4705 1002 
202 1561 3089 4838 4673 919 
203 1651 3081 4795 4609 952 
204 1497 2969 4763 4509 953 
205 1536 2899 4727 4446 924 
206 1558 2829 4456 4326 924 
207 1403 2727 4479 4337 924 
208 1471 2671 4376 4301 938 
209 1493 2697 4266 4290 886 
210 1481 2481 4315 4130 878 
211 1385 2526 4238 4046 922 
212 1359 2425 4135 4049 866 
213 1443 2250 4130 3925 921 
214 1313 2223 4007 3839 846 
215 1277 2207 3897 3621 855 
216 1308 2147 3840 3592 796 
217 1234 2084 3646 3498 751 
218 1191 1935 3474 3479 777 
219 1169 1890 3518 3411 800 
220 1156 1741 3514 3284 793 
221 1086 1756 3334 3157 697 
222 1114 1710 3372 3125 694 
223 1032 1581 3267 2956 718 
224 1027 1616 3122 2859 688 
225 1019 1517 3046 2760 671 
226 1005 1464 2923 2730 620 
227 1002 1336 2763 2725 658 
228 981 1319 2924 2617 577 
229 936 1289 2717 2501 582 
230 948 1256 2558 2394 559 
231 909 1188 2575 2403 562 
232 848 1178 2482 2303 554 
233 822 1087 2415 2314 496 
234 757 1046 2405 2153 483 
235 773 1002 2355 2167 470 
236 730 938 2215 2084 427 
237 691 920 2216 1947 449 
238 642 899 2060 1858 394 
239 611 872 1995 1802 394 
240 611 861 1977 1755 361 
241 643 778 1881 1687 357 
242 611 758 1774 1629 363 
243 589 749 1783 1660 338 
244 500 673 1712 1494 327 
245 508 620 1620 1506 294 
246 458 662 1525 1443 291 
247 508 606 1526 1416 272 
248 477 574 1462 1406 274 
249 427 560 1426 1302 243 
250 458 590 1373 1168 246 
251 448 520 1305 1177 220 
252 407 534 1281 1057 208 
253 393 549 1242 1064 220 
254 401 482 1110 980 219 
255 379 505 1087 905 183 
256 336 474 1095 900 186 
257 329 402 1067 909 160 
258 329 459 982 835 191 
259 326 466 969 869 168 
260 305 366 933 778 146 
261 263 377 944 750 152 
262 263 356 865 663 161 
263 273 312 844 664 146 
264 268 317 767 679 151 
265 264 298 750 642 121 
266 234 314 734 632 137 
267 246 282 704 559 138 
268 202 252 645 496 128 
269 201 239 572 529 124 
270 202 249 611 490 119 
271 197 219 533 484 104 
272 188 185 516 488 97 
273 160 184 433 465 116 
274 135 190 457 459 100 
275 131 151 411 389 108 
276 133 169 384 378 68 
277 132 138 383 314 80 
278 122 161 391 339 68 
279 117 140 378 289 79 
280 93 152 340 288 58 
281 88 141 325 256 66 
282 91 103 324 256 61 
283 92 113 320 247 56 
284 100 123 280 225 45 
285 106 96 296 240 41 
286 89 112 293 210 43 
287 104 99 259 193 55 
288 70 102 217 197 63 
289 71 119 208 194 56 
290 74 90 229 160 62 
291 70 70 213 183 45 
292 81 52 210 178 38 
293 58 93 226 167 42 
294 66 67 191 143 44 
295 39 68 176 129 29 
296 53 63 151 113 36 
297 54 59 147 102 30 
298 44 47 144 107 26 
299 47 44 116 110 28 
300 41 42 118 115 21 
301 41 44 124 97 21 
302 39 33 102 107 21 
303 36 50 104 97 13 
304 28 34 102 89 20 
305 29 35 79 87 26 
306 32 25 87 89 21 
307 27 39 91 105 23 
308 43 34 81 81 26 
309 32 21 71 69 28 
310 30 24 63 74 19 
311 29 26 71 79 20 
312 16 27 67 55 18 
313 19 29 43 52 20 
314 19 32 48 41 15 
315 19 13 51 53 9 
316 23 24 49 44 20 
317 21 20 41 59 16 
318 20 18 48 52 16 
319 23 18 47 48 16 
320 24 22 49 42 20 
321 17 14 37 35 8 
322 14 12 42 34 11 
323 15 10 35 30 9 
324 14 12 40 50 5 
325 16 11 33 27 9 
326 11 8 39 33 13 
327 13 11 33 33 6 
328 13 8 30 27 6 
329 16 9 36 33 11 
330 10 10 33 23 11 
331 15 11 33 26 8 
332 10 12 36 20 6 
333 6 12 35 29 8 
334 7 12 39 19 4 
335 7 10 34 21 4 
336 10 11 26 24 4 
337 9 13 35 18 3 
338 11 17 22 19 2 
339 3 10 23 18 2 
340 7 10 24 30 0 
341 3 10 25 27 7 
342 7 7 27 24 2 
343 2 11 22 20 2 
344 5 11 22 21 1 
345 4 10 23 16 0 
346 7 6 20 9 0 
347 1 10 21 15 0 
348 4 7 15 16 0 
349 1 6 24 14 1 
350 6 3 14 17 0 
351 2 4 11 11 0 
352 4 2 18 15 0 
353 5 4 32 11 0 
354 4 3 30 4 0 
355 4 2 18 12 0 
356 1 4 23 8 0 
357 4 2 15 8 1 
358 2 3 16 6 1 
359 1 0 19 7 0 
360 1 4 19 4 1 
361 4 0 22 4 0 
362 1 3 17 7 2 
363 2 2 11 5 0 
364 1 4 9 4 1 
365 1 2 8 2 0 
366 1 1 4 2 0 
367 1 4 7 3 0 
368 3 3 4 1 0 
369 4 2 3 2 0 
370 0 1 6 4 1 
371 1 1 3 4 0 
372 2 1 3 1 0 
373 0 1 6 0 0 
374 1 0 5 4 0 
375 0 0 0 2 0 
376 0 0 1 1 0 
377 0 0 1 2 0 
378 1 0 2 1 0 
379 0 0 4 1 0 
380 0 0 6 2 0 
381 0 0 4 1 0 
382 0 0 3 2 0 
383 0 0 1 3 0 
384 0 0 5 1 0 
385 1 0 3 0 0 
386 1 0 2 1 0 
387 0 0 3 2 0 
388 0 0 1 3 0 
389 1 0 0 2 0 
390 0 0 2 1 0 
391 0 0 3 0 0 
392 0 0 1 2 0 
393 0 0 2 0 0 
394 0 0 4 0 0 
395 0 0 0 0 0 
396 0 0 1 0 0 
397 0 0 0 0 0 
398 0 0 0 0 0 
399 0 0 0 0 0 
400 0 0 0 0 0 
