1 0 9 0 0 0 
2 0 13 0 0 0 
3 0 15 0 0 0 
4 0 11 0 0 0 
5 0 11 0 0 0 
6 0 17 0 0 0 
7 0 22 0 0 0 
8 0 22 0 0 0 
9 1 14 0 1 0 
10 1 16 0 0 0 
11 1 17 0 0 0 
12 1 17 1 0 0 
13 1 15 0 0 0 
14 0 15 1 0 0 
15 0 17 1 0 0 
16 3 22 2 0 0 
17 2 22 1 0 0 
18 3 28 2 0 0 
19 3 34 2 0 0 
20 3 38 1 0 0 
21 2 40 1 0 0 
22 4 41 0 0 0 
23 9 45 1 0 0 
24 8 53 1 3 0 
25 2 61 2 3 0 
26 3 68 2 8 0 
27 3 76 3 9 0 
28 2 76 3 9 0 
29 1 77 5 8 0 
30 1 78 5 9 0 
31 1 94 4 6 0 
32 4 96 4 9 0 
33 5 87 8 7 0 
34 6 112 9 6 0 
35 6 109 9 8 0 
36 12 117 14 4 0 
37 11 129 14 6 0 
38 13 146 10 7 0 
39 17 158 11 13 0 
40 19 161 11 18 0 
41 20 176 11 18 1 
42 19 180 9 19 2 
43 23 179 14 14 2 
44 18 186 16 11 2 
45 24 206 20 12 2 
46 33 190 27 22 7 
47 31 200 27 27 9 
48 37 189 26 32 6 
49 37 207 29 37 5 
50 35 209 26 35 3 
51 36 227 32 34 1 
52 30 235 43 36 0 
53 34 239 48 46 1 
54 37 241 49 52 1 
55 38 249 49 54 1 
56 43 255 51 61 3 
57 41 279 55 59 2 
58 41 292 55 61 4 
59 45 313 64 66 5 
60 42 332 61 66 5 
61 40 357 76 84 6 
62 36 397 89 85 8 
63 36 407 97 84 10 
64 50 449 101 82 14 
65 51 481 102 94 16 
66 61 484 120 97 18 
67 57 498 125 113 17 
68 56 492 136 126 20 
69 76 491 141 151 19 
70 67 527 146 158 20 
71 70 544 151 169 21 
72 74 582 177 160 27 
73 75 611 193 162 34 
74 81 614 187 188 38 
75 102 687 195 229 29 
76 117 725 204 256 29 
77 141 760 219 263 37 
78 147 800 238 302 36 
79 143 840 239 317 43 
80 142 898 249 321 42 
81 148 952 255 345 45 
82 147 987 258 379 41 
83 151 1059 277 397 49 
84 161 1127 290 419 54 
85 176 1207 301 422 57 
86 187 1271 337 461 66 
87 206 1330 364 493 72 
88 216 1385 377 561 62 
89 236 1541 407 600 65 
90 244 1594 445 625 72 
91 261 1723 474 660 83 
92 282 1810 482 728 87 
93 291 1927 507 729 90 
94 341 2051 540 793 108 
95 354 2154 585 835 117 
96 368 2234 609 867 125 
97 374 2356 659 904 127 
98 399 2488 721 966 124 
99 426 2616 766 989 146 
100 465 2716 821 1042 160 
101 481 2837 912 1138 154 
102 518 3014 931 1187 173 
103 526 3122 962 1260 174 
104 534 3321 1044 1328 164 
105 520 3467 1133 1415 184 
106 556 3563 1203 1502 216 
107 584 3751 1270 1628 230 
108 647 3896 1369 1727 244 
109 690 4131 1417 1825 253 
110 754 4329 1523 1983 277 
111 783 4368 1624 2086 308 
112 807 4555 1672 2205 322 
113 858 4718 1839 2315 340 
114 927 4754 1967 2409 360 
115 978 4916 2086 2557 373 
116 1015 5197 2250 2683 387 
117 1070 5352 2351 2849 384 
118 1099 5552 2438 3047 385 
119 1162 5743 2571 3192 413 
120 1195 5816 2735 3362 416 
121 1247 6035 2912 3507 488 
122 1309 6334 2984 3623 527 
123 1364 6543 3179 3856 559 
124 1426 6734 3470 4116 568 
125 1456 6984 3638 4306 571 
126 1586 7256 3798 4503 539 
127 1620 7438 4009 4657 534 
128 1681 7680 4266 4924 574 
129 1729 7855 4392 5155 576 
130 1803 8095 4554 5321 614 
131 1844 8331 4808 5514 655 
132 1986 8513 4948 5712 732 
133 2063 8703 5131 5891 773 
134 2207 8828 5369 6184 784 
135 2199 9200 5645 6478 810 
136 2219 9609 5909 6681 839 
137 2296 9735 6138 6898 909 
138 2338 9804 6559 7175 989 
139 2394 9865 6807 7450 1005 
140 2442 10083 7087 7629 1083 
141 2497 10367 7406 7923 1162 
142 2587 10479 7711 8222 1205 
143 2752 10624 7959 8506 1261 
144 2774 10872 8212 8869 1266 
145 2872 11073 8471 9259 1337 
146 2994 11172 8888 9624 1429 
147 3055 11294 9354 9929 1515 
148 3089 11376 9582 10221 1559 
149 3240 11425 10091 10487 1629 
150 3352 11507 10306 10663 1667 
151 3572 11495 10470 10933 1631 
152 3552 11517 10767 11319 1724 
153 3711 11514 11238 11540 1749 
154 3753 11582 11495 11975 1823 
155 3773 11572 11818 12357 1961 
156 3844 11526 11998 12638 2110 
157 3977 11442 12348 12947 2245 
158 4101 11529 12543 13144 2228 
159 4085 11528 12720 13397 2269 
160 4175 11755 13012 13810 2250 
161 4196 11674 13181 14018 2261 
162 4348 11597 13360 14125 2269 
163 4408 11378 13789 14420 2279 
164 4454 11437 14121 14490 2316 
165 4475 11267 14496 14760 2400 
166 4634 11089 14642 15052 2490 
167 4735 11089 14871 15274 2565 
168 4803 11009 15102 15520 2597 
169 4868 10884 15294 15519 2596 
170 4914 10791 15487 15783 2602 
171 4921 10733 15651 15701 2621 
172 4926 10570 15884 15869 2654 
173 4889 10209 15779 16042 2716 
174 4863 10088 15984 15952 2689 
175 4841 10001 16252 15820 2780 
176 4754 9949 16308 15611 2756 
177 4740 9721 16414 15538 2764 
178 4677 9660 16249 15518 2815 
179 4584 9578 16133 15354 2831 
180 4616 9488 16073 15138 2822 
181 4613 9277 16163 15089 2832 
182 4605 9112 16019 15179 2850 
183 4493 8846 15857 15207 2878 
184 4499 8555 15837 15007 2852 
185 4445 8353 15737 14883 2783 
186 4444 8161 15528 14909 2753 
187 4414 7908 15246 14885 2727 
188 4502 7780 15051 14697 2672 
189 4416 7589 14701 14590 2614 
190 4293 7422 14550 14393 2682 
191 4281 7140 14383 14288 2725 
192 4269 6884 14256 14097 2647 
193 4269 6752 14149 13941 2700 
194 4154 6529 13984 13523 2656 
195 4080 6261 13716 13314 2583 
196 3999 6107 13303 13120 2553 
197 3945 5915 13065 12839 2518 
198 3910 5700 12750 12581 2524 
199 3842 5519 12521 12277 2522 
200 3672 5389 12340 12036 2484 
201 3601 5360 12167 11772 2414 
202 3567 5010 11875 11474 2392 
203 3512 4858 11606 11055 2282 
204 3414 4715 11308 10748 2275 
205 3334 4622 11153 10398 2250 
206 3290 4441 10844 10057 2186 
207 3144 4261 10509 9684 2066 
208 3034 4131 10256 9441 2012 
209 2955 3977 9855 9127 1968 
210 2954 3923 9518 8822 1848 
211 2900 3864 9122 8474 1880 
212 2843 3741 8993 8264 1833 
213 2667 3557 8636 7993 1754 
214 2635 3490 8303 7800 1712 
215 2546 3340 7911 7460 1659 
216 2534 3327 7547 7124 1578 
217 2535 3183 7339 6805 1481 
218 2379 3085 7058 6620 1486 
219 2291 2964 6824 6345 1471 
220 2190 2812 6684 6048 1424 
221 2070 2708 6499 5847 1327 
222 2026 2667 6241 5606 1335 
223 1951 2680 5926 5375 1256 
224 1842 2559 5731 5181 1243 
225 1853 2503 5501 5072 1206 
226 1780 2419 5286 4896 1128 
227 1679 2361 5078 4803 1110 
228 1628 2307 4894 4625 1082 
229 1569 2208 4692 4537 1023 
230 1558 2172 4490 4370 1001 
231 1458 2030 4299 4223 952 
232 1386 1964 4049 3976 915 
233 1300 1917 3851 3877 887 
234 1286 1857 3687 3713 865 
235 1302 1764 3578 3542 850 
236 1258 1672 3439 3399 851 
237 1230 1611 3294 3331 805 
238 1178 1590 3225 3288 762 
239 1107 1501 3090 3194 714 
240 1032 1429 2964 3060 717 
241 956 1360 2850 2971 703 
242 910 1307 2794 2859 676 
243 867 1258 2755 2708 662 
244 857 1208 2644 2603 621 
245 820 1160 2563 2480 611 
246 800 1151 2427 2372 551 
247 763 1087 2283 2281 544 
248 767 1058 2243 2211 526 
249 739 1011 2082 2031 523 
250 709 935 2028 1939 461 
251 662 878 1960 1893 468 
252 662 852 1857 1856 431 
253 694 836 1823 1789 411 
254 655 797 1785 1693 424 
255 623 746 1691 1612 423 
256 594 711 1597 1513 403 
257 562 643 1501 1475 421 
258 549 631 1462 1421 407 
259 538 608 1420 1402 385 
260 523 576 1338 1333 409 
261 500 579 1271 1253 374 
262 464 557 1255 1207 357 
263 450 523 1202 1169 363 
264 453 500 1199 1093 339 
265 428 473 1203 1073 309 
266 394 454 1136 1038 308 
267 383 438 1032 938 295 
268 350 408 987 893 290 
269 332 397 961 885 274 
270 341 364 910 859 273 
271 337 364 876 826 243 
272 307 327 811 786 250 
273 305 300 763 731 234 
274 278 277 731 710 210 
275 286 271 709 684 208 
276 260 265 682 651 194 
277 262 255 643 631 185 
278 233 250 644 579 176 
279 237 244 630 539 157 
280 214 241 629 502 152 
281 178 221 613 497 156 
282 167 185 590 476 143 
283 153 195 540 445 132 
284 154 171 525 444 113 
285 140 164 538 426 116 
286 143 172 534 408 118 
287 145 179 511 364 110 
288 129 167 445 353 115 
289 128 169 419 309 120 
290 132 158 389 306 111 
291 117 152 349 294 100 
292 94 140 334 279 96 
293 88 129 318 266 100 
294 94 109 328 256 93 
295 105 98 312 243 87 
296 97 76 286 244 97 
297 103 75 276 245 94 
298 93 76 249 241 83 
299 80 76 235 239 74 
300 80 64 236 233 80 
301 73 60 197 221 87 
302 67 59 203 199 89 
303 66 51 190 187 86 
304 76 59 175 190 72 
305 74 69 174 185 66 
306 70 60 177 178 66 
307 78 56 169 165 63 
308 71 52 141 179 65 
309 62 47 134 153 61 
310 45 50 131 141 54 
311 48 46 123 127 58 
312 40 45 128 121 49 
313 32 40 121 114 36 
314 28 40 124 106 35 
315 23 42 126 114 29 
316 30 49 115 110 24 
317 30 36 118 121 24 
318 28 29 122 121 25 
319 27 33 113 121 30 
320 33 35 102 105 29 
321 26 38 102 102 29 
322 30 43 106 101 31 
323 31 45 96 108 20 
324 33 39 86 96 17 
325 30 32 79 89 18 
326 24 35 78 79 20 
327 21 34 75 81 17 
328 26 30 71 70 22 
329 25 27 70 68 24 
330 28 21 65 65 22 
331 31 20 55 54 19 
332 28 19 58 44 15 
333 36 13 61 47 13 
334 33 14 54 48 12 
335 34 12 46 45 17 
336 37 16 45 45 10 
337 36 19 38 42 13 
338 33 21 41 39 16 
339 27 16 43 44 18 
340 25 17 37 40 16 
341 23 20 39 31 17 
342 26 16 49 17 9 
343 26 16 54 10 8 
344 26 18 49 10 6 
345 21 18 43 14 5 
346 20 16 41 15 6 
347 22 10 36 16 6 
348 20 11 36 16 6 
349 24 12 36 17 4 
350 25 7 36 19 2 
351 23 6 36 18 1 
352 18 7 35 25 0 
353 21 6 35 31 0 
354 18 7 37 28 0 
355 17 7 36 27 0 
356 14 4 35 20 2 
357 15 3 31 14 2 
358 12 2 24 10 1 
359 9 5 25 10 0 
360 7 6 33 8 1 
361 8 8 29 10 0 
362 5 8 27 7 0 
363 5 6 18 14 0 
364 5 5 25 15 0 
365 3 4 26 15 0 
366 2 3 27 13 0 
367 2 4 30 12 0 
368 1 2 28 14 0 
369 0 2 30 17 0 
370 0 1 32 10 0 
371 1 2 27 6 0 
372 1 2 27 3 0 
373 3 1 22 3 0 
374 3 1 15 2 0 
375 3 1 9 4 0 
376 3 0 11 3 0 
377 2 0 12 3 0 
378 1 0 13 2 0 
379 1 0 12 2 0 
380 2 0 14 1 0 
381 1 0 11 1 0 
382 1 0 13 1 0 
383 1 0 14 2 0 
384 2 0 11 1 0 
385 3 0 12 1 0 
386 3 0 10 2 0 
387 3 0 11 4 0 
388 3 0 8 5 0 
389 4 0 2 5 0 
390 5 0 0 4 0 
391 4 0 1 3 0 
392 4 0 1 2 0 
393 3 0 2 2 1 
394 2 0 2 1 1 
395 2 0 1 2 0 
396 3 0 1 1 0 
397 2 0 1 2 0 
398 1 0 1 1 0 
399 0 0 1 1 0 
400 0 0 1 0 0 
401 0 0 1 0 0 
402 0 0 1 0 0 
403 0 0 0 0 0 
