1 0 3 0 0 0 
2 0 8 0 0 0 
3 0 2 0 0 0 
4 0 6 0 1 0 
5 0 4 0 1 0 
6 0 8 0 0 0 
7 0 2 0 0 0 
8 1 1 0 0 0 
9 0 4 0 0 0 
10 1 4 0 0 0 
11 1 5 1 0 0 
12 1 5 0 0 0 
13 1 7 1 2 0 
14 1 7 1 0 0 
15 3 2 2 1 0 
16 0 3 2 4 0 
17 0 2 4 1 0 
18 2 1 1 1 0 
19 2 2 1 0 0 
20 1 1 4 1 0 
21 1 5 2 0 0 
22 2 7 2 2 0 
23 0 9 4 1 0 
24 4 3 2 0 0 
25 2 14 4 0 0 
26 0 16 4 0 0 
27 1 14 1 0 0 
28 2 14 3 1 0 
29 6 26 2 0 0 
30 3 21 2 1 0 
31 0 16 4 0 0 
32 3 23 2 1 0 
33 1 34 7 2 0 
34 0 40 6 1 0 
35 2 34 10 3 0 
36 2 31 5 4 1 
37 0 26 4 2 0 
38 2 27 5 1 1 
39 1 24 8 1 3 
40 0 24 9 3 1 
41 4 29 3 4 1 
42 3 30 2 1 0 
43 0 32 4 3 2 
44 5 27 6 4 3 
45 5 32 3 8 7 
46 3 33 5 2 3 
47 4 35 3 8 10 
48 4 27 3 1 6 
49 2 35 7 3 10 
50 5 33 3 2 5 
51 5 41 3 8 8 
52 3 34 5 2 9 
53 6 40 12 5 2 
54 13 44 16 11 5 
55 6 49 10 13 9 
56 11 37 17 8 7 
57 6 55 20 16 6 
58 8 46 15 7 7 
59 16 59 19 11 9 
60 8 56 24 14 5 
61 9 52 28 8 7 
62 8 44 23 17 5 
63 9 56 22 11 11 
64 11 61 20 12 11 
65 9 59 25 16 9 
66 11 63 31 11 12 
67 11 67 32 13 11 
68 11 77 42 22 10 
69 10 78 42 31 15 
70 14 102 41 31 16 
71 14 127 43 23 15 
72 20 126 54 34 27 
73 18 142 53 36 34 
74 8 127 54 51 29 
75 16 130 63 52 24 
76 25 127 60 42 19 
77 19 130 68 70 31 
78 30 166 81 73 26 
79 15 174 71 54 26 
80 21 161 78 82 42 
81 35 168 63 67 26 
82 32 181 77 87 23 
83 42 209 78 88 27 
84 27 194 89 93 36 
85 36 189 73 109 35 
86 38 205 95 95 47 
87 49 244 104 128 32 
88 44 273 106 127 38 
89 65 241 121 139 59 
90 52 253 94 148 54 
91 59 261 118 134 52 
92 54 292 132 147 42 
93 64 331 142 147 56 
94 74 318 158 162 57 
95 66 378 139 170 48 
96 72 379 178 173 48 
97 59 399 169 178 44 
98 65 376 216 200 59 
99 77 436 184 237 60 
100 81 440 208 226 63 
101 84 423 224 212 63 
102 94 456 228 237 42 
103 97 444 254 257 64 
104 85 469 274 250 77 
105 95 497 262 287 71 
106 119 520 270 300 66 
107 101 574 275 322 96 
108 122 667 308 324 67 
109 142 674 287 347 77 
110 146 643 319 367 72 
111 129 726 331 387 89 
112 141 778 382 419 95 
113 161 759 390 408 106 
114 171 804 422 522 93 
115 195 870 436 524 102 
116 213 885 435 564 99 
117 199 910 462 603 128 
118 226 945 504 638 110 
119 235 969 563 685 122 
120 217 979 569 708 119 
121 246 1031 636 751 142 
122 231 1138 645 782 141 
123 250 1161 640 778 145 
124 304 1242 690 843 139 
125 282 1257 780 832 157 
126 286 1325 788 933 192 
127 297 1355 772 951 151 
128 319 1399 862 980 173 
129 331 1415 867 1049 175 
130 313 1487 946 1058 180 
131 347 1502 976 1133 189 
132 407 1538 1021 1220 209 
133 369 1622 1015 1190 230 
134 424 1673 1142 1332 227 
135 434 1800 1124 1353 241 
136 447 1816 1145 1410 270 
137 440 1884 1269 1471 241 
138 484 2002 1276 1616 260 
139 510 2124 1381 1681 268 
140 565 2133 1428 1746 285 
141 603 2231 1529 1760 321 
142 592 2265 1556 1913 304 
143 627 2354 1635 1906 309 
144 659 2409 1606 1916 313 
145 656 2439 1730 2135 328 
146 694 2552 1760 2134 367 
147 718 2591 1795 2284 368 
148 727 2687 1922 2319 381 
149 863 2779 2022 2277 362 
150 749 2807 2030 2431 410 
151 803 2894 2082 2512 438 
152 818 2957 2245 2582 445 
153 811 3006 2394 2676 479 
154 843 3072 2392 2758 531 
155 904 3252 2536 2818 518 
156 958 3189 2547 2921 521 
157 971 3280 2642 3017 599 
158 1018 3387 2845 3098 556 
159 1006 3497 2859 3111 581 
160 1074 3516 3003 3266 601 
161 1079 3561 3018 3225 633 
162 1085 3706 3155 3428 643 
163 1169 3729 3317 3588 656 
164 1198 3821 3324 3654 655 
165 1241 3852 3409 3577 660 
166 1309 3996 3615 3717 673 
167 1343 3988 3649 3820 722 
168 1385 4032 3836 3882 737 
169 1344 4083 3970 3950 749 
170 1359 4035 4033 4042 779 
171 1421 4249 4128 4158 809 
172 1362 4096 4159 4194 786 
173 1474 4066 4339 4265 756 
174 1485 4258 4339 4426 811 
175 1438 4148 4476 4603 805 
176 1483 4106 4531 4595 787 
177 1536 4259 4527 4677 804 
178 1584 4177 4565 4558 853 
179 1526 4226 4618 4778 845 
180 1570 4102 4620 4814 871 
181 1591 4012 4805 4865 935 
182 1583 4002 4866 5003 875 
183 1649 3885 4908 4851 915 
184 1672 3841 5016 4927 936 
185 1587 3850 5076 5048 921 
186 1733 3884 5266 4902 967 
187 1634 3776 5201 4894 939 
188 1590 3827 5203 4959 936 
189 1608 3792 5220 4950 928 
190 1620 3699 5180 5128 931 
191 1637 3669 5246 5078 897 
192 1683 3539 5293 5032 920 
193 1625 3469 5316 5107 949 
194 1633 3391 5318 5047 984 
195 1627 3277 5290 5083 898 
196 1622 3155 5172 4814 919 
197 1632 3211 5192 4863 902 
198 1528 3183 5012 4827 861 
199 1633 3048 5056 4964 867 
200 1630 3032 4868 4770 901 
201 1594 3022 4900 4619 891 
202 1517 2888 4837 4565 900 
203 1565 2706 4885 4558 892 
204 1484 2730 4867 4466 862 
205 1534 2574 4794 4405 875 
206 1433 2552 4660 4415 825 
207 1454 2419 4567 4291 895 
208 1440 2414 4416 4076 765 
209 1439 2237 4389 4133 816 
210 1363 2200 4387 3950 819 
211 1352 2274 4369 3948 837 
212 1314 2271 4254 3810 783 
213 1296 2100 4094 3796 744 
214 1282 2107 4053 3600 765 
215 1192 1959 3874 3544 735 
216 1221 1952 3711 3565 673 
217 1116 1871 3772 3394 758 
218 1068 1850 3651 3401 699 
219 1137 1673 3571 3347 644 
220 1051 1668 3458 3230 600 
221 1059 1602 3362 3102 633 
222 1029 1504 3241 3073 617 
223 1125 1479 3263 2860 612 
224 984 1365 3122 2784 521 
225 934 1313 2996 2668 543 
226 939 1239 2990 2574 566 
227 907 1184 2867 2577 555 
228 893 1107 2743 2429 543 
229 824 1122 2624 2406 552 
230 832 1117 2551 2321 463 
231 772 1067 2429 2265 497 
232 772 1057 2412 2291 481 
233 776 1026 2324 2120 451 
234 717 975 2300 2128 441 
235 718 976 2080 2074 386 
236 686 915 2131 1947 397 
237 636 886 2024 1780 367 
238 600 868 2051 1825 366 
239 639 790 1999 1742 322 
240 579 809 1887 1604 302 
241 553 773 1858 1576 305 
242 625 735 1792 1549 304 
243 560 708 1678 1488 317 
244 497 715 1655 1433 305 
245 558 618 1597 1525 273 
246 492 650 1475 1378 287 
247 522 593 1455 1359 273 
248 478 571 1365 1279 243 
249 429 553 1254 1233 224 
250 501 532 1279 1244 216 
251 396 497 1196 1154 184 
252 379 515 1145 1143 225 
253 378 452 1096 1084 197 
254 340 426 1104 1033 160 
255 398 424 1045 1028 181 
256 309 371 946 943 162 
257 336 400 928 919 147 
258 288 358 900 849 176 
259 292 355 823 834 184 
260 306 360 873 785 165 
261 268 330 812 775 168 
262 267 303 880 653 175 
263 244 276 753 696 144 
264 228 293 748 641 136 
265 209 266 704 623 149 
266 217 250 663 605 127 
267 195 248 644 585 110 
268 200 259 619 528 123 
269 190 209 573 545 132 
270 173 199 570 468 112 
271 202 203 551 451 111 
272 171 194 520 455 93 
273 191 194 502 468 96 
274 153 210 494 425 89 
275 170 198 440 414 91 
276 149 165 432 385 95 
277 144 147 420 359 86 
278 157 154 387 351 94 
279 130 128 371 335 92 
280 155 145 370 322 87 
281 121 153 343 288 73 
282 104 128 345 283 74 
283 115 122 326 279 63 
284 90 110 315 244 68 
285 107 113 311 249 61 
286 86 97 283 235 53 
287 67 113 282 224 51 
288 90 103 282 212 54 
289 83 112 248 217 49 
290 75 82 221 197 43 
291 75 99 199 172 53 
292 59 84 224 194 56 
293 55 96 221 175 45 
294 54 105 186 170 39 
295 58 93 204 154 36 
296 46 85 186 157 42 
297 54 76 182 149 37 
298 40 85 187 140 39 
299 53 88 172 129 24 
300 48 67 141 115 30 
301 47 67 137 115 22 
302 47 63 126 118 37 
303 52 75 138 108 28 
304 30 45 143 106 31 
305 36 66 132 100 34 
306 38 63 114 98 29 
307 37 62 95 98 23 
308 29 47 113 108 16 
309 25 44 101 71 19 
310 25 68 99 73 23 
311 29 54 100 71 21 
312 23 37 83 62 20 
313 20 48 82 68 28 
314 21 41 89 62 19 
315 22 48 79 60 14 
316 26 49 81 49 12 
317 21 41 69 43 14 
318 11 42 75 53 13 
319 15 33 77 47 7 
320 11 35 63 39 8 
321 12 46 42 47 4 
322 11 38 49 40 4 
323 12 23 45 24 7 
324 14 30 53 32 9 
325 8 25 66 30 5 
326 6 22 55 31 6 
327 15 15 43 45 3 
328 11 13 35 29 5 
329 7 17 41 38 7 
330 11 20 38 27 2 
331 8 20 43 25 2 
332 10 13 34 24 5 
333 12 17 29 22 1 
334 8 7 33 19 4 
335 11 16 35 16 2 
336 9 11 30 19 3 
337 14 13 33 15 7 
338 10 16 24 16 1 
339 10 9 25 14 5 
340 7 3 20 17 1 
341 12 10 18 12 2 
342 9 8 25 12 3 
343 7 13 15 12 3 
344 7 12 16 10 4 
345 6 13 18 12 1 
346 11 12 18 19 3 
347 11 13 14 6 5 
348 8 11 15 11 1 
349 6 6 16 10 0 
350 4 6 18 5 3 
351 5 6 9 6 2 
352 3 11 14 9 4 
353 5 7 9 7 1 
354 3 6 12 14 6 
355 6 8 20 6 3 
356 3 7 17 5 2 
357 3 5 17 5 2 
358 0 4 10 6 2 
359 3 6 9 6 1 
360 2 7 17 3 4 
361 2 6 18 10 2 
362 2 5 9 3 2 
363 2 2 6 3 1 
364 5 4 6 0 1 
365 3 5 10 3 1 
366 4 2 6 1 0 
367 2 5 5 5 0 
368 3 3 6 0 1 
369 1 10 6 2 1 
370 4 4 7 2 0 
371 4 6 7 2 0 
372 3 8 3 1 0 
373 4 7 9 2 1 
374 2 2 5 3 0 
375 2 0 4 2 0 
376 3 2 4 2 0 
377 3 4 6 1 0 
378 0 3 6 0 0 
379 1 1 2 0 0 
380 0 3 7 0 0 
381 5 2 1 2 0 
382 0 1 3 1 0 
383 1 3 2 0 0 
384 1 2 2 0 0 
385 0 1 1 0 2 
386 2 4 2 0 0 
387 6 3 1 0 0 
388 0 3 0 0 0 
389 3 0 2 0 0 
390 3 1 4 0 0 
391 2 0 0 0 0 
392 2 0 0 0 0 
393 2 0 1 0 0 
394 2 0 1 0 0 
395 1 1 3 0 1 
396 1 0 1 0 0 
397 2 1 2 0 0 
398 1 0 0 0 0 
399 0 0 2 0 0 
400 1 0 3 0 0 
401 0 0 3 0 0 
402 0 0 1 0 0 
403 0 0 0 0 0 
404 0 0 0 0 0 
405 0 0 0 0 0 
406 3 0 0 0 0 
407 0 0 0 0 0 
408 0 0 0 0 0 
409 0 0 0 1 0 
410 0 0 0 0 0 
411 0 0 0 0 0 
412 0 0 0 0 0 
413 0 0 0 0 0 
414 0 0 0 1 0 
415 0 0 0 0 0 
416 0 0 0 0 0 
417 0 0 0 0 1 
418 0 0 0 0 0 
