1 0 1 0 0 0 
2 0 6 0 0 0 
3 0 6 0 0 0 
4 0 6 0 0 0 
5 2 5 0 0 0 
6 0 3 0 0 0 
7 0 3 0 0 0 
8 1 9 0 0 0 
9 0 13 3 1 0 
10 0 8 2 0 0 
11 0 8 3 0 0 
12 0 15 2 0 0 
13 3 15 2 2 0 
14 2 18 5 3 0 
15 2 10 2 0 1 
16 6 11 2 4 1 
17 1 10 4 2 0 
18 5 13 2 2 0 
19 2 13 7 3 0 
20 3 7 8 4 2 
21 2 7 5 5 1 
22 0 11 7 4 1 
23 2 10 5 6 0 
24 0 7 6 8 0 
25 1 9 2 11 0 
26 2 9 7 6 0 
27 3 11 3 6 0 
28 0 10 1 6 0 
29 1 10 7 7 1 
30 1 11 4 10 1 
31 3 5 3 8 0 
32 3 7 6 10 2 
33 0 11 5 7 2 
34 0 11 4 10 1 
35 3 10 2 21 0 
36 2 5 5 13 0 
37 1 12 2 10 0 
38 2 11 4 7 0 
39 3 16 6 8 0 
40 5 18 5 6 0 
41 9 11 8 9 0 
42 7 9 5 9 0 
43 0 8 5 4 0 
44 1 7 6 9 0 
45 2 11 10 8 0 
46 6 10 6 11 0 
47 2 9 5 12 0 
48 4 9 9 9 0 
49 4 7 6 18 0 
50 3 8 10 7 0 
51 6 13 7 8 0 
52 4 13 11 8 0 
53 6 10 19 15 0 
54 7 11 2 22 0 
55 10 13 12 13 0 
56 5 10 8 9 0 
57 8 21 14 17 0 
58 7 20 15 21 0 
59 5 27 17 22 0 
60 10 32 8 35 0 
61 13 17 14 16 0 
62 5 23 21 16 2 
63 6 35 18 19 4 
64 7 26 20 30 2 
65 7 39 29 38 3 
66 8 35 22 33 1 
67 17 36 22 31 3 
68 14 31 32 37 3 
69 8 40 28 34 5 
70 13 54 35 36 7 
71 12 41 36 32 6 
72 12 43 53 37 4 
73 16 55 44 30 6 
74 13 51 34 33 4 
75 11 73 42 24 5 
76 11 70 39 18 4 
77 14 74 48 22 5 
78 10 74 44 28 14 
79 18 71 43 44 5 
80 11 97 50 57 15 
81 15 102 44 51 12 
82 17 86 65 53 12 
83 18 100 61 46 14 
84 17 93 73 46 14 
85 21 96 81 46 18 
86 20 95 99 69 18 
87 16 130 88 76 18 
88 24 121 111 76 24 
89 25 136 91 61 25 
90 30 150 85 66 21 
91 26 143 85 68 24 
92 31 152 98 72 28 
93 42 164 106 65 22 
94 35 162 92 93 31 
95 39 204 100 93 28 
96 35 181 105 87 27 
97 35 209 112 106 27 
98 40 231 134 83 32 
99 34 202 115 98 39 
100 42 245 124 118 30 
101 30 244 129 116 33 
102 59 254 148 104 32 
103 49 261 134 110 30 
104 51 301 162 116 40 
105 56 313 182 137 41 
106 62 280 136 122 32 
107 53 327 152 133 40 
108 52 359 191 155 53 
109 63 367 193 160 54 
110 71 426 166 196 38 
111 74 512 201 184 68 
112 95 507 238 200 56 
113 74 549 210 208 43 
114 84 581 227 271 72 
115 89 616 245 202 72 
116 123 571 262 253 73 
117 87 613 293 303 71 
118 109 672 268 315 82 
119 95 661 290 286 82 
120 129 731 298 341 75 
121 124 751 307 352 84 
122 146 816 370 392 101 
123 142 844 397 368 97 
124 168 907 368 426 97 
125 187 930 408 413 115 
126 164 970 429 456 129 
127 188 1024 468 534 124 
128 181 1080 553 486 120 
129 213 1111 486 568 126 
130 219 1158 522 543 125 
131 238 1186 586 605 137 
132 245 1190 637 622 153 
133 250 1263 716 648 135 
134 269 1352 713 714 185 
135 253 1353 716 760 140 
136 298 1364 789 748 164 
137 269 1551 750 813 204 
138 329 1511 825 846 189 
139 348 1506 817 918 199 
140 331 1540 888 964 189 
141 352 1541 880 973 216 
142 359 1684 953 1055 205 
143 389 1724 1076 1153 226 
144 410 1771 1039 1122 210 
145 424 1807 1091 1207 222 
146 402 1948 1167 1289 252 
147 427 1967 1169 1354 263 
148 468 2086 1281 1427 256 
149 547 2178 1344 1435 268 
150 486 2249 1396 1554 278 
151 536 2459 1437 1582 290 
152 585 2485 1658 1657 314 
153 631 2665 1662 1773 303 
154 595 2724 1692 1820 299 
155 641 2831 1836 1946 328 
156 666 2793 1903 1936 379 
157 684 2889 1950 2048 384 
158 738 3035 2146 2018 375 
159 809 3049 2119 2213 406 
160 770 3166 2363 2241 403 
161 843 3244 2443 2315 432 
162 912 3218 2548 2491 442 
163 907 3360 2597 2691 466 
164 952 3444 2684 2707 457 
165 1015 3437 2732 2782 477 
166 1099 3424 2912 2901 430 
167 1063 3686 2944 3095 448 
168 1144 3633 3194 3297 507 
169 1101 3738 3360 3246 529 
170 1112 3774 3327 3563 532 
171 1190 3841 3372 3541 538 
172 1222 3837 3576 3679 577 
173 1266 3937 3713 3695 594 
174 1346 3919 3797 3876 583 
175 1297 3909 3987 3974 596 
176 1458 4085 4150 3994 664 
177 1404 4133 4236 4143 678 
178 1442 4171 4450 4249 671 
179 1474 3996 4344 4364 732 
180 1507 4092 4489 4436 701 
181 1579 4201 4514 4695 744 
182 1575 4116 4761 4745 759 
183 1564 4059 4760 4760 715 
184 1714 4078 4892 5030 735 
185 1692 4290 5021 4980 775 
186 1669 4236 5189 5156 784 
187 1714 4150 5112 5179 817 
188 1724 4102 5011 5379 798 
189 1721 4011 5185 5288 782 
190 1675 3985 5388 5385 813 
191 1697 4004 5392 5415 850 
192 1705 3928 5550 5252 874 
193 1791 3961 5452 5570 867 
194 1675 3865 5474 5386 935 
195 1715 3792 5506 5532 898 
196 1688 3776 5603 5459 958 
197 1808 3713 5454 5559 940 
198 1732 3656 5445 5509 882 
199 1745 3621 5439 5507 886 
200 1769 3678 5425 5489 944 
201 1727 3533 5585 5492 934 
202 1785 3481 5519 5429 942 
203 1781 3345 5456 5465 997 
204 1874 3339 5571 5445 959 
205 1782 3274 5496 5294 936 
206 1734 3189 5332 5353 928 
207 1836 3071 5411 5324 958 
208 1754 2993 5356 5324 936 
209 1736 2935 5234 5234 956 
210 1645 2802 5115 5187 930 
211 1572 2837 5103 5069 967 
212 1597 2668 5088 4975 939 
213 1516 2566 5021 4867 921 
214 1563 2519 4901 4855 927 
215 1548 2524 4870 4770 913 
216 1536 2408 4691 4689 906 
217 1420 2269 4665 4583 896 
218 1465 2252 4507 4302 908 
219 1449 2209 4429 4255 902 
220 1387 2119 4344 4211 925 
221 1336 2057 4258 4116 881 
222 1344 1963 4178 3967 924 
223 1325 1992 3868 3911 844 
224 1344 1882 3915 3767 806 
225 1287 1824 3896 3618 791 
226 1169 1747 3650 3582 791 
227 1247 1744 3588 3535 748 
228 1220 1646 3405 3333 730 
229 1124 1663 3326 3319 676 
230 1089 1531 3234 3185 700 
231 1063 1573 3215 3093 636 
232 1073 1581 3079 3048 670 
233 1027 1433 3008 2843 680 
234 972 1377 2811 2758 591 
235 946 1343 2703 2679 581 
236 937 1233 2682 2437 566 
237 903 1218 2534 2500 587 
238 873 1198 2570 2401 576 
239 838 1159 2448 2315 542 
240 733 1089 2389 2152 470 
241 747 1101 2313 2154 491 
242 722 983 2233 2049 456 
243 720 1010 2124 1968 456 
244 686 1001 2089 1908 418 
245 637 920 1965 1840 403 
246 659 863 1910 1714 412 
247 642 843 1811 1647 399 
248 598 818 1733 1565 409 
249 547 776 1682 1496 365 
250 546 703 1595 1474 369 
251 483 774 1592 1372 346 
252 513 725 1579 1264 330 
253 550 718 1515 1232 312 
254 476 624 1383 1177 330 
255 434 585 1277 1167 322 
256 394 621 1366 1167 286 
257 364 575 1254 1063 280 
258 385 530 1247 1002 273 
259 353 491 1182 1014 267 
260 348 466 1102 898 241 
261 346 443 1118 926 245 
262 336 468 1085 880 223 
263 301 454 996 872 195 
264 309 413 921 836 207 
265 258 416 862 819 191 
266 299 352 874 774 180 
267 310 348 779 742 208 
268 262 351 801 679 169 
269 229 302 766 633 140 
270 202 317 656 633 151 
271 205 297 669 629 121 
272 221 240 660 618 142 
273 239 268 637 587 117 
274 181 275 668 533 108 
275 186 234 606 474 125 
276 197 220 578 478 127 
277 166 230 513 471 128 
278 155 251 563 417 91 
279 161 198 472 422 124 
280 181 178 471 361 98 
281 155 187 464 364 107 
282 123 217 439 324 82 
283 133 187 408 330 87 
284 143 163 402 298 74 
285 116 190 395 295 83 
286 110 178 383 280 63 
287 142 169 386 286 59 
288 117 160 366 249 59 
289 109 141 358 240 63 
290 110 138 350 224 47 
291 94 142 343 245 39 
292 91 142 325 217 45 
293 75 121 346 201 36 
294 98 109 295 193 40 
295 75 114 279 163 32 
296 55 117 243 167 25 
297 55 89 238 172 20 
298 54 93 237 161 19 
299 61 107 231 163 17 
300 45 91 227 142 16 
301 57 71 203 134 19 
302 52 81 232 133 22 
303 47 65 211 134 16 
304 57 74 219 123 20 
305 43 66 177 112 24 
306 39 54 160 103 17 
307 39 83 185 89 20 
308 48 67 162 93 18 
309 45 60 164 106 10 
310 41 60 138 106 12 
311 31 52 138 114 15 
312 50 57 140 102 22 
313 35 51 113 100 11 
314 41 54 142 74 17 
315 38 48 128 91 14 
316 25 47 121 73 11 
317 30 48 101 68 12 
318 30 56 101 71 8 
319 32 46 92 81 13 
320 29 51 121 68 10 
321 26 54 94 59 4 
322 29 37 95 55 10 
323 31 26 103 72 13 
324 28 35 80 75 7 
325 31 35 94 60 8 
326 39 30 75 45 10 
327 23 31 67 41 10 
328 16 23 68 49 9 
329 26 30 65 45 10 
330 28 32 50 35 7 
331 24 22 76 35 7 
332 27 21 55 35 11 
333 23 21 62 33 5 
334 22 19 52 49 11 
335 24 23 46 36 6 
336 31 25 60 27 4 
337 17 25 69 33 5 
338 14 12 53 34 4 
339 21 17 46 20 5 
340 23 21 56 30 5 
341 26 9 43 31 4 
342 21 9 57 32 2 
343 29 13 44 22 4 
344 29 8 50 24 1 
345 20 11 51 30 3 
346 18 13 42 33 4 
347 11 13 40 19 9 
348 13 12 48 24 5 
349 16 8 37 31 7 
350 13 8 39 29 4 
351 10 12 35 25 5 
352 14 13 37 25 5 
353 16 8 46 15 6 
354 13 12 37 22 3 
355 4 9 26 20 3 
356 14 10 33 18 6 
357 7 5 47 12 0 
358 10 8 38 13 4 
359 16 13 42 13 2 
360 13 5 23 15 3 
361 8 7 28 13 3 
362 14 5 34 14 2 
363 11 3 22 14 2 
364 11 4 24 11 0 
365 8 5 23 12 2 
366 9 3 25 9 0 
367 14 4 27 8 1 
368 3 3 16 18 0 
369 7 2 28 17 0 
370 8 1 15 14 0 
371 4 2 13 16 0 
372 4 1 13 13 0 
373 9 5 12 12 0 
374 9 2 9 12 0 
375 5 2 11 15 0 
376 5 4 10 9 1 
377 9 6 3 13 0 
378 5 8 5 13 1 
379 5 7 5 8 0 
380 11 1 6 5 0 
381 4 4 6 8 1 
382 2 1 5 7 0 
383 5 2 4 10 0 
384 8 5 4 10 0 
385 4 1 3 4 0 
386 7 3 5 7 1 
387 5 3 4 9 0 
388 2 4 3 6 0 
389 2 3 3 8 0 
390 1 4 5 4 0 
391 6 1 10 8 0 
392 6 3 4 5 0 
393 4 5 4 6 0 
394 6 5 5 3 0 
395 4 4 9 3 0 
396 3 3 6 3 0 
397 3 4 5 12 0 
398 3 3 5 6 0 
399 4 4 7 3 0 
400 4 4 5 5 0 
401 1 4 6 3 0 
402 3 2 8 6 0 
403 4 7 8 4 0 
404 6 6 7 6 0 
405 4 1 9 4 0 
406 4 7 5 5 0 
407 3 3 11 7 0 
408 2 2 13 4 0 
409 0 3 4 5 0 
410 0 3 5 8 0 
411 1 3 8 7 0 
412 0 4 6 6 0 
413 3 2 4 6 0 
414 2 2 5 7 0 
415 1 2 8 7 0 
416 1 4 9 6 0 
417 0 1 6 11 0 
418 2 3 4 5 0 
419 3 1 4 13 0 
420 5 0 2 3 1 
421 5 2 6 13 0 
422 2 2 4 5 0 
423 1 2 6 5 2 
424 1 1 6 7 0 
425 0 1 5 2 0 
426 0 2 4 3 1 
427 1 2 4 5 0 
428 0 1 5 5 0 
429 1 0 2 2 0 
430 3 0 2 3 0 
431 0 0 3 2 0 
432 0 1 9 2 0 
433 1 1 2 0 0 
434 0 0 5 5 0 
435 0 0 5 1 0 
436 0 0 2 4 0 
437 0 0 5 0 0 
438 0 2 3 4 0 
439 1 0 2 2 0 
440 0 1 1 4 0 
441 0 2 3 4 0 
442 0 1 3 1 0 
443 1 0 3 0 0 
444 0 0 3 0 0 
445 1 0 2 4 0 
446 0 0 2 0 0 
447 1 1 0 3 0 
448 0 0 2 2 0 
449 2 0 1 1 0 
450 0 0 0 2 0 
451 0 0 0 0 0 
452 1 0 0 1 0 
453 0 0 0 1 0 
454 0 0 0 1 0 
455 0 0 0 3 0 
456 1 1 1 1 0 
457 0 0 0 2 0 
458 0 0 0 2 0 
459 0 0 0 0 0 
460 0 0 0 0 0 
461 1 0 0 0 0 
462 0 0 0 0 0 
463 0 0 0 0 0 
